0,0,0,0.000172994351288957
0.0333333333333333,-0.00179477301377155,-2.57334363005772e-06,0.000172997340901692
0.0666666666666667,-0.00179471035569263,-1.01208458322722e-05,0.00017300625409983
0.1,-0.00179448499034199,-2.21681383140648e-05,0.000173020926636082
0.133333333333333,-0.00179395234144071,-3.80471317729745e-05,0.000173041093216838
0.166666666666667,-0.00179296408677417,-5.70216547167136e-05,0.000173066399309131
0.2,-0.00179139183867466,-7.83888371527397e-05,0.000173096415921147
0.233333333333333,-0.00178913762637197,-0.000101538670204413,0.000173130655969564
0.266666666666667,-0.00178613410429646,-0.000125975496943902,0.000173168591005472
0.3,-0.00178233937307349,-0.000151314463510049,0.000173209667343671
0.333333333333333,-0.00177773029260584,-0.000177265723175726,0.00017325332110024
0.366666666666667,-0.00177229641207143,-0.000203615127026641,0.000173298991827202
0.4,-0.00176603528494308,-0.000230206066221851,0.000173346134676545
0.433333333333333,-0.00175894919635522,-0.000256924329010138,0.000173394230990476
0.466666666666667,-0.00175104303878653,-0.000283686292775436,0.000173442797332579
0.5,-0.00174232301552009,-0.000310430098516749,0.00017349139290036
0.533333333333333,-0.00173279590068993,-0.000337109222467884,0.000173539625294671
0.566666666666667,-0.00172246864954394,-0.000363687882666252,0.000173587154581573
0.6,-0.00171134822009398,-0.000390137793129998,0.000173633695658817
0.633333333333333,-0.00169944151455533,-0.000416435890360325,0.000173679018917427
0.666666666666667,-0.00168675538410641,-0.000442562749952823,0.000173722949233091
0.7,-0.00167329666338108,-0.000468501488219453,0.00017376536335103
0.733333333333333,-0.00165907221540214,-0.000494237002838171,0.000173806185820557
0.766666666666667,-0.00164408897717235,-0.000519755448476201,0.000173845383586371
0.8,-0.00162835400075064,-0.000545043875706396,0.000173882959444244
0.833333333333333,-0.0016118744882133,-0.000570089982388799,0.000173918944571734
0.866666666666667,-0.00159465782009065,-0.000594881942904681,0.00017395339039803
0.9,-0.00157671157800518,-0.000619408290812785,0.000173986360062387
0.933333333333333,-0.00155804356238373,-0.000643657838305867,0.00017401791972457
0.966666666666667,-0.00153866180611416,-0.000667619621097494,0.000174048129971835
1,-0.00151857458499781,-0.000691282860861239,0.000174077037476122
1.03333333333333,-0.00149779042610788,-0.000714636939392091,0.000174104667678942
1.06666666666667,-0.00147631811384817,-0.000737671381757801,0.000174131018055902
1.1,-0.00145416669519777,-0.000760375844707134,0.000174156053067946
1.13333333333333,-0.00143134548380309,-0.000782740109454268,0.000174179700256728
1.16666666666667,-0.00140786406352794,-0.000804754077270932,0.000174201848096239
1.2,-0.00138373229153974,-0.00082640776721946,0.000174222345670535
1.23333333333333,-0.00135896030107057,-0.000847691315472749,0.000174241003854249
1.26666666666667,-0.00133355850396619,-0.000868594975826462,0.000174257598202791
1.3,-0.00130753759306763,-0.000889109121159752,0.000174271873457685
1.33333333333333,-0.00128090854443118,-0.000909224245688658,0.000174283549379304
1.36666666666667,-0.00125368261939812,-0.000928930967884537,0.000174292328030743
1.4,-0.00122587136649075,-0.00094822003398693,0.000174297901605592
1.43333333333333,-0.00119748662311142,-0.000967082322045913,0.000174299961552453
1.46666666666667,-0.00116854051700518,-0.000985508846458278,0.000174298207888717
1.5,-0.00113904546745503,-0.0010034907629572,0.000174292358818241
1.53333333333333,-0.00110901418616051,-0.00102101937403068,0.000174282160242781
1.56666666666667,-0.00107845967776432,-0.0010380861347376,0.000174267395238725
1.6,-0.00104739523998094,-0.00105468265889572,0.000174247893769742
1.63333333333333,-0.00101583446329349,-0.00107080072561447,0.000174223541258997
1.66666666666667,-0.000983791230173818,-0.00108643228614883,0.000174194285343169
1.7,1.04839133397326e-05,-2.54491347458722e-07,0.000172846051357256
1.73333333333333,1.07687037353073e-05,-3.68811125566491e-07,0.000172840432987412
1.76666666666667,1.10230905408146e-05,-4.62973450823285e-07,0.000172834713318109
1.8,1.1253034914536e-05,-5.41983963333617e-07,0.000172828896230098
1.83333333333333,1.14628598075772e-05,-6.09240657286151e-07,0.000172822984484754
1.86666666666667,1.16558071816377e-05,-6.67149793589785e-07,0.000172816979850551
1.9,1.18343752755384e-05,-7.17473664404988e-07,0.000172810883196802
1.93333333333333,1.20005329278788e-05,-7.61538871439384e-07,0.000172804694569174
1.96666666666667,1.21558613470827e-05,-8.0036713983564e-07,0.000172798413280114
2,1.23016510483991e-05,-8.34760755337228e-07,0.000172792037976831
2.03333333333333,1.24389700548335e-05,-8.65360235346913e-07,0.000172785566725616
2.06666666666667,1.25687130622566e-05,-8.92684363748787e-07,0.000172778997101893
2.1,1.2691637632207e-05,-9.1715866171526e-07,0.000172772326265089
2.13333333333333,1.28083913266082e-05,-9.39136065109824e-07,0.000172765551047531
2.16666666666667,1.29195323958197e-05,-9.58912224825232e-07,0.000172758668051743
2.2,1.30255457795888e-05,-9.76737014920307e-07,0.00017275167373363
2.23333333333333,1.31268556253407e-05,-9.92823313461655e-07,0.000172744564482801
2.26666666666667,1.32238352154326e-05,-1.00735379449201e-06,0.000172737336724347
2.3,1.33168149184146e-05,-1.02048624354455e-06,0.000172729986980118
2.33333333333333,1.34060886046853e-05,-1.03235776092999e-06,0.000172722511961822
2.36666666666667,1.349191889435e-05,-1.0430881221122e-06,0.000172714908626038
2.4,1.35745414537738e-05,-1.05278248450108e-06,0.000172707174251593
2.43333333333333,1.36541685690967e-05,-1.06153358991311e-06,0.000172699306480325
2.46666666666667,1.37309921074128e-05,-1.06942356695828e-06,0.000172691303371233
2.5,1.38051860205788e-05,-1.0765254206153e-06,0.000172683163442492
2.53333333333333,1.38769084500317e-05,-1.08290426888484e-06,0.0001726748856881
2.56666666666667,1.39463035184609e-05,-1.08861837745486e-06,0.000172666469609708
2.6,1.40135028617775e-05,-1.09372003049623e-06,0.000172657915211253
2.63333333333333,1.40786269465425e-05,-1.09825626723066e-06,0.000172649223021406
2.66666666666667,1.41417861997898e-05,-1.10226950676047e-06,0.000172640394083484
2.7,1.42030819977504e-05,-1.10579808539918e-06,0.000172631429943061
2.73333333333333,1.42626075476166e-05,-1.10887672115764e-06,0.000172622332619193
2.76666666666667,1.43204486559432e-05,-1.1115369159e-06,0.000172613104557878
2.8,1.43766844220711e-05,-1.11380730627045e-06,0.00017260374858189
2.83333333333333,1.44313878532979e-05,-1.11571397074249e-06,0.000172594267839081
2.86666666666667,1.44846264227905e-05,-1.11728070013505e-06,0.000172584665727694
2.9,1.45364625764249e-05,-1.1185292367824e-06,0.000172574945844215
2.93333333333333,1.4586954193787e-05,-1.11947948684983e-06,0.000172565111892798
2.96666666666667,1.46361550043427e-05,-1.12014970914185e-06,0.000172555167628177
3,1.46841149874476e-05,-1.1205566848169e-06,0.00017254511677844
3.03333333333333,1.47308807184891e-05,-1.12071586821566e-06,0.000172534962973889
3.06666666666667,1.47764957070877e-05,-1.12064152333648e-06,0.000172524709675876
3.1,1.482100070032e-05,-1.12034684598196e-06,0.000172514360117795
3.13333333333333,1.48644339613492e-05,-1.11984407363239e-06,0.000172503917245194
3.16666666666667,1.49068315364136e-05,-1.11914458481918e-06,0.00017249338366117
3.2,1.49482274940351e-05,-1.11825898813256e-06,0.000172482761579865
3.23333333333333,1.4988654147158e-05,-1.11719720225045e-06,0.000172472052794623
3.26666666666667,1.50281422554819e-05,-1.1159685277321e-06,0.000172461258642757
3.3,1.50667212123476e-05,-1.11458171122976e-06,0.000172450379982948
3.33333333333333,1.51044192113399e-05,-1.11304500258361e-06,0.000172439417187559
3.36666666666667,1.51412633997048e-05,-1.11136620575062e-06,0.000172428370138534
3.4,1.51772800206234e-05,-1.10955272480237e-06,0.0001724172382185
3.43333333333333,1.52124945426864e-05,-1.10761160466725e-06,0.000172406020317197
3.46666666666667,1.52469317598297e-05,-1.10554956428005e-06,0.000172394714867357
3.5,1.52806158730567e-05,-1.10337302431592e-06,0.000172383319863768
3.53333333333333,1.53135705548638e-05,-1.1010881304863e-06,0.00017237183291644
3.56666666666667,1.5345818997194e-05,-1.09870077201314e-06,0.000172360251300335
3.6,1.53773839427284e-05,-1.09621659627357e-06,0.000172348572010487
3.63333333333333,1.54082877019944e-05,-1.09364101970765e-06,0.000172336791828112
3.66666666666667,1.54385521563129e-05,-1.090979235729e-06,0.000172324907379506
3.7,1.54681987487171e-05,-1.08823621970562e-06,0.000172312915215925
3.73333333333333,1.54972484639677e-05,-1.08541673195611e-06,0.000172300811870363
3.76666666666667,1.5525721799288e-05,-1.08252531861515e-06,0.000172288593931702
3.8,1.55536387277273e-05,-1.07956631138915e-06,0.000172276258109172
3.83333333333333,1.55810186553473e-05,-1.07654382603908e-06,0.000172263801293752
3.86666666666667,1.56078803746223e-05,-1.0734617604954e-06,0.000172251220623413
3.9,1.56342420148887e-05,-1.070323792496e-06,0.000172238513523757
3.93333333333333,1.56601209924238e-05,-1.06713337749366e-06,0.000172225677762871
3.96666666666667,1.56855339607382e-05,-1.06389374672084e-06,0.000172212711494525
4,1.57104967635602e-05,-1.06060790609325e-06,0.000172199613277099
4.03333333333333,1.57350243909687e-05,-1.05727863577247e-06,0.000172186382114325
4.06666666666667,1.57591309408455e-05,-1.05390849095683e-06,0.000172173017461144
4.1,1.57828295860559e-05,-1.05049980376517e-06,0.000172159519237188
4.13333333333333,1.58061325490622e-05,-1.04705468658124e-06,0.000172145887822704
4.16666666666667,1.58290510842489e-05,-1.04357503673725e-06,0.000172132124058315
4.2,1.58515954645056e-05,-1.04006254184828e-06,0.000172118229233854
4.23333333333333,1.58737749689159e-05,-1.03651868518363e-06,0.00017210420506834
4.26666666666667,1.58955978909122e-05,-1.03294475448298e-06,0.000172090053682145
4.3,1.59170715647388e-05,-1.02934185435636e-06,0.000172075777570807
4.33333333333333,1.59382024030562e-05,-1.02571092001148e-06,0.000172061379540595
4.36666666666667,1.59589959468755e-05,-1.02205273280296e-06,0.000172046862672376
4.4,1.59794569260278e-05,-1.01836793720919e-06,0.000172032230259456
4.43333333333333,1.59995893304647e-05,-1.01465705909797e-06,0.00017201748574373
4.46666666666667,1.60193964895271e-05,-1.01092052474993e-06,0.000172002632664414
4.5,1.60388811597317e-05,-1.00715868072199e-06,0.000171987674585381
4.53333333333333,1.60580456173985e-05,-1.00337181379267e-06,0.000171972615040891
4.56666666666667,1.60768917568474e-05,-9.9956017114875e-07,0.00017195745746521
4.6,1.60954211900251e-05,-9.95723980030001e-07,0.000171942205145061
4.63333333333333,1.61136353483942e-05,-9.91863467039046e-07,0.000171926861156523
4.66666666666667,1.61315355831111e-05,-9.87978876898729e-07,0.00017191142831252
4.7,1.61491232635997e-05,-9.84070490391092e-07,0.000171895909120468
4.73333333333333,1.61663998717064e-05,-9.80138640079575e-07,0.000171880305737208
4.76666666666667,1.61833670927285e-05,-9.76183724568553e-07,0.000171864619937952
4.8,1.62000268974907e-05,-9.72206220614611e-07,0.00017184885308693
4.83333333333333,1.62163816185607e-05,-9.68206693568855e-07,0.000171833006119767
4.86666666666667,1.62324340164523e-05,-9.64185805616094e-07,0.000171817079531224
4.9,1.6248187337098e-05,-9.60144321984628e-07,0.000171801073365206
4.93333333333333,1.62636453640643e-05,-9.5608311596047e-07,0.000171784987222639
4.96666666666667,1.62788124692633e-05,-9.52003173277494e-07,0.00017176882025319
5,1.62936936390336e-05,-9.47905592153359e-07,0.000171752571181875
5.03333333333333,1.63082944801613e-05,-9.43791579370936e-07,0.00017173623832124
5.06666666666667,1.63226212116061e-05,-9.39662444180977e-07,0.000171719819618403
5.1,1.6336680641297e-05,-9.35519589615957e-07,0.000171703312683619
5.13333333333333,1.6350480128762e-05,-9.31364501564108e-07,0.000171686714840631
5.16666666666667,1.63640275340429e-05,-9.27198735752296e-07,0.00017167002317566
5.2,1.6377331154901e-05,-9.23023903116229e-07,0.00017165323458494
5.23333333333333,1.63903996524616e-05,-9.18841653560615e-07,0.000171636345835811
5.26666666666667,1.64032419684688e-05,-9.14653658794926e-07,0.000171619353622512
5.3,1.64158672340088e-05,-9.10461594226914e-07,0.000171602254613201
5.33333333333333,1.64282846736902e-05,-9.06267120634245e-07,0.000171585045516905
5.36666666666667,1.64405035048378e-05,-9.02071865573046e-07,0.00017156772312372
5.4,1.64525328361328e-05,-8.97877405263337e-07,0.000171550284368957
5.43333333333333,1.64643815649865e-05,-8.93685246866662e-07,0.000171532726360773
5.46666666666667,1.64760582781758e-05,-8.8949681184478e-07,0.000171515046445505
5.5,1.64875711548139e-05,-8.85313420336296e-07,0.000171497242217532
5.53333333333333,1.64989278759963e-05,-8.81136277060447e-07,0.0001714793115741
5.56666666666667,1.65101355400715e-05,-8.76966458769253e-07,0.000171461252724453
5.6,1.65212005874145e-05,-8.72804903608571e-07,0.000171443064222462
5.63333333333333,1.65321287336994e-05,-8.68652402383021e-07,0.000171424744968665
5.66666666666667,1.65429249148548e-05,-8.64509592004925e-07,0.000171406294225775
5.7,1.6553593242673e-05,-8.60376951019371e-07,0.000171387711623149
5.73333333333333,1.65641369677219e-05,-8.56254796574149e-07,0.000171368997145552
5.76666666666667,1.65745584424915e-05,-8.52143281739729e-07,0.000171350151136199
5.8,1.6584859111639e-05,-8.48042397077496e-07,0.000171331174285323
5.83333333333333,1.65950395271178e-05,-8.43951976669543e-07,0.000171312067610873
5.86666666666667,1.66050993789803e-05,-8.39871706323664e-07,0.000171292832420133
5.9,1.66150375420726e-05,-8.35801134298634e-07,0.000171273470288584
5.93333333333333,1.66248521376629e-05,-8.31739684149777e-07,0.00017125398301602
5.96666666666667,1.66345406081888e-05,-8.27686669045127e-07,0.000171234372601723
6,1.6644099805719e-05,-8.23641308146619e-07,0.000171214641199428
6.03333333333333,1.66535260885103e-05,-8.19602744329262e-07,0.000171194791071374
6.06666666666667,1.66628154264465e-05,-8.15570062983622e-07,0.000171174824554498
6.1,1.66719635140193e-05,-8.11542311609512e-07,0.000171154744016732
6.13333333333333,1.66809658854889e-05,-8.07518519375373e-07,0.000171134551812257
6.16666666666667,1.66898180338596e-05,-8.03497716875964e-07,0.000171114250253034
6.2,1.66985155282005e-05,-7.9947895525488e-07,0.000171093841560489
6.23333333333333,1.67070541303348e-05,-7.95461324807433e-07,0.000171073327844573
6.26666666666667,1.6715429906015e-05,-7.91443972362951e-07,0.000171052711068591
6.3,1.67236393316748e-05,-7.8742611764365e-07,0.000171031993026722
6.33333333333333,1.67316793922425e-05,-7.83407067905562e-07,0.00017101117532045
6.36666666666667,1.67395476712191e-05,-7.79386231095601e-07,0.000170990259348809
6.4,1.67472424290787e-05,-7.75363126976131e-07,0.000170969246289772
6.43333333333333,1.67547626711508e-05,-7.71337396395905e-07,0.000170948137099513
6.46666666666667,1.67621082019282e-05,-7.67308808365194e-07,0.000170926932505952
6.5,1.67692796715111e-05,-7.63277265750765e-07,0.000170905633011048
6.53333333333333,1.67762786223736e-05,-7.59242810742973e-07,0.000170884238896167
6.56666666666667,1.67831075110336e-05,-7.55205626750113e-07,0.000170862750222448
6.6,1.67897696994771e-05,-7.51166035498292e-07,0.000170841166858353
6.63333333333333,1.67962694290429e-05,-7.47124491820557e-07,0.000170819488489233
6.66666666666667,1.68026117769183e-05,-7.43081575924426e-07,0.000170797714646996
6.7,1.68088025952997e-05,-7.39037983263936e-07,0.000170775844737031
6.73333333333333,1.68148484356638e-05,-7.34994512445287e-07,0.000170753878062573
6.76666666666667,1.68207564584162e-05,-7.30952051228364e-07,0.000170731813855428
6.8,1.68265343314775e-05,-7.26911561168205e-07,0.000170709651309829
6.83333333333333,1.68321901178409e-05,-7.22874060948074e-07,0.000170687389602832
6.86666666666667,1.68377321567502e-05,-7.18840609061525e-07,0.00017066502793127
6.9,1.68431689381354e-05,-7.14812285837491e-07,0.000170642565530257
6.93333333333333,1.6848508975613e-05,-7.10790175506049e-07,0.000170620001701549
6.96666666666667,1.6853760677301e-05,-7.06775348260995e-07,0.000170597335834817
7,1.68589322199599e-05,-7.02768843024792e-07,0.000170574567421728
7.03333333333333,1.68640314253957e-05,-6.98771650793909e-07,0.000170551696070917
7.06666666666667,1.68690656444448e-05,-6.94784699213835e-07,0.000170528721526323
7.1,1.68740416472702e-05,-6.90808838281635e-07,0.00017050564365948
7.13333333333333,1.68789655247685e-05,-6.86844827691885e-07,0.00017048246248584
7.16666666666667,1.6883842599779e-05,-6.82893325685974e-07,0.000170459178160511
7.2,1.68886773521063e-05,-6.7895487988784e-07,0.000170435790967684
7.23333333333333,1.68934733559585e-05,-6.75029919904296e-07,0.000170412301319445
7.26666666666667,1.68982332341397e-05,-6.71118752334285e-07,0.000170388709743317
7.3,1.69029586218446e-05,-6.67221557024079e-07,0.000170365016866499
7.33333333333333,1.6907650134335e-05,-6.63338383715102e-07,0.000170341223394033
7.36666666666667,1.69123073536167e-05,-6.59469151103066e-07,0.00017031733010748
7.4,1.69169288511369e-05,-6.55613650652837e-07,0.000170293337830972
7.43333333333333,1.6921512230483e-05,-6.51771552898429e-07,0.000170269247423334
7.46666666666667,1.69260541875365e-05,-6.47942415843123e-07,0.000170245059733627
7.5,1.69305505887946e-05,-6.44125695527773e-07,0.000170220775598185
7.53333333333333,1.69349965642015e-05,-6.40320758254106e-07,0.000170196395809328
7.56666666666667,1.69393866144303e-05,-6.36526894467796e-07,0.000170171921083351
7.6,1.69437147282473e-05,-6.3274333362339e-07,0.000170147352049399
7.63333333333333,1.69479745100857e-05,-6.28969260133702e-07,0.000170122689226404
7.66666666666667,1.69521593124577e-05,-6.25203829646546e-07,0.000170097933004442
7.7,1.69562623738115e-05,-6.21446185757306e-07,0.000170073083625436
7.73333333333333,1.69602769559271e-05,-6.17695476383338e-07,0.000170048141176283
7.76666666666667,1.69641964818836e-05,-6.139508699818e-07,0.000170023105574647
7.8,1.69680146686339e-05,-6.1021157085852e-07,0.000169997976560377
7.83333333333333,1.69717256555605e-05,-6.06476833745433e-07,0.000169972753697097
7.86666666666667,1.69753241233807e-05,-6.02745977016372e-07,0.000169947436372963
7.9,1.69788054049445e-05,-5.99018394758455e-07,0.000169922023793063
7.93333333333333,1.69821655829887e-05,-5.95293567066642e-07,0.00016989651500132
7.96666666666667,1.69854015763608e-05,-5.91571068885088e-07,0.000169870908883088
8,1.6988511210672e-05,-5.87850576886307e-07,0.000169845204173743
8.03333333333333,1.69914932748136e-05,-5.84131874593272e-07,0.000169819399481102
8.06666666666667,1.69943475640667e-05,-5.80414855922491e-07,0.000169793493306778
8.1,1.69970749231937e-05,-5.76699528836959e-07,0.000169767484049649
8.13333333333333,1.69996772649791e-05,-5.72986016014349e-07,0.000169741370047352
8.16666666666667,1.70021575522524e-05,-5.69274551300026e-07,0.000169715149586243
8.2,1.700451976037e-05,-5.65565474041288e-07,0.000169688820934894
8.23333333333333,1.70067688200579e-05,-5.61859221263113e-07,0.000169662382371657
8.26666666666667,1.70089105414387e-05,-5.58156317980625e-07,0.000169635832205328
8.3,1.70109515207607e-05,-5.54457365718109e-07,0.000169609168813609
8.33333333333333,1.7012899032992e-05,-5.5076302977894e-07,0.00016958239065684
8.36666666666667,1.70147609105528e-05,-5.47074025201113e-07,0.000169555496316175
8.4,1.70165454131335e-05,-5.43391102151809e-07,0.00016952848450182
8.43333333333333,1.70182610883321e-05,-5.39715030559678e-07,0.000169501354083351
8.46666666666667,1.70199166289956e-05,-5.36046584847169e-07,0.000169474104104702
8.5,1.70215207264889e-05,-5.32386528539081e-07,0.000169446733799743
8.53333333333333,1.70230819263496e-05,-5.28735599662453e-07,0.0001694192426045
8.56666666666667,1.70246084839062e-05,-5.25094496725998e-07,0.000169391630167606
8.6,1.70261082298716e-05,-5.21463866032253e-07,0.000169363896359773
8.63333333333333,1.70275884379559e-05,-5.1784428939513e-07,0.000169336041271579
8.66666666666667,1.70290557069226e-05,-5.14236273708236e-07,0.000169308065212321
8.7,1.70305158516771e-05,-5.10640241789312e-07,0.000169279968705854
8.73333333333333,1.7031973808995e-05,-5.07056524928244e-07,0.000169251752476956
8.76666666666667,1.70334335568971e-05,-5.03485357076451e-07,0.000169223417447932
8.8,1.70348980511649e-05,-4.99926870992463e-07,0.000169194964714689
8.83333333333333,1.70363691773604e-05,-4.96381096044609e-07,0.000169166395535537
8.86666666666667,1.70378477132782e-05,-4.92847957113323e-07,0.000169137711315243
8.9,1.70393332945731e-05,-4.89327273662956e-07,0.000169108913574629
8.93333333333333,1.70408244175914e-05,-4.85818762891521e-07,0.000169080003946662
8.96666666666667,1.70423184732389e-05,-4.82322045913336e-07,0.000169050984140069
9,1.70438118009127e-05,-4.78836655983876e-07,0.000169021855919167
9.03333333333333,1.70452997627828e-05,-4.75362048531573e-07,0.000168992621084109
9.06666666666667,1.70467768362206e-05,-4.71897612760371e-07,0.000168963281448619
9.1,1.70482367234751e-05,-4.68442684730399e-07,0.000168933838817362
9.13333333333333,1.70496724745215e-05,-4.64996561374508e-07,0.000168904294966148
9.16666666666667,1.70510766228888e-05,-4.61558515453725e-07,0.000168874651620701
9.2,1.70524413289598e-05,-4.58127810790707e-07,0.00016884491044744
9.23333333333333,1.70537585311037e-05,-4.5470371787719e-07,0.000168815073029119
9.26666666666667,1.70550200983108e-05,-4.51285529090341e-07,0.000168785140867482
9.3,1.70562179852394e-05,-4.47872573736828e-07,0.00016875511535576
9.33333333333333,1.70573443830359e-05,-4.44464232112914e-07,0.000168724997780919
9.36666666666667,1.70583918673337e-05,-4.41059948841273e-07,0.000168694789320372
9.4,1.70593535369396e-05,-4.37659244792737e-07,0.000168664491032722
9.43333333333333,1.70602231449615e-05,-4.34261727820677e-07,0.000168634103858734
9.46666666666667,1.70609952164532e-05,-4.30867101715399e-07,0.000168603628625741
9.5,1.70616651544578e-05,-4.27475173665304e-07,0.00016857306604793
9.53333333333333,1.706222932941e-05,-4.24085859675759e-07,0.000168542416729222
9.56666666666667,1.7062685153721e-05,-4.20699188259015e-07,0.00016851168117889
9.6,1.70630311379202e-05,-4.17315302051618e-07,0.00016848085980558
9.63333333333333,1.70632669380234e-05,-4.13934458383491e-07,0.000168449952934684
9.66666666666667,1.70633933991337e-05,-4.10557029515023e-07,0.000168418960818204
9.7,1.70634125622004e-05,-4.07183498724232e-07,0.000168387883642369
9.73333333333333,1.70633276364478e-05,-4.03814453334363e-07,0.000168356721534745
9.76666666666667,1.70631429510238e-05,-4.00450575468389e-07,0.000168325474579881
9.8,1.70628638848612e-05,-3.97092630764309e-07,0.000168294142822535
9.83333333333333,1.70624967766541e-05,-3.93741454919624e-07,0.000168262726277545
9.86666666666667,1.70620488165311e-05,-3.90397938326437e-07,0.000168231224927488
9.9,1.70615279216151e-05,-3.8706301009228e-07,0.000168199638731452
9.93333333333333,1.70609426001821e-05,-3.83737621509773e-07,0.000168167967621151
9.96666666666667,1.70603018026076e-05,-3.80422728602415e-07,0.000168136211516533
10,1.70596147674433e-05,-3.77119274761123e-07,0.000168104370309279
10.0333333333333,1.70588908610312e-05,-3.73828173244813e-07,0.000168072443875459
10.0666666666667,1.70581394173969e-05,-3.7055029029627e-07,0.000168040432059894
10.1,1.70573695776967e-05,-3.67286428768435e-07,0.000168008334681053
10.1333333333333,1.70565901358248e-05,-3.64037312939614e-07,0.000167976151523876
10.1666666666667,1.70558093888006e-05,-3.60803574357385e-07,0.000167943882325014
10.2,1.70550349983922e-05,-3.57585739337193e-07,0.000167911526778051
10.2333333333333,1.70542738622026e-05,-3.54384217918554e-07,0.000167879084509256
10.2666666666667,1.70535319999876e-05,-3.51199294786176e-07,0.000167846555083721
10.3,1.70528144533192e-05,-3.48031121974563e-07,0.000167813937990148
10.3333333333333,1.70521252033791e-05,-3.44879713746001e-07,0.000167781232625937
10.3666666666667,1.70514671050868e-05,-3.41744943414771e-07,0.000167748438302718
10.4,1.70508418407755e-05,-3.38626542404393e-07,0.000167715554230219
10.4333333333333,1.70502498833371e-05,-3.355241005106e-07,0.000167682579514661
10.4666666666667,1.70496904638701e-05,-3.32437066676893e-07,0.000167649513146833
10.5,1.70491615787208e-05,-3.29364754196237e-07,0.00016761635400978
10.5333333333333,1.70486600315213e-05,-3.26306348770294e-07,0.000167583100864249
10.5666666666667,1.70481814962099e-05,-3.23260918975155e-07,0.000167549752367633
10.6,1.70477206014649e-05,-3.20227428709667e-07,0.000167516307062021
10.6333333333333,1.70472710353732e-05,-3.17204751356611e-07,0.000167482763396023
10.6666666666667,1.70468256664844e-05,-3.14191685469118e-07,0.000167449119728804
10.7,1.70463766807596e-05,-3.11186971740661e-07,0.000167415374340534
10.7333333333333,1.70459157291029e-05,-3.0818931075629e-07,0.000167381525452868
10.7666666666667,1.70454340854529e-05,-3.05197381503373e-07,0.000167347571241933
10.8,1.7044922809018e-05,-3.02209859984552e-07,0.000167313509865735
10.8333333333333,1.70443729112546e-05,-2.9922543798912e-07,0.000167279339474985
10.8666666666667,1.7043775520606e-05,-2.96242841353413e-07,0.000167245058243617
10.9,1.70431220461856e-05,-2.93260847814036e-07,0.000167210664389861
10.9333333333333,1.70424043334144e-05,-2.90278303798482e-07,0.000167176156202793
10.9666666666667,1.7041614813235e-05,-2.87294140321232e-07,0.000167141532063709
11,1.70407466383853e-05,-2.8430738736937e-07,0.000167106790476843
11.0333333333333,1.70397938085898e-05,-2.81317187029039e-07,0.00016707193008793
11.0666666666667,1.70387512790125e-05,-2.78322804736677e-07,0.000167036949713992
11.1,1.70376150539682e-05,-2.75323639076608e-07,0.000167001848361489
11.1333333333333,1.70363822603394e-05,-2.72319230262829e-07,0.000166966625253403
11.1666666666667,1.70350512047534e-05,-2.69309267437592e-07,0.00016693127984966
11.2,1.70336214138469e-05,-2.6629359292927e-07,0.000166895811866761
11.2333333333333,1.70320936733444e-05,-2.63272206294206e-07,0.000166860221301227
11.2666666666667,1.70304700368983e-05,-2.60245264488078e-07,0.000166824508428255
11.3,1.70287537937504e-05,-2.57213079228513e-07,0.000166788673819985
11.3333333333333,1.70269494121708e-05,-2.5417611128487e-07,0.000166752718344212
11.3666666666667,1.70250624611793e-05,-2.51134962710601e-07,0.000166716643160352
11.4,1.70230995112245e-05,-2.48090367174201e-07,0.000166680449721658
11.4333333333333,1.70210680154394e-05,-2.45043178324366e-07,0.000166644139754542
11.4666666666667,1.70189761758013e-05,-2.41994356666337e-07,0.000166607715248872
11.5,1.70168327944905e-05,-2.38944955013147e-07,0.000166571178439083
11.5333333333333,1.70146471164895e-05,-2.3589610304918e-07,0.000166534531778375
11.5666666666667,1.70124286631511e-05,-2.32848990941267e-07,0.000166497777915673
11.6,1.70101870637012e-05,-2.29804852713247e-07,0.000166460919656966
11.6333333333333,1.70079318837966e-05,-2.2676494918342e-07,0.000166423959943485
11.6666666666667,1.70056724584735e-05,-2.23730551261089e-07,0.000166386901809211
11.7,1.70034177280409e-05,-2.20702923309541e-07,0.00016634974834577
11.7333333333333,1.70011760840847e-05,-2.17683307373862e-07,0.000166312502662036
11.7666666666667,1.69989552237232e-05,-2.14672907905732e-07,0.000166275167850217
11.8,1.69967620186476e-05,-2.11672877796061e-07,0.000166237746943746
11.8333333333333,1.69946023968838e-05,-2.08684305265205e-07,0.000166200242882415
11.8666666666667,1.69924812428366e-05,-2.05708202357128e-07,0.000166162658469479
11.9,1.69904023135708e-05,-2.0274549457909e-07,0.000166124996346775
11.9333333333333,1.69883681756544e-05,-1.99797012367704e-07,0.000166087258952157
11.9666666666667,1.69863801604532e-05,-1.96863483867439e-07,0.000166049448498341
12,1.69844383324513e-05,-1.93945528949449e-07,0.00016601156694332
12.0333333333333,1.69825414616708e-05,-1.91043653125122e-07,0.000165973615957992
12.0666666666667,1.69806870372423e-05,-1.88158245779104e-07,0.000165935596915357
12.1,1.69788713162573e-05,-1.85289579977364e-07,0.000165897510876557
12.1333333333333,1.69770893948935e-05,-1.8243781506502e-07,0.000165859358576058
12.1666666666667,1.69753353018535e-05,-1.79603000684324e-07,0.000165821140430318
12.2,1.69736021113419e-05,-1.76785082359082e-07,0.000165782856532733
12.2333333333333,1.69718820745748e-05,-1.73983908600584e-07,0.000165744506665147
12.2666666666667,1.69701667648742e-05,-1.7119923912778e-07,0.000165706090313694
12.3,1.69684472362156e-05,-1.68430754127819e-07,0.000165667606677508
12.3333333333333,1.69667141887541e-05,-1.65678064141595e-07,0.000165629054703641
12.3666666666667,1.69649581418511e-05,-1.6294072056283e-07,0.000165590433100907
12.4,1.69631696073206e-05,-1.6021822578452e-07,0.000165551740368921
12.4333333333333,1.69613392643483e-05,-1.5751004202328e-07,0.000165512974832486
12.4666666666667,1.69594581281519e-05,-1.5481560025347e-07,0.000165474134659187
12.5,1.69575177135243e-05,-1.52134310552745e-07,0.000165435217902572
12.5333333333333,1.69555101871585e-05,-1.49465571737743e-07,0.000165396222534994
12.5666666666667,1.6953428509638e-05,-1.46808780522232e-07,0.000165357146477603
12.6,1.69512665614565e-05,-1.44163339761679e-07,0.000165317987643589
12.6333333333333,1.69490192547628e-05,-1.41528666070896e-07,0.000165278743968697
12.6666666666667,1.69466826254732e-05,-1.38904196219288e-07,0.000165239413441445
12.7,1.69442539079648e-05,-1.36289392725952e-07,0.000165199994139747
12.7333333333333,1.69417315883361e-05,-1.33683748130547e-07,0.000165160484253788
12.7666666666667,1.69391154460023e-05,-1.31086788890651e-07,0.000165120882118779
12.8,1.69364065899852e-05,-1.28498079656988e-07,0.000165081186240766
12.8333333333333,1.69336074559259e-05,-1.25917223991285e-07,0.000165041395314361
12.8666666666667,1.69307217652334e-05,-1.23343864025995e-07,0.000165001508245953
12.9,1.69277544612359e-05,-1.20777678108521e-07,0.00016496152415092
12.9333333333333,1.69247116221288e-05,-1.18218377191359e-07,0.000164921442362424
12.9666666666667,1.69216003519286e-05,-1.15665700434441e-07,0.000164881262434506
13,1.69184286533245e-05,-1.13119409636266e-07,0.000164840984128144
13.0333333333333,1.69152052831112e-05,-1.10579283048693e-07,0.000164800607405665
13.0666666666667,1.69119395957352e-05,-1.08045108643185e-07,0.000164760132410559
13.1,1.69086413750717e-05,-1.0551667705131e-07,0.000164719559457338
13.1333333333333,1.69053206612667e-05,-1.029937744834e-07,0.000164678888991158
13.1666666666667,1.69019875720483e-05,-1.00476175664251e-07,0.000164638121583517
13.2,1.68986521260277e-05,-9.79636372356648e-08,0.000164597257883239
13.2333333333333,1.68953240667018e-05,-9.54558915171603e-08,0.000164556298602375
13.2666666666667,1.68920126947827e-05,-9.29526411053718e-08,0.000164515244478506
13.3,1.68887267069816e-05,-9.04535541626433e-08,0.000164474096245075
13.3333333333333,1.68854740484658e-05,-8.79582608210183e-08,0.000164432854597367
13.3666666666667,1.68822617767419e-05,-8.5466350486573e-08,0.000164391520168295
13.4,1.68790959433444e-05,-8.29773704644039e-08,0.000164350093496165
13.4333333333333,1.68759814909693e-05,-8.0490825602661e-08,0.000164308575004563
13.4666666666667,1.68729221712723e-05,-7.80061794029463e-08,0.000164266964973654
13.5,1.68699204811053e-05,-7.55228561689243e-08,0.000164225263524184
13.5333333333333,1.68669776199276e-05,-7.30402445452788e-08,0.00016418347060199
13.5666666666667,1.68640934542334e-05,-7.05577010955593e-08,0.000164141585961665
13.6,1.68612664948443e-05,-6.80745546805359e-08,0.000164099609154232
13.6333333333333,1.685849391965e-05,-6.55901137251815e-08,0.000164057539527646
13.6666666666667,1.68557716287457e-05,-6.31036747790989e-08,0.000164015376226645
13.7,1.68530943212705e-05,-6.06145338313035e-08,0.000163973118214081
13.7333333333333,1.68504555940294e-05,-5.81219999847426e-08,0.000163930764282151
13.7666666666667,1.68478480635173e-05,-5.56254080315768e-08,0.000163888313086701
13.8,1.68452635014969e-05,-5.31241304009856e-08,0.000163845763159343
13.8333333333333,1.68426929892108e-05,-5.06175895131019e-08,0.000163803112953428
13.8666666666667,1.68401270810526e-05,-4.81052700528844e-08,0.000163760360871446
13.9,1.68375559782484e-05,-4.55867309484117e-08,0.00016371750529963
13.9333333333333,1.68349697061848e-05,-4.30616167775538e-08,0.000163674544646307
13.9666666666667,1.68323582954753e-05,-4.05296685215975e-08,0.000163631477387552
14,1.68297119595043e-05,-3.79907332656548e-08,0.000163588302106516
14.0333333333333,1.68270212697009e-05,-3.54447728996099e-08,0.000163545017530387
14.0666666666667,1.6824277321044e-05,-3.28918713892446e-08,0.000163501622567907
14.1,1.68214718896418e-05,-3.03322407451021e-08,0.000163458116356887
14.1333333333333,1.68185975753921e-05,-2.77662253025895e-08,0.000163414498287737
14.1666666666667,1.68156479318704e-05,-2.51943044968331e-08,0.000163370768039359
14.2,1.68126175773715e-05,-2.26170937799578e-08,0.000163326925604641
14.2333333333333,1.68095022893217e-05,-2.00353438905188e-08,0.000163282971320627
14.2666666666667,1.68062990771904e-05,-1.74499382394978e-08,0.000163238905878774
14.3,1.68030062362357e-05,-1.48618886191924e-08,0.000163194730342101
14.3333333333333,1.67996233864017e-05,-1.22723294551879e-08,0.000163150446154975
14.3666666666667,1.67961515081617e-05,-9.68251223386341e-09,0.000163106055156456
14.4,1.67925929370667e-05,-7.09379531985354e-09,0.000163061559567971
14.4333333333333,1.67889513202793e-05,-4.50763340360366e-09,0.000163016961994925
14.4666666666667,1.67852315488541e-05,-1.92556373083495e-09,0.000162972265390751
14.5,1.67814396666522e-05,6.50808800611739e-10,0.000162927473046101
14.5333333333333,1.67775827579548e-05,3.21982760827792e-09,0.000162882588545554
14.5666666666667,1.67736688153253e-05,5.77980175072048e-09,0.000162837615726496
14.6,1.67697065923903e-05,8.32902395311578e-09,0.000162792558638808
14.6333333333333,1.67657054421283e-05,1.08657893021822e-08,0.000162747421487449
14.6666666666667,1.67616751469803e-05,1.33884141484319e-08,0.000162702208584009
14.7,1.67576257406955e-05,1.58952551834411e-08,0.000162656924277885
14.7333333333333,1.67535673291658e-05,1.83847281270729e-08,0.00016261157291028
14.7666666666667,1.67495099094383e-05,2.08553261135801e-08,0.000162566158731416
14.8,1.6745463194499e-05,2.33056371676314e-08,0.000162520685861614
14.8333333333333,1.67414364423581e-05,2.57343609073151e-08,0.000162475158208676
14.8666666666667,1.67374382968065e-05,2.81403238895332e-08,0.000162429579421136
14.9,1.67334766378849e-05,3.05224938172422e-08,0.000162383952824199
14.9333333333333,1.67295584487428e-05,3.28799919993012e-08,0.000162338281372334
14.9666666666667,1.67256896966497e-05,3.5212104497501e-08,0.000162292567590263
15,1.67218752341551e-05,3.7518292850693e-08,0.000162246813540514
15.0333333333333,1.6718118718133e-05,3.97982049849631e-08,0.000162201020769306
15.0666666666667,1.67144225492001e-05,4.20516812707165e-08,0.000162155190281354
15.1,1.67107878329847e-05,4.42787574904196e-08,0.000162109322514927
15.1333333333333,1.67072143507346e-05,4.64796663815589e-08,0.000162063417324095
15.1666666666667,1.67037005383833e-05,4.86548381160794e-08,0.000162017473960499
15.2,1.67002435106783e-05,5.08048959801257e-08,0.000161971491081745
15.2333333333333,1.66968391187885e-05,5.29306511193465e-08,0.000161925466753425
15.2666666666667,1.66934820303069e-05,5.5033093474345e-08,0.00016187939848435
15.3,1.66901658320386e-05,5.71133812839715e-08,0.000161833283251866
15.3333333333333,1.66868831521325e-05,5.9172828768277e-08,0.000161787117540365
15.3666666666667,1.66836258005989e-05,6.12128919328303e-08,0.000161740897397219
15.4,1.66803849229611e-05,6.32351530983794e-08,0.00016169461848445
15.4333333333333,1.66771511668492e-05,6.52413041386954e-08,0.000161648276140536
15.4666666666667,1.66739148548185e-05,6.72331289292747e-08,0.000161601865443146
15.5,1.66706661638818e-05,6.92124849972233e-08,0.000161555381293853
15.5333333333333,1.66673953042449e-05,7.11812849726831e-08,0.000161508818475912
15.5666666666667,1.66640926983901e-05,7.314147765867e-08,0.000161462171736312
15.6,1.66607491528062e-05,7.5095029489308e-08,0.000161415435857385
15.6333333333333,1.66573560240642e-05,7.70439060097802e-08,0.000161368605736945
15.6666666666667,1.66539053718789e-05,7.89900542205321e-08,0.000161321676450234
15.7,1.66503901012356e-05,8.0935385290782e-08,0.000161274643325343
15.7333333333333,1.66468040870152e-05,8.28817585368279e-08,0.000161227502004899
15.7666666666667,1.66431422833453e-05,8.48309660545087e-08,0.000161180248506721
15.8,1.66394008122588e-05,8.67847188916293e-08,0.000161132879274462
15.8333333333333,1.66355770338001e-05,8.87446341092628e-08,0.000161085391227451
15.8666666666667,1.66316695937953e-05,9.07122235352646e-08,0.000161037781796366
15.9,1.66276784579281e-05,9.26888833724409e-08,0.000160990048964724
15.9333333333333,1.66236049403256e-05,9.46758836155642e-08,0.000160942191295165
15.9666666666667,1.66194516939926e-05,9.6674361912239e-08,0.000160894207948769
16,1.66152226622264e-05,9.86853172570715e-08,0.000160846098691171
16.0333333333333,1.66109230064503e-05,1.00709606708587e-07,0.000160797863885003
16.0666666666667,1.66065590112247e-05,1.02747943736779e-07,0.000160749504479862
16.1,1.66021379673734e-05,1.04800897322443e-07,0.000160701021974487
16.1333333333333,1.65976680375862e-05,1.06868893025884e-07,0.000160652418393924
16.1666666666667,1.6593158105116e-05,1.08952214934101e-07,0.000160603696242401
16.2,1.65886176114498e-05,1.11051008821507e-07,0.000160554858453733
16.2333333333333,1.65840563830199e-05,1.1316528622621e-07,0.00016050590833809
16.2666666666667,1.6579484454023e-05,1.15294928802111e-07,0.000160456849517924
16.3,1.65749118841649e-05,1.17439690530517e-07,0.000160407685869829
16.3333333333333,1.65703485804529e-05,1.19599199991117e-07,0.000160358421457391
16.3666666666667,1.65658041197859e-05,1.21772966771367e-07,0.000160309060473781
16.4,1.65612875817721e-05,1.2396038858985e-07,0.00016025960715449
16.4333333333333,1.65568073896966e-05,1.26160758757638e-07,0.000160210065721294
16.4666666666667,1.65523711654528e-05,1.28373273818126e-07,0.000160160440308389
16.5,1.65479855973283e-05,1.30597041659581e-07,0.000160110734903065
16.5333333333333,1.65436563265958e-05,1.32831089417305e-07,0.000160060953279968
16.5666666666667,1.65393878503339e-05,1.35074371740127e-07,0.000160011098949159
16.6,1.65351834457557e-05,1.37325778655396e-07,0.000159961175100921
16.6333333333333,1.65310451135977e-05,1.39584143673302e-07,0.000159911184572174
16.6666666666667,1.65269735430272e-05,1.41848251340322e-07,0.000159861129798936
16.7,1.65229680838465e-05,1.44116845915724e-07,0.000159811012791869
16.7333333333333,1.65190267341449e-05,1.4638863918504e-07,0.000159760835097422
16.7666666666667,1.6515146172511e-05,1.48662317275993e-07,0.000159710597789637
16.8,1.65113218210763e-05,1.50936547098316e-07,0.000159660301479851
16.8333333333333,1.65075479300302e-05,1.53209981460109e-07,0.000159609946313817
16.8666666666667,1.65038176842361e-05,1.55481264081544e-07,0.000159559531999776
16.9,1.65001233299827e-05,1.57749034324911e-07,0.000159509057829756
16.9333333333333,1.64964563175053e-05,1.60011931157734e-07,0.000159458522729405
16.9666666666667,1.64928074587712e-05,1.62268597120486e-07,0.000159407925294445
17,1.64891670944316e-05,1.64517681786454e-07,0.000159357263835788
17.0333333333333,1.64855252700872e-05,1.66757845294304e-07,0.000159306536447548
17.0666666666667,1.64818719146762e-05,1.68987761641409e-07,0.000159255741059246
17.1,1.64781970218628e-05,1.71206122089477e-07,0.000159204875500105
17.1333333333333,1.64744908267248e-05,1.73411638636373e-07,0.000159153937558165
17.1666666666667,1.64707439792843e-05,1.75603047655889e-07,0.000159102925049874
17.2,1.64669477072422e-05,1.77779113828568e-07,0.000159051835875738
17.2333333333333,1.64630939699712e-05,1.79938634288678e-07,0.000159000668086758
17.2666666666667,1.64591755966888e-05,1.82080443209725e-07,0.000158949419931012
17.3,1.64551864111669e-05,1.84203416671112e-07,0.000158898089909639
17.3333333333333,1.64511213368592e-05,1.86306478043121e-07,0.000158846676827551
17.3666666666667,1.64469764848535e-05,1.88388603607764e-07,0.000158795179820964
17.4,1.64427492198101e-05,1.90448828779058e-07,0.000158743598399476
17.4333333333333,1.6438438206618e-05,1.92486254493046e-07,0.000158691932466951
17.4666666666667,1.64340434438649e-05,1.9450005367672e-07,0.000158640182342737
17.5,1.64295662902332e-05,1.96489476720043e-07,0.000158588348783405
17.5333333333333,1.64250094470752e-05,1.98453860040105e-07,0.000158536432981952
17.5666666666667,1.64203769069227e-05,2.00392633766803e-07,0.000158484436551873
17.6,1.64156738809756e-05,2.02305335627179e-07,0.000158432361502219
17.6333333333333,1.64109066993567e-05,2.04191621641025e-07,0.000158380210203282
17.6666666666667,1.64060826956748e-05,2.06051273612836e-07,0.000158327985341852
17.7,1.64012100700568e-05,2.07884206511702e-07,0.000158275689876645
17.7333333333333,1.63962977384056e-05,2.096904751868e-07,0.00015822332697114
17.7666666666667,1.63913551690129e-05,2.11470280143795e-07,0.000158170899948152
17.8,1.63863922115717e-05,2.13223972433347e-07,0.00015811841220947
17.8333333333333,1.63814189192286e-05,2.14952057387266e-07,0.000158065867170992
17.8666666666667,1.63764453706546e-05,2.1665519713214e-07,0.000158013268181587
17.9,1.63714814912942e-05,2.1833421181052e-07,0.000157960618468566
17.9333333333333,1.63665368813011e-05,2.19990079293235e-07,0.000157907921045837
17.9666666666667,1.63616206486169e-05,2.21623933523642e-07,0.00015785517865977
18,1.63567412544199e-05,2.23237061216287e-07,0.000157802393714801
18.0333333333333,1.63519063689042e-05,2.2483089712865e-07,0.000157749568206881
18.0666666666667,1.63471227439084e-05,2.26407017699484e-07,0.000157696703687255
18.1,1.63423961000764e-05,2.27967133250778e-07,0.000157643801196407
18.1333333333333,1.63377310340452e-05,2.29513078635969e-07,0.000157590861226527
18.1666666666667,1.6333130943296e-05,2.31046802575618e-07,0.000157537883694787
18.2,1.63285979728992e-05,2.3257035555918e-07,0.000157484867921626
18.2333333333333,1.63241329806396e-05,2.34085876553562e-07,0.00015743181260639
18.2666666666667,1.63197355109531e-05,2.3559557961466e-07,0.00015737871583123
18.3,1.63154037833445e-05,2.37101738774553e-07,0.000157325575043024
18.3333333333333,1.63111347257265e-05,2.38606671480415e-07,0.000157272387090805
18.3666666666667,1.63069240365474e-05,2.4011272196223e-07,0.000157219148237619
18.4,1.63027662681555e-05,2.41622242216938e-07,0.0001571658542212
18.4333333333333,1.62986549320715e-05,2.43137573462585e-07,0.000157112500298713
18.4666666666667,1.62945826224237e-05,2.44661027088764e-07,0.000157059081316341
18.5,1.6290541156531e-05,2.46194865283687e-07,0.000157005591779641
18.5333333333333,1.62865217276197e-05,2.47741281879673e-07,0.000156952025937975
18.5666666666667,1.62825150692816e-05,2.49302383325707e-07,0.000156898377870347
18.6,1.62785116252796e-05,2.50880170229535e-07,0.000156844641573657
18.6333333333333,1.62745017250212e-05,2.52476519402876e-07,0.000156790811062688
18.6666666666667,1.627047575755e-05,2.54093166898832e-07,0.000156736880459599
18.7,1.62664243450509e-05,2.557316918391e-07,0.000156682844087706
18.7333333333333,1.62623385085439e-05,2.57393501653941e-07,0.000156628696576824
18.7666666666667,1.62582098273209e-05,2.59079818310127e-07,0.000156574432934493
18.8,1.62540305851538e-05,2.60791666282751e-07,0.000156520048641981
18.8333333333333,1.62497939052113e-05,2.62529861682553e-07,0.000156465539726773
18.8666666666667,1.62454938675222e-05,2.64295001499364e-07,0.000156410902840393
18.9,1.6241125609664e-05,2.66087450228488e-07,0.000156356135316071
18.9333333333333,1.6236685410186e-05,2.67907332408068e-07,0.000156301235237839
18.9666666666667,1.62321707498633e-05,2.69754529393849e-07,0.000156246201459632
19,1.6227580354088e-05,2.71628678495686e-07,0.000156191033660839
19.0333333333333,1.62229142218763e-05,2.7352917383245e-07,0.000156135732346989
19.0666666666667,1.62181736476079e-05,2.75455167913543e-07,0.000156080298880723
19.1,1.62133612048024e-05,2.77405578885823e-07,0.000156024735480239
19.1333333333333,1.62084806940414e-05,2.79379096710129e-07,0.000155969045181223
19.1666666666667,1.62035370689345e-05,2.8137419384804e-07,0.000155913231821757
19.2,1.61985363404869e-05,2.83389137610505e-07,0.000155857299980347
19.2333333333333,1.61934854611524e-05,2.85422003738949e-07,0.000155801254913657
19.2666666666667,1.61883921927867e-05,2.87470692282236e-07,0.000155745102490878
19.3,1.61832649592226e-05,2.89532944700984e-07,0.000155688849103199
19.3333333333333,1.61781126891418e-05,2.91606362343643e-07,0.00015563250157748
19.3666666666667,1.61729446493989e-05,2.93688426084472e-07,0.000155576067076466
19.4,1.61677702755626e-05,2.95776516693283e-07,0.000155519552991596
19.4333333333333,1.61625989991121e-05,2.97867936109654e-07,0.000155462966842914
19.4666666666667,1.6157440078549e-05,2.99959928861398e-07,0.000155406316167029
19.5,1.61523024331757e-05,3.02049704050496e-07,0.000155349608405588
19.5333333333333,1.614719448674e-05,3.04134457024141e-07,0.000155292850808126
19.5666666666667,1.61421240191263e-05,3.06211391243525e-07,0.000155236050323115
19.6,1.61370980327561e-05,3.08277739369752e-07,0.000155179213499519
19.6333333333333,1.61321226315189e-05,3.10330784305349e-07,0.000155122346403478
19.6666666666667,1.61272029179743e-05,3.1236787900156e-07,0.000155065454530408
19.7,1.61223429065417e-05,3.14386465961834e-07,0.000155008542733692
19.7333333333333,1.61175454572226e-05,3.16384095206922e-07,0.000154951615159123
19.7666666666667,1.61128122277036e-05,3.18358441684521e-07,0.000154894675200302
19.8,1.61081436458149e-05,3.20307320862529e-07,0.000154837725449022
19.8333333333333,1.6103538889317e-05,3.22228704437843e-07,0.000154780767666301
19.8666666666667,1.60989958808079e-05,3.2412073348039e-07,0.000154723802748528
19.9,1.60945113238433e-05,3.2598173022555e-07,0.000154666830739
19.9333333333333,1.60900807672311e-05,3.27810208585549e-07,0.000154609850830286
19.9666666666667,1.60856986891594e-05,3.29604881909533e-07,0.000154552861398141
20,1.60813586013778e-05,3.31364669703702e-07,0.000154495860049404
20.0333333333333,1.6077053171686e-05,3.33088702960353e-07,0.000154438843671868
20.0666666666667,1.607277436044e-05,3.34776327450848e-07,0.000154381808503668
20.1,1.60685135706762e-05,3.36427105939039e-07,0.000154324750209628
20.1333333333333,1.60642618059559e-05,3.38040819000565e-07,0.000154267663970002
20.1666666666667,1.6060009836742e-05,3.3961746816872e-07,0.000154210544558045
20.2,1.60557483676383e-05,3.41157280420749e-07,0.000154153386446826
20.2333333333333,1.60514682061699e-05,3.42660705868684e-07,0.000154096183894778
20.2666666666667,1.60471604275698e-05,3.44128412418018e-07,0.000154038931053228
20.3,1.60428165341889e-05,3.45561279440156e-07,0.00015398162206734
20.3333333333333,1.60384286049826e-05,3.46960390135058e-07,0.000153924251170384
20.3666666666667,1.60339894360015e-05,3.48327022444431e-07,0.000153866812782552
20.4,1.60294926652361e-05,3.49662639204428e-07,0.000153809301602433
20.4333333333333,1.60249328843836e-05,3.50968876912965e-07,0.000153751712686138
20.4666666666667,1.60203057316983e-05,3.52247534070118e-07,0.000153694041528876
20.5,1.6015607968279e-05,3.53500558286923e-07,0.00015363628412406
20.5333333333333,1.6010837533393e-05,3.54730033235928e-07,0.000153578437025809
20.5666666666667,1.60059935814335e-05,3.55938164576544e-07,0.000153520497398063
20.6,1.60010765062049e-05,3.57127265646582e-07,0.000153462463048628
20.6333333333333,1.59960879570913e-05,3.58299741430262e-07,0.000153404332472748
20.6666666666667,1.59910308149209e-05,3.59458075467916e-07,0.000153346104864328
20.7,1.59859091373437e-05,3.60604812935842e-07,0.000153287780104629
20.7333333333333,1.59807280831749e-05,3.61742547285005e-07,0.000153229358754882
20.7666666666667,1.59754938157507e-05,3.62873905214563e-07,0.000153170842018334
20.8,1.59702133882926e-05,3.6400153216473e-07,0.000153112231689379
20.8333333333333,1.59648946125086e-05,3.65128077825451e-07,0.000153053530111622
20.8666666666667,1.5959545915126e-05,3.66256182058023e-07,0.000152994740100216
20.9,1.59541761828485e-05,3.67388460652979e-07,0.000152935864868387
20.9333333333333,1.59487946018298e-05,3.6852749167246e-07,0.000152876907955143
20.9666666666667,1.5943410491423e-05,3.69675801649313e-07,0.000152817873124885
21,1.59380331390795e-05,3.70835852343598e-07,0.000152758764290827
21.0333333333333,1.59326716354115e-05,3.72010027489929e-07,0.000152699585412047
21.0666666666667,1.59273347165105e-05,3.73200620021718e-07,0.000152640340407627
21.1,1.59220306118775e-05,3.74409819487134e-07,0.000152581033073323
21.1333333333333,1.59167669047673e-05,3.75639699836589e-07,0.000152521666981835
21.1666666666667,1.59115504028202e-05,3.76892207625723e-07,0.000152462245414795
21.2,1.59063870250812e-05,3.78169150559994e-07,0.000152402771285419
21.2333333333333,1.59012817030304e-05,3.79472186617646e-07,0.000152343247070616
21.2666666666667,1.58962383007089e-05,3.80802813537731e-07,0.000152283674759139
21.3,1.58912595515677e-05,3.82162359080479e-07,0.000152224055796863
21.3333333333333,1.58863470158881e-05,3.83551971702556e-07,0.000152164391062345
21.3666666666667,1.58815010546429e-05,3.84972611912685e-07,0.000152104680831163
21.4,1.58767208101068e-05,3.86425046060451e-07,0.000152044924756501
21.4333333333333,1.58720042063063e-05,3.87909836909319e-07,0.000151985121861066
21.4666666666667,1.58673479869445e-05,3.89427332091571e-07,0.000151925270555864
21.5,1.58627477806114e-05,3.90977654203943e-07,0.000151865368670163
21.5333333333333,1.58581981821184e-05,3.92560695499646e-07,0.000151805413496386
21.5666666666667,1.58536928548438e-05,3.94176116096843e-07,0.000151745401846157
21.6,1.58492246495354e-05,3.9582334261922e-07,0.000151685330116232
21.6333333333333,1.58447857372217e-05,3.97501568746204e-07,0.000151625194362207
21.6666666666667,1.58403677528965e-05,3.99209757149246e-07,0.000151564990387704
21.7,1.58359619491107e-05,4.00946643214911e-07,0.000151504713827212
21.7333333333333,1.58315593536071e-05,4.02710740158124e-07,0.00015144436024812
21.7666666666667,1.58271509313947e-05,4.0450034592262e-07,0.000151383925249413
21.8,1.58227277446407e-05,4.06313551480355e-07,0.000151323404551113
21.8333333333333,1.58182811113696e-05,4.08148250832512e-07,0.000151262794102247
21.8666666666667,1.58138027562393e-05,4.10002152385698e-07,0.000151202090167249
21.9,1.58092849549133e-05,4.11872791849601e-07,0.000151141289426503
21.9333333333333,1.58047206656145e-05,4.13757546444996e-07,0.000151080389046012
21.9666666666667,1.58001036497696e-05,4.15653650404609e-07,0.000151019386759888
22,1.579542857604e-05,4.17558211725664e-07,0.000150958280946216
22.0333333333333,1.57906911098249e-05,4.19468229883192e-07,0.000150897070665602
22.0666666666667,1.5785887983572e-05,4.21380614680153e-07,0.00015083575572022
22.1,1.57810170499566e-05,4.23292205802887e-07,0.000150774336680304
22.1333333333333,1.57760773150514e-05,4.25199793287398e-07,0.000150712814911421
22.1666666666667,1.57710689617696e-05,4.27100138218437e-07,0.000150651192585221
22.2,1.57659933632971e-05,4.28989993176898e-07,0.000150589472685558
22.2333333333333,1.57608530593058e-05,4.30866125546888e-07,0.000150527658993993
22.2666666666667,1.57556517027873e-05,4.32725337910969e-07,0.000150465756051441
22.3,1.57503939876708e-05,4.34564491271373e-07,0.000150403769105228
22.3333333333333,1.57450855569174e-05,4.36380527332309e-07,0.000150341704045135
22.3666666666667,1.57397328929349e-05,4.38170490224783e-07,0.000150279567313524
22.4,1.57343431939649e-05,4.39931548401086e-07,0.00015021736582903
22.4333333333333,1.57289242373305e-05,4.41661015628238e-07,0.000150155106869253
22.4666666666667,1.57234842346239e-05,4.43356371376757e-07,0.000150092797970003
22.5,1.57180316791431e-05,4.45015280326056e-07,0.000150030446811587
22.5333333333333,1.57125751915869e-05,4.46635610691638e-07,0.000149968061088995
22.5666666666667,1.57071233636233e-05,4.48215451507723e-07,0.000149905648398089
22.6,1.5701684605756e-05,4.49753128310076e-07,0.000149843216108414
22.6333333333333,1.56962669984263e-05,4.51247217587432e-07,0.000149780771252651
22.6666666666667,1.56908781526926e-05,4.52696559262472e-07,0.000149718320398592
22.7,1.5685525078872e-05,4.54100267820455e-07,0.000149655869553914
22.7333333333333,1.56802140688292e-05,4.55457742828419e-07,0.000149593424051154
22.7666666666667,1.56749505916762e-05,4.56768683992772e-07,0.000149530988461475
22.8,1.56697392029828e-05,4.58033100524291e-07,0.000149468566504561
22.8333333333333,1.56645834724077e-05,4.59251313786648e-07,0.000149406160987148
22.8666666666667,1.56594859275616e-05,4.60423956808414e-07,0.000149343773744319
22.9,1.56544480147737e-05,4.61551971925229e-07,0.000149281405599653
22.9333333333333,1.5649470078365e-05,4.62636605178344e-07,0.000149219056344336
22.9666666666667,1.56445513450222e-05,4.63679400002484e-07,0.000149156724713113
23,1.56396899253114e-05,4.64682185722697e-07,0.000149094408386779
23.0333333333333,1.56348828510135e-05,4.65647065980216e-07,0.000149032104004285
23.0666666666667,1.56301261358757e-05,4.66576404389864e-07,0.000148969807221614
23.1,1.56254148538026e-05,4.6747280678083e-07,0.000148907512764098
23.1333333333333,1.5620743234338e-05,4.68339102725029e-07,0.000148845214503119
23.1666666666667,1.56161047738646e-05,4.69178325072781e-07,0.000148782905554508
23.2,1.56114923586922e-05,4.69993687784096e-07,0.00014872057837727
23.2333333333333,1.56068983996133e-05,4.70788562649966e-07,0.000148658224884756
23.2666666666667,1.56023149727717e-05,4.71566454924236e-07,0.000148595836577095
23.3,1.55977339669639e-05,4.72330978001158e-07,0.000148533404668946
23.3333333333333,1.55931472314152e-05,4.73085827675124e-07,0.000148470920212385
23.3666666666667,1.55885467247404e-05,4.7383475575668e-07,0.000148408374251081
23.4,1.55839246587928e-05,4.74581543820615e-07,0.000148345757938526
23.4333333333333,1.5579273638636e-05,4.75329976604305e-07,0.000148283062679708
23.4666666666667,1.55745867924767e-05,4.76083816107794e-07,0.00014822028025834
23.5,1.55698578931804e-05,4.76846775537096e-07,0.000148157402954552
23.5333333333333,1.5565081465754e-05,4.77622494453796e-07,0.000148094423659623
23.5666666666667,1.5560252882637e-05,4.7841451401506e-07,0.000148031335975994
23.6,1.55553684420537e-05,4.79226253768398e-07,0.000147968134312236
23.6333333333333,1.55504254313128e-05,4.80060988768388e-07,0.000147904813956443
23.6666666666667,1.55454221714195e-05,4.80921828554331e-07,0.0001478413711454
23.7,1.55403580451832e-05,4.81811696614685e-07,0.000147777803107001
23.7333333333333,1.55352335138227e-05,4.8273331182549e-07,0.000147714108108555
23.7666666666667,1.55300501257145e-05,4.83689169691224e-07,0.000147650285486473
23.8,1.55248104902703e-05,4.84681528718908e-07,0.000147586335648928
23.8333333333333,1.55195182255332e-05,4.85712393358376e-07,0.000147522260061833
23.8666666666667,1.55141778876676e-05,4.8678350311591e-07,0.000147458061204768
23.9,1.55087948824743e-05,4.87896321208307e-07,0.000147393742524937
23.9333333333333,1.55033753617714e-05,4.89052025322038e-07,0.000147329308360763
23.9666666666667,1.54979261056997e-05,4.90251500067935e-07,0.000147264763865344
24,1.54924543952501e-05,4.9149533119734e-07,0.000147200114901647
24.0333333333333,1.54869678754303e-05,4.92783797923305e-07,0.000147135367949281
24.0666666666667,1.54814744135271e-05,4.94116861542015e-07,0.000147070529986268
24.1,1.54759819554708e-05,4.95494162113638e-07,0.000147005608370696
24.1333333333333,1.54704983815164e-05,4.96915020993819e-07,0.000146940610716835
24.1666666666667,1.54650313648897e-05,4.98378445049712e-07,0.000146875544768238
24.2,1.54595882370708e-05,4.99883133064982e-07,0.000146810418265796
24.2333333333333,1.54541758585526e-05,5.01427484556609e-07,0.00014674523882314
24.2666666666667,1.5448800501449e-05,5.03009610315773e-07,0.000146680013812771
24.3,1.54434677416026e-05,5.04627345356385e-07,0.000146614750240583
24.3333333333333,1.54381823655498e-05,5.06278263237751e-07,0.000146549454649185
24.3666666666667,1.54329482901817e-05,5.07959692725117e-07,0.000146484133014583
24.4,1.54277684993406e-05,5.09668735440963e-07,0.000146418790663076
24.4333333333333,1.54226449952446e-05,5.11402285688828e-07,0.000146353432202371
24.4666666666667,1.54175787678718e-05,5.13157050855676e-07,0.000146288061457846
24.5,1.54125697785305e-05,5.14929573391586e-07,0.00014622268142662
24.5333333333333,1.54076169494671e-05,5.16716254965241e-07,0.000146157294235133
24.5666666666667,1.5402718171347e-05,5.1851337939825e-07,0.000146091901112155
24.6,1.53978703444749e-05,5.20317136286919e-07,0.000146026502397655
24.6333333333333,1.53930694384034e-05,5.22123647714219e-07,0.000145961097559736
24.6666666666667,1.53883105681749e-05,5.23928991792837e-07,0.000145895685234512
24.7,1.53835880867526e-05,5.25729228497447e-07,0.000145830263282354
24.7333333333333,1.53788956902051e-05,5.27520424396798e-07,0.0001457648288588
24.7666666666667,1.53742265351509e-05,5.29298677776033e-07,0.000145699378494664
24.8,1.53695733641713e-05,5.31060142925002e-07,0.000145633908191288
24.8333333333333,1.5364928639049e-05,5.32801054438678e-07,0.000145568413520542
24.8666666666667,1.53602846766069e-05,5.34517750464692e-07,0.000145502889736051
24.9,1.5355633787592e-05,5.36206695634371e-07,0.000145437331889593
24.9333333333333,1.53509684128355e-05,5.37864502844992e-07,0.000145371734939423
24.9666666666667,1.53462812576966e-05,5.3948795439131e-07,0.00014530609387
25,1.534156541892e-05,5.41074021907554e-07,0.000145240403807568
25.0333333333333,1.53368145053765e-05,5.42619885299071e-07,0.000145174660123628
25.0666666666667,1.53320227471253e-05,5.44122950516959e-07,0.000145108858545939
25.1,1.53271850945764e-05,5.45580865987338e-07,0.000145042995241751
25.1333333333333,1.53222973028477e-05,5.46991537885616e-07,0.000144977066912575
25.1666666666667,1.5317356003238e-05,5.48353143809572e-07,0.000144911070866294
25.2,1.53123587578231e-05,5.49664145276566e-07,0.000144845005070073
25.2333333333333,1.53073040990876e-05,5.50923298400658e-07,0.000144778868213535
25.2666666666667,1.53021915524249e-05,5.52129663449161e-07,0.000144712659732813
25.3,1.52970216510532e-05,5.53282612431537e-07,0.000144646379841763
25.3333333333333,1.52917959399187e-05,5.54381841818947e-07,0.000144580029549073
25.3666666666667,1.52865169467566e-05,5.5542738596799e-07,0.000144513610638538
25.4,1.52811881307408e-05,5.56419618913529e-07,0.000144447125647377
25.4333333333333,1.52758138155e-05,5.57359254618692e-07,0.000144380577808605
25.4666666666667,1.52703991048447e-05,5.58247344445144e-07,0.00014431397099042
25.5,1.52649497849242e-05,5.59085271710982e-07,0.00014424730962594
25.5333333333333,1.5259472214993e-05,5.59874744751488e-07,0.000144180598616979
25.5666666666667,1.52539732077334e-05,5.60617786970464e-07,0.000144113843238583
25.6,1.52484599036742e-05,5.61316725167503e-07,0.000144047049021877
25.6333333333333,1.52429396398784e-05,5.61974175315486e-07,0.000143980221655331
25.6666666666667,1.52374198180794e-05,5.62593026554958e-07,0.000143913366847347
25.7,1.52319077719122e-05,5.63176422971986e-07,0.000143846490217634
25.7333333333333,1.52264106386853e-05,5.63727743761686e-07,0.00014377959717648
25.7666666666667,1.52209352347291e-05,5.64250581504862e-07,0.000143712692804291
25.8,1.52154879396691e-05,5.64748719033138e-07,0.000143645781735217
25.8333333333333,1.52100745881451e-05,5.65226104887602e-07,0.000143578868066884
25.8666666666667,1.52047003738792e-05,5.65686827558464e-07,0.000143511955253092
25.9,1.51993697642787e-05,5.66135088791011e-07,0.000143445046016943
25.9333333333333,1.51940864297589e-05,5.66575176011654e-07,0.000143378142286413
25.9666666666667,1.51888531858447e-05,5.67011434240874e-07,0.000143311245127421
26,1.51836719513343e-05,5.67448237492099e-07,0.000143244354706388
26.0333333333333,1.51785437206477e-05,5.67889960098429e-07,0.000143177470254961
26.0666666666667,1.51734685506778e-05,5.68340947450852e-07,0.000143110590049476
26.1,1.5168445551443e-05,5.68805489089794e-07,0.000143043711406908
26.1333333333333,1.51634728951355e-05,5.69287789174622e-07,0.000142976830692911
26.1666666666667,1.51585478548235e-05,5.69791938455383e-07,0.000142909943352745
26.2,1.51536668594963e-05,5.70321888669287e-07,0.000142843043975458
26.2333333333333,1.51488255641379e-05,5.70881425615492e-07,0.000142776126366019
26.2666666666667,1.51440189337958e-05,5.7147414426106e-07,0.000142709183636726
26.3,1.51392413399717e-05,5.72103424970989e-07,0.00014264220831417
26.3333333333333,1.51344866664466e-05,5.72772410828964e-07,0.000142575192450587
26.3666666666667,1.51297484239522e-05,5.73483986648841e-07,0.000142508127755311
26.4,1.51250198694973e-05,5.74240759477297e-07,0.000142441005738322
26.4333333333333,1.51202941303403e-05,5.75045040703923e-07,0.000142373817831758
26.4666666666667,1.51155643277421e-05,5.75898830136152e-07,0.000142306555548956
26.5,1.51108237010056e-05,5.76803801711022e-07,0.000142239210626512
26.5333333333333,1.51060657266702e-05,5.77761291399374e-07,0.000142171775156037
26.5666666666667,1.51012842338232e-05,5.78772286823206e-07,0.000142104241725024
26.6,1.50964735106437e-05,5.79837418128775e-07,0.000142036603555625
26.6333333333333,1.50916284023649e-05,5.80956943195636e-07,0.000141968854611519
26.6666666666667,1.50867443990808e-05,5.82130736447915e-07,0.000141900989732988
26.7,1.50818177108325e-05,5.83358286918163e-07,0.000141833004709955
26.7333333333333,1.50768453292929e-05,5.84638700674118e-07,0.000141764896387514
26.7666666666667,1.50718250768613e-05,5.85970704822722e-07,0.000141696662709048
26.8,1.50667556393697e-05,5.87352655007825e-07,0.000141628302780687
26.8333333333333,1.5061636585326e-05,5.88782545147351e-07,0.000141559816896342
26.8666666666667,1.50564683760629e-05,5.90258019772874e-07,0.000141491206561869
26.9,1.5051252367441e-05,5.91776388643609e-07,0.000141422474503864
26.9333333333333,1.50459907825882e-05,5.93334645784699e-07,0.000141353624647907
26.9666666666667,1.50406866643212e-05,5.94929486418636e-07,0.000141284662070341
27,1.50353438130291e-05,5.96557330518417e-07,0.00014121559293456
27.0333333333333,1.50299667102015e-05,5.98214346053324e-07,0.000141146424394076
27.0666666666667,1.50245604301233e-05,5.99896474274405e-07,0.000141077164503539
27.1,1.50191305407002e-05,6.01599456838907e-07,0.000141007822084311
27.1333333333333,1.50136829969911e-05,6.0331886413745e-07,0.000140938406608562
27.1666666666667,1.50082240279089e-05,6.05050124863685e-07,0.000140868928045243
27.2,1.50027600205129e-05,6.06788556437192e-07,0.000140799396719508
27.2333333333333,1.49972974018129e-05,6.08529396344437e-07,0.000140729823149235
27.2666666666667,1.49918425229218e-05,6.10267833720285e-07,0.000140660217892155
27.3,1.49864015449116e-05,6.1199904161232e-07,0.000140590591385169
27.3333333333333,1.49809803312326e-05,6.13718208846969e-07,0.000140520953798612
27.3666666666667,1.49755843455526e-05,6.15420572323274e-07,0.000140451314871942
27.4,1.49702185595539e-05,6.17101448315142e-07,0.000140381683780776
27.4333333333333,1.49648873691797e-05,6.18756263965184e-07,0.000140312069003106
27.4666666666667,1.49595945232825e-05,6.20380587211614e-07,0.000140242478198355
27.5,1.49543430629761e-05,6.21970156653345e-07,0.000140172918096641
27.5333333333333,1.49491352748746e-05,6.23520909386908e-07,0.000140103394417076
27.5666666666667,1.49439726565149e-05,6.25029008453634e-07,0.000140033911773582
27.6,1.49388558962431e-05,6.26490867944282e-07,0.00013996447363358
27.6333333333333,1.49337848644455e-05,6.27903176884411e-07,0.000139895082263102
27.6666666666667,1.49287586096145e-05,6.29262922826196e-07,0.000139825738697818
27.7,1.49237753695307e-05,6.30567410801761e-07,0.000139756442717626
27.7333333333333,1.49188326083077e-05,6.31814280935867e-07,0.000139687192881163
27.7666666666667,1.49139270675399e-05,6.33001526853952e-07,0.000139617986552542
27.8,1.49090548302261e-05,6.34127508084425e-07,0.000139548819966887
27.8333333333333,1.49042113970071e-05,6.35190962556414e-07,0.000139479688311539
27.8666666666667,1.48993917719259e-05,6.36191015795587e-07,0.000139410585817633
27.9,1.4894590557179e-05,6.37127190829576e-07,0.000139341505870784
27.9333333333333,1.48898020546067e-05,6.37999423752877e-07,0.000139272441134291
27.9666666666667,1.4885020370423e-05,6.38808071630492e-07,0.00013920338367159
28,1.48802395239707e-05,6.39553911075918e-07,0.000139134325093358
28.0333333333333,1.48754535567425e-05,6.40238134033068e-07,0.00013906525670844
28.0666666666667,1.48706566387302e-05,6.40862340593442e-07,0.000138996169658249
28.1,1.48658431732601e-05,6.41428528733815e-07,0.000138927055090424
28.1333333333333,1.48610078949624e-05,6.4193908138795e-07,0.000138857904282298
28.1666666666667,1.48561459624713e-05,6.42396750475234e-07,0.000138788708799106
28.2,1.48512530413857e-05,6.42804638791238e-07,0.000138719460619287
28.2333333333333,1.48463253789258e-05,6.43166178884464e-07,0.000138650152267095
28.2666666666667,1.48413598664848e-05,6.43485110397101e-07,0.000138580776922158
28.3,1.48363540916192e-05,6.43765454527267e-07,0.000138511328521384
28.3333333333333,1.48313063764144e-05,6.44011487523974e-07,0.000138441801845951
28.3666666666667,1.48262158037633e-05,6.44227711594252e-07,0.000138372192593505
28.4,1.48210822300382e-05,6.4441882550604e-07,0.000138302497430836
28.4333333333333,1.481590629168e-05,6.44589692186477e-07,0.00013823271404892
28.4666666666667,1.48106894015228e-05,6.44745307710894e-07,0.00013816284118451
28.5,1.48054337207108e-05,6.44890768225243e-07,0.000138092878635921
28.5333333333333,1.48001421133427e-05,6.45031235244248e-07,0.00013802282723416
28.5666666666667,1.47948180888849e-05,6.4517190272223e-07,0.000137952688793343
28.6,1.47894657325671e-05,6.4531796322171e-07,0.000137882466065208
28.6333333333333,1.47840896251263e-05,6.454745734212e-07,0.000137812162652255
28.6666666666667,1.47786947545886e-05,6.4564682121824e-07,0.000137741782909786
28.7,1.47732864207353e-05,6.45839692217344e-07,0.000137671331850718
28.7333333333333,1.47678701358407e-05,6.46058037801377e-07,0.000137600815023802
28.7666666666667,1.47624515218607e-05,6.46306543372232e-07,0.000137530238382955
28.8,1.47570362081995e-05,6.46589698279405e-07,0.000137459608166118
28.8333333333333,1.47516297296891e-05,6.4691176648203e-07,0.000137388930750985
28.8666666666667,1.47462374290956e-05,6.47276759007718e-07,0.000137318212526926
28.9,1.47408643632704e-05,6.47688407690381e-07,0.000137247459758965
28.9333333333333,1.47355152171158e-05,6.4815014080142e-07,0.000137176678460705
28.9666666666667,1.47301942240667e-05,6.48665060440518e-07,0.000137105874271092
29,1.47249050968497e-05,6.49235921874839e-07,0.000137035052343863
29.0333333333333,1.47196509669461e-05,6.49865115102272e-07,0.000136964217244679
29.0666666666667,1.47144343359271e-05,6.50554648380389e-07,0.000136893372860422
29.1,1.47092570369837e-05,6.5130613436288e-07,0.000136822522320435
29.1333333333333,1.4704120209084e-05,6.52120778232584e-07,0.000136751667945297
29.1666666666667,1.46990242821423e-05,6.52999368410031e-07,0.000136680811191051
29.2,1.46939689727745e-05,6.53942263518721e-07,0.000136609952630117
29.2333333333333,1.46889532827821e-05,6.54949379305921e-07,0.000136539091918074
29.2666666666667,1.46839755153074e-05,6.56020179490564e-07,0.000136468227805763
29.3,1.46790333091652e-05,6.5715368317364e-07,0.000136397358156212
29.3333333333333,1.46741236870479e-05,6.58348468861058e-07,0.000136326479993857
29.3666666666667,1.46692431137969e-05,6.59602682768616e-07,0.000136255589575954
29.4,1.46643875644082e-05,6.60914051206917e-07,0.00013618468246754
29.4333333333333,1.46595526009618e-05,6.62279895599268e-07,0.000136113753638185
29.4666666666667,1.46547334557745e-05,6.6369715000091e-07,0.000136042797574336
29.5,1.46499251204876e-05,6.65162382005775e-07,0.000135971808398085
29.5333333333333,1.46451224378524e-05,6.66671815535394e-07,0.00013590077999719
29.5666666666667,1.46403201962043e-05,6.68221356516187e-07,0.000135829706153454
29.6,1.46355132229529e-05,6.69806620251378e-07,0.000135758580687597
29.6333333333333,1.46306964774955e-05,6.71422961041341e-07,0.000135687397584991
29.6666666666667,1.46258651396892e-05,6.73065503197609e-07,0.000135616151138233
29.7,1.46210146946579e-05,6.74729173709464e-07,0.000135544836074114
29.7333333333333,1.46161410101668e-05,6.7640873593364e-07,0.000135473447677338
29.7666666666667,1.46112404076252e-05,6.78098824309044e-07,0.000135401981894798
29.8,1.46063097232968e-05,6.7979397976167e-07,0.000135330435450164
29.8333333333333,1.46013463609658e-05,6.81488685505657e-07,0.000135258805918288
29.8666666666667,1.45963483331901e-05,6.83177403182012e-07,0.000135187091809997
29.9,1.45913142924668e-05,6.84854608835671e-07,0.000135115292627335
29.9333333333333,1.45862435501563e-05,6.86514828816499e-07,0.000135043408893383
29.9666666666667,1.45811360850928e-05,6.88152675331292e-07,0.000134971442194084
30,1.45759925459654e-05,6.8976288014418e-07,0.000134899395180586
