0,0,0,0,0
0.0333333333333333,-4.39348336954934e-05,6.98311512672452e-05,0.0588392041608898,-5.80339309737936e-05
0.0666666666666667,-8.82896532468768e-05,0.000137888842456629,0.113802461357093,-0.000441463617403892
0.1,-0.000133508688130693,0.000202534541669852,0.161969044989085,-0.00137631320151657
0.133333333333333,-0.000179982287812006,0.000262358300922977,0.201868004347444,-0.00294450915641412
0.166666666666667,-0.000227876799025499,0.000316221156936188,0.233397011465893,-0.00510366010712802
0.2,-0.000276971088176805,0.000363263906960641,0.257386250248199,-0.00774070319954065
0.233333333333333,-0.000326584018494651,0.000402903087792934,0.275105273541297,-0.0107237899234206
0.266666666666667,-0.000375609173491155,0.000434824004451087,0.287892973133281,-0.0139348756716331
0.3,-0.000422623527431616,0.000458971431134781,0.296950491070978,-0.0172828199354764
0.333333333333333,-0.000466026091575699,0.000475535804335368,0.303261084470585,-0.0207040255052653
0.366666666666667,-0.000504174586129536,0.000484933510175593,0.307584883410299,-0.0241575094137349
0.4,-0.000535503885331804,0.000487781221731503,0.310487966524573,-0.0276187240126256
0.433333333333333,-0.000558621066584273,0.000484865024815086,0.312381494519132,-0.0310741174938101
0.466666666666667,-0.000572377489505218,0.000477105367600621,0.313559103712886,-0.0345170248134606
0.5,-0.000575920214512757,0.000465518937620907,0.314228090416101,-0.0379448302303493
0.533333333333333,-0.000568725376255847,0.000451178596615117,0.314533653457175,-0.0413571295209853
0.566666666666667,-0.000550615657427138,0.000435172540667312,0.314576945251915,-0.0447545997750035
0.6,-0.000521763656936702,0.00041856388367288,0.314428174564429,-0.048138340443415
0.633333333333333,-0.000482682635163654,0.000402351873873222,0.314135951269626,-0.051509512438295
0.666666666666667,-0.000434206001930731,0.000387435923301933,0.313733876221818,-0.0548691582232732
0.7,-0.000377456897381161,0.000374583555571775,0.313245153528949,-0.0582181271406566
0.733333333333333,-0.000313809281362635,0.000364403271720352,0.312685800124773,-0.0615570583426239
0.766666666666667,-0.000244841979989949,0.000357323169642977,0.312066873612686,-0.0648863932843164
0.8,-0.000172287249159655,0.000353576003948639,0.311396012903065,-0.0682064008266938
0.833333333333333,-9.79754031390822e-05,0.000353191170301017,0.310678503133141,-0.0715172061167979
0.866666666666667,-2.37772015586043e-05,0.000355993908895461,0.309918009439219,-0.0748188181891693
0.9,4.84543996705435e-05,0.000361611796484665,0.30911708285345,-0.0781111543829658
0.933333333333333,0.000116928727332011,0.00036948476376674,0.308277509356654,-0.0813940610066421
0.966666666666667,0.000179955242961645,0.000378878404875101,0.307400549831404,-0.084667330052709
1,0.0002360335738448,0.000388919348985349,0.306487104841439,-0.0879307123641335
1.03333333333333,0.000283907718887772,0.000398632233763656,0.305537829589247,-0.0911839283311938
1.06666666666667,0.000322606813274073,0.000406978904213492,0.304553210358689,-0.0944266754583387
1.1,0.000351473152166796,0.000412900688992203,0.30353361921546,-0.0976586347070955
1.13333333333333,0.000370180271102425,0.000415361779155212,0.30247935075074,-0.100879475091757
1.16666666666667,0.000378737842788616,0.00041339159911118,0.301390647381805,-0.104088857155537
1.2,0.000377484875630627,0.000406125031608923,0.300267716944677,-0.107286435669306
1.23333333333333,0.000367072169584308,0.000392838877268643,0.299110744574057,-0.110471861598806
1.26666666666667,0.000348434442950538,0.000372983215435297,0.297919900884709,-0.113644783590898
1.3,0.00032275344642421,0.000346206758684956,0.296695347655652,-0.116804849113576
1.33333333333333,0.000291413879466455,0.000312375118459244,0.295437241660471,-0.119951705280813
1.36666666666667,0.000255953112996519,0.000271581644418135,0.29414573737232,-0.123084999492238
1.4,0.000218008060890653,0.00022415038097155,0.29282098875228,-0.126204379871952
1.43333333333333,0.000179258707587566,0.000170631344735564,0.291463150584338,-0.129309495626193
1.46666666666667,0.000141371244227611,0.000111787502227292,0.290072379328922,-0.13239999726566
1.5,0.000105949001212789,4.85780354870034e-05,0.288648833772804,-0.13547553678151
1.53333333333333,7.44952462435359e-05,-1.78594071519355e-05,0.287192675451267,-0.138535767750092
1.56666666666667,4.83424857724771e-05,-8.62423100992964e-05,0.285704068993312,-0.141580345422127
1.6,2.85893054837302e-05,-0.000155183600169146,0.284183182363813,-0.144608926780585
1.63333333333333,1.60670110688762e-05,-0.000223244722041309,0.282630187031655,-0.147621170571396
1.66666666666667,1.13114351002711e-05,-0.000288985659859629,0.281045258091015,-0.150616737333658
1.7,-2.06487554532385e-06,-0.000312446820300012,0.255333029834322,-0.140270978570375
1.73333333333333,-3.92418342983992e-05,-0.000298932323930676,0.217047778426556,-0.121784474794886
1.76666666666667,-8.54868527350605e-05,-0.000287464038174103,0.188616665532005,-0.107760976532936
1.8,-0.000137522679682,-0.000277479722306817,0.166680791359566,-0.0967414074097172
1.83333333333333,-0.000192844081758483,-0.000268290591234086,0.149250004842016,-0.0878433947238066
1.86666666666667,-0.000249432008645933,-0.000259183742327776,0.13507066220522,-0.0805011469971827
1.9,-0.000305602103005482,-0.000249468309749585,0.12331404419816,-0.0743347318197341
1.93333333333333,-0.00035992168901382,-0.000238499708865109,0.113410539350643,-0.069079311432676
1.96666666666667,-0.000411162854827518,-0.000225695721559482,0.104955808339076,-0.0645444845861818
2,-0.000458272734617555,-0.000210552840470416,0.0976549541171058,-0.060589764545791
2.03333333333333,-0.000500361227092484,-0.000192650156904811,0.0912878777665261,-0.05710917267428
2.06666666666667,-0.000536694603927631,-0.000171652945446049,0.0856870018629282,-0.0540212186956496
2.1,-0.000566690628370783,-0.000147317434148626,0.0807225029221614,-0.0512621886362865
2.13333333333333,-0.00058991489645829,-0.000119494048972392,0.0762922588232359,-0.0487815313635125
2.16666666666667,-0.000606077265028047,-8.8129101194121e-05,0.0723148428187433,-0.0465386139189956
2.2,-0.000615027682471932,-5.32648933944343e-05,0.068724538628802,-0.0445003929975171
2.23333333333333,-0.000616751038214864,-1.50382537141524e-05,0.0654677315100488,-0.0426397161115242
2.26666666666667,-0.000611360834705107,2.63224612409798e-05,0.0625002486647452,-0.0409340599883918
2.3,-0.000599091622879446,7.05018201147343e-05,0.0597853703541521,-0.0393645802775765
2.33333333333333,-0.000580290232421343,0.000117103123678712,0.0572923247384448,-0.0379153878086788
2.36666666666667,-0.0005554058655458,0.000165655455981323,0.0549951307697522,-0.0365729882135464
2.4,-0.000524979197725307,0.000215621825789706,0.0528717029659531,-0.0353258460781221
2.43333333333333,-0.000489630586985659,0.000266408287187538,0.0509031476121373,-0.0341640399294241
2.46666666666667,-0.000450047601629243,0.000317373841449493,0.0490732082749416,-0.0330789892615867
2.5,-0.00040697194174656,0.000367841037790807,0.0473678209723129,-0.0320632340011497
2.53333333333333,-0.000361185963382581,0.000417107078966358,0.0457747574035209,-0.0311102568896525
2.56666666666667,-0.000313498928898004,0.000464455309544909,0.044283335372803,-0.0302143385469528
2.6,-0.000264734281062668,0.000509166153833963,0.0428841823585015,-0.0293704385650609
2.63333333333333,-0.000215733980819297,0.000550516300243654,0.041569040853134,-0.028574097101452
2.66666666666667,-0.000167344094441025,0.000587790453948459,0.0403306077125553,-0.0278213533500048
2.7,-0.000120374237295749,0.000620311487513108,0.0391624007388001,-0.027108677575047
2.73333333333333,-7.55835596050353e-05,0.000647452907962831,0.0380586461123747,-0.0264329133752045
2.76666666666667,-3.36657725985847e-05,0.00066865178833951,0.037014184789182,-0.0257912296545268
2.8,4.7630442040846e-06,0.000683419851384861,0.0360243926372508,-0.0251810793669794
2.83333333333333,3.91749179204782e-05,0.000691353187114841,0.0350851131507452,-0.0246001647183304
2.86666666666667,6.91383958572282e-05,0.000692140372437002,0.0341925998376364,-0.0240464072346127
2.9,9.43247219057882e-05,0.000685568812374493,0.0333434668580971,-0.023517922031373
2.93333333333333,0.000114511752560537,0.000671529224476798,0.0325346466603355,-0.0230129956752642
2.96666666666667,0.000129585619840384,0.000650018262685271,0.0317633538495727,-0.0225300673206293
3,0.000139540317267652,0.000621139303352517,0.0310270527716761,-0.0220677115467768
3.03333333333333,0.000144475144309677,0.00058510141178343,0.0303234307685643,-0.0216246243858049
3.06666666666667,0.00014459025949613,0.000542216553352315,0.0296503737750176,-0.0211996103507508
3.1,0.000140180511586642,0.000492895224462919,0.0290059455371898,-0.0207915714413534
3.13333333333333,0.000131627854548677,0.000437640710084563,0.0283883694916568,-0.0203994975417603
3.16666666666667,0.000119392217972591,0.000377041818378515,0.0277960123574915,-0.020022457611932
3.2,0.000104001380006364,0.000311764541516417,0.0272273700362598,-0.0196595921435631
3.23333333333333,8.60398695822499e-05,0.000242542648169662,0.0266810550614248,-0.0193101063988929
3.26666666666667,6.61371826343044e-05,0.000170167456257257,0.0261557855636424,-0.0189732644502568
3.3,4.49553636294902e-05,9.54767821381841e-05,0.0256503753521202,-0.0186483837740048
3.33333333333333,2.31763410838357e-05,1.93434314436644e-05,0.0251637252384014,-0.018334830520504
3.36666666666667,1.49390312366184e-06,-5.73298295367015e-05,0.0246948151630299,-0.0180320151811693
3.4,-1.93891342940253e-05,-0.00013360168615701,0.0242426972674662,-0.01773938878532
3.43333333333333,-3.87876293222379e-05,-0.000208523595425075,0.0238064896344159,-0.0174564394128231
3.46666666666667,-5.60546556705886e-05,-0.00028116819952622,0.023385370763232,-0.0171826891176527
3.5,-7.05943743220437e-05,-0.000350641671938713,0.0229785745030763,-0.0169176910953265
3.53333333333333,-8.18753909716634e-05,-0.000416098553589276,0.0225853855640134,-0.0166610271811888
3.56666666666667,-8.94423155155546e-05,-0.000476755103968953,0.0222051353936289,-0.0164123055430617
3.6,-9.29253268346089e-05,-0.000531900979322821,0.0218371985021978,-0.0161711586390105
3.63333333333333,-9.20480515134061e-05,-0.000580909769300497,0.0214809890725952,-0.0159372413307062
3.66666666666667,-8.66331552630542e-05,-0.000623247626753822,0.0211359579246485,-0.0157102292100075
3.7,-7.66059562420083e-05,-0.000658480262686062,0.0208015897034868,-0.0154898170494937
3.73333333333333,-6.19957626430369e-05,-0.00068627796674137,0.0204774003518266,-0.0152757174241007
3.76666666666667,-4.29352161865892e-05,-0.000706418840695672,0.0201629347617526,-0.0150676594304242
3.8,-1.96575536728718e-05,-0.000718790098348196,0.0198577646575453,-0.0148653875425793
3.83333333333333,7.50795156934273e-06,-0.000723387612919793,0.0195614866252632,-0.0146686605439621
3.86666666666667,3.81422840936145e-05,-0.000720313718838684,0.0192737203332937,-0.0144772505674721
3.9,7.17445103941289e-05,-0.00070977341596368,0.0189941068750322,-0.0142909421941289
3.93333333333333,0.000107740912043444,-0.000692069113368166,0.0187223072713402,-0.0141095316379034
3.96666666666667,0.000145495302482743,-0.000667594006653344,0.0184580010757642,-0.0139328259755962
4,0.00018432020954885,-0.000636824325383478,0.0182008851142637,-0.0137606424460394
4.03333333333333,0.000223488887903088,-0.000600310482023778,0.0179506723115405,-0.0135928077849283
4.06666666666667,0.000262247779207579,-0.000558667429568862,0.0177070906304894,-0.013429157616811
4.1,0.000299829467600355,-0.000512564199241931,0.0174698820840297,-0.0132695358767153
4.13333333333333,0.00033546570721889,-0.000462712973587141,0.017238801841342,-0.0131137942806281
4.16666666666667,0.00036839954602699,-0.000409858449274917,0.0170136173942691,-0.0129617918229312
4.2,0.000397884440337383,-0.000354776816414474,0.0167941078091174,-0.0128133943247606
4.23333333333333,0.000423198668278257,-0.000298262879167541,0.0165800630165102,-0.0126684739964993
4.26666666666667,0.000443676849956753,-0.000241103632574236,0.0163712831549333,-0.0125269090294179
4.3,0.0004587237147771,-0.000184065019219763,0.0161675779628351,-0.0123885832224366
4.33333333333333,0.000467826056429206,-0.000127879786271616,0.0159687662219885,-0.0122533856460034
4.36666666666667,0.000470564180826198,-7.32355149868641e-05,0.0157746752296143,-0.0121212103283884
4.4,0.000466620644853073,-2.07645603681906e-05,0.0155851403120695,-0.0119919559755459
4.43333333333333,0.000455787377951224,2.89649161115624e-05,0.0154000043615271,-0.0118655257109862
4.46666666666667,0.000437970490910423,7.5456219213935e-05,0.0152191174067632,-0.0117418268437249
4.5,0.000413193030945245,0.00011828987517151,0.0150423362032386,-0.0116207706521582
4.53333333333333,0.00038159547076091,0.000157127649714958,0.0148695238527054,-0.0115022721898945
4.56666666666667,0.000343434161002428,0.000191714986309757,0.0147005494402336,-0.0113862501024448
4.6,0.000299077707994527,0.000221881783694654,0.014535287698109,-0.011272626459609
4.63333333333333,0.000249003151404445,0.000247539541433468,0.0143736186872061,-0.0111613265926705
4.66666666666667,0.000193795804438283,0.000268670234349271,0.0142154275057012,-0.0110522789380692
4.7,0.000134135901302418,0.000285328878259093,0.0140606040094546,-0.0109454148904521
4.73333333333333,7.07828402844658e-05,0.000297646080882445,0.0139090425562686,-0.0108406686629738
4.76666666666667,4.56422247587196e-06,0.000305821667097742,0.0137606417686723,-0.0107379771436875
4.8,-6.36370086932205e-05,0.000310118683782727,0.013615304318175,-0.010637279757318
4.83333333333333,-0.000132896156509407,0.000310856325968416,0.0134729367240688,-0.010538518326961
4.86666666666667,-0.000202260650838832,0.000308402028760003,0.0133334491714687,-0.01044163694069
4.9,-0.000270763080146987,0.000303164062083015,0.0131967553405511,-0.0103465818193693
4.93333333333333,-0.000337421312926013,0.000295593829526639,0.0130627722425047,-0.0102533011861431
4.96666666666667,-0.00040125589106451,0.000286174387011263,0.0129314200760949,-0.0101617451459931
5,-0.000461321437468138,0.000275397377261747,0.0128026221070705,-0.0100718655802911
5.03333333333333,-0.000516722489693501,0.00026375175852792,0.0126763045432992,-0.00998361604378266
5.06666666666667,-0.000566628662763292,0.000251712583106894,0.0125523964183594,-0.00989695167398972
5.1,-0.000610289338461113,0.000239729785535921,0.0124308294782054,-0.0098118291112854
5.13333333333333,-0.000647046028568227,0.000228218383847191,0.0123115380721562,-0.00972820643224775
5.16666666666667,-0.000676343338620819,0.00021754945426109,0.0121944590444242,-0.0096460430940227
5.2,-0.000697737707308641,0.000208042501843111,0.012079531628375,-0.00956529989126343
5.23333333333333,-0.00071090418782646,0.000199959111031361,0.0119666973403273,-0.00948593892227275
5.26666666666667,-0.000715640896824259,0.000193498151133166,0.0118558998757236,-0.00940792356472274
5.3,-0.000711871378180441,0.000188792432296842,0.0117470850054134,-0.00933121845695491
5.33333333333333,-0.000699644697812489,0.000185906946788986,0.0116402004751868,-0.00925578948438608
5.36666666666667,-0.000679133520065079,0.000184838576206073,0.0115351959069663,-0.00918160376685958
5.4,-0.000650630166696525,0.000185517262809365,0.011432022704828,-0.00910862964623727
5.43333333333333,-0.000614540865169319,0.00018780854352456,0.011330633964519,-0.00903683667042692
5.46666666666667,-0.000571378348321019,0.000191517325649341,0.0112309843893624,-0.00896619557351365
5.5,-0.00052175293925531,0.000196392841086581,0.0111330302111081,-0.00889667824899413
5.53333333333333,-0.000466362408264791,0.000202134567266458,0.0110367291180798,-0.00882825771659544
5.56666666666667,-0.00040598064831944,0.000208399100142807,0.0109420401888288,-0.00876090808074423
5.6,-0.000341445545839117,0.000214807704212376,0.0108489238329752,-0.00869460448217591
5.63333333333333,-0.000273646005723536,0.000220954573728472,0.0107573417370234,-0.00862932304184608
5.66666666666667,-0.000203508569606438,0.000226415489101027,0.0106672568161998,-0.00856504079957787
5.7,-0.00013198438532277,0.000230756238973197,0.0105786331705749,-0.008501735648323
5.73333333333333,-6.00484117188357e-05,0.000233531268229001,0.0104914360567903,-0.00843938627774168
5.76666666666667,1.13137261551932e-05,0.000234292202971394,0.0104056318507436,-0.00837797210492921
5.8,8.11389817903627e-05,0.000232612772848482,0.0103211879928219,-0.00831747318743552
5.83333333333333,0.000148503321705276,0.000228100321903293,0.0102380729474109,-0.00825787015437996
5.86666666666667,0.00021253600485905,0.000220405746619326,0.0101562561632945,-0.00819914414516564
5.9,0.000272433931213401,0.000209233650923062,0.010075708031032,-0.0081412767544182
5.93333333333333,0.000327470291493803,0.000194354601045738,0.00999639983697852,-0.0080842499910921
5.96666666666667,0.000377000927996157,0.000175617442260331,0.00991830371457289,-0.00802804624794301
6,0.000420479536969837,0.000152946505127412,0.00984139260697306,-0.00797264826914463
6.03333333333333,0.000457466338709661,0.000126343169393173,0.00976564022377493,-0.0079180391322333
6.06666666666667,0.000487632268837042,9.58885861351e-05,0.00969102099643416,-0.00786420224190017
6.1,0.00051076206929606,6.17437771457979e-05,0.0096175100356592,-0.00781112132979467
6.13333333333333,0.000526754895391822,2.41485421113642e-05,0.00954508309156103,-0.00775878046078166
6.16666666666667,0.00053562308721332,-1.65811839184324e-05,0.00947371651712979,-0.00770716404259101
6.2,0.000537489045455493,-6.00573820695352e-05,0.00940338723670313,-0.00765625683757546
6.23333333333333,0.000532580399911012,-0.000105825303183045,0.00933407271948392,-0.00760604397414738
6.26666666666667,0.000521223623724842,-0.000153369935157934,0.00926575095923644,-0.00755651095669521
6.3,0.000503836227777575,-0.000202123557660648,0.00919840045986823,-0.00750764367214721
6.33333333333333,0.000480917787064915,-0.000251474087561715,0.00913200022726015,-0.00745942839257318
6.36666666666667,0.000453039853948563,-0.000300774255239527,0.00906652976655986,-0.00741185177287202
6.4,0.000420835096827044,-0.000349351259212556,0.00900196908455264,-0.00736490084370451
6.43333333333333,0.000384985632885833,-0.000396516991109437,0.00893829869585524,-0.00731856299964199
6.46666666666667,0.000346211440692894,-0.000441578051503035,0.00887549963150257,-0.00727282598314297
6.5,0.000305268740037357,-0.000483837477655715,0.0088135534391601,-0.00722767785942379
6.53333333333333,0.000262943603684285,-0.000522600153209987,0.00875244218894146,-0.00718310699266038
6.56666666666667,0.000220019483742515,-0.000557199589961113,0.00869214850158576,-0.00713910203563103
6.6,0.000177260127307468,-0.000587012028656903,0.00863265555867697,-0.00709565191084135
6.63333333333333,0.000135396080711155,-0.000611467526878011,0.00857394710482654,-0.00705274579197233
6.66666666666667,9.51107751617555e-05,-0.000630061306791312,0.00851600744517515,-0.0070103730896158
6.7,5.70284442938899e-05,-0.000642363482060299,0.00845882143535956,-0.0069685234408177
6.73333333333333,2.1703616599831e-05,-0.000648027418722703,0.00840237446461164,-0.00692718670359735
6.76666666666667,-1.03878772984231e-05,-0.000646796720772802,0.00834665243206792,-0.00688635295640575
6.8,-3.88558306146985e-05,-0.000638510439409769,0.00829164171717616,-0.00684601250231998
6.83333333333333,-6.34008296295624e-05,-0.000623106691159538,0.00823732914524373,-0.0068061558772262
6.86666666666667,-8.38173150676476e-05,-0.000600624461194175,0.0081837019498353,-0.00676677386106569
6.9,-9.9994822978359e-05,-0.000571203747304536,0.00813074773349952,-0.00672785749077115
6.93333333333333,-0.000111917255690244,-0.000535083997921976,0.00807845442890943,-0.00668939807358271
6.96666666666667,-0.000119660445385225,-0.000492600973412546,0.00802681026189802,-0.0066513871991524
7,-0.000123388026558332,-0.000444182127564632,0.00797580371833632,-0.00661381674917052
7.03333333333333,-0.000123345827832525,-0.000390340594915881,0.00792542351590276,-0.0065766789031334
7.06666666666667,-0.000119854935021519,-0.000331667995803148,0.00787565858212504,-0.00653996613943177
7.1,-0.000113303561228975,-0.000268826086610818,0.00782649803900675,-0.00650367123092807
7.13333333333333,-0.000104137979023922,-0.000202537551829748,0.00777793119479718,-0.00646778723490644
7.16666666666667,-9.28525671247876e-05,-0.000133575903231048,0.00772994754237132,-0.00643230747728028
7.2,-7.99792983716635e-05,-6.27548436790829e-05,0.00768253676391443,-0.00639722553170701
7.23333333333333,-6.60742419773331e-05,9.08012154583759e-06,0.00763568874211404,-0.00636253519301103
7.26666666666667,-5.17008567881949e-05,8.10566578942048e-05,0.00758939357734444,-0.00632823044585722
7.3,-3.74310501190729e-05,0.000152288592084994,0.00754364160358075,-0.00629430544048835
7.33333333333333,-2.38479751743085e-05,0.000221882559979402,0.00749842340892127,-0.00626075446893533
7.36666666666667,-1.15171819459403e-05,0.000288963731376802,0.00745372984422236,-0.0062275719236844
7.4,-9.68456023281168e-07,0.000352694582584667,0.00740955203275567,-0.00619475226460975
7.43333333333333,7.31481082537911e-06,0.000412286930268189,0.00736588137891638,-0.00616228999392137
7.46666666666667,1.29070781221612e-05,0.000467014566070877,0.0073227095703698,-0.00613017963531995
7.5,1.54502264630532e-05,0.000516224330321848,0.0072800285739702,-0.00609841571961496
7.53333333333333,1.46614188861608e-05,0.000559345582707065,0.00723783062506298,-0.00606699277700698
7.56666666666667,1.03394660650681e-05,0.000595898297869477,0.0071961082100465,-0.00603590533576386
7.6,2.36918375898539e-06,0.000625499286954292,0.00715485404313729,-0.00600514792707583
7.63333333333333,-9.27596458506228e-06,0.000647866778700174,0.00711406103811301,-0.00597471509502461
7.66666666666667,-2.45331908797334e-05,0.00066282311521665,0.00707372227665867,-0.00594460141067788
7.7,-4.32514236315677e-05,0.000670295750459946,0.00703383097471132,-0.00591480148881148
7.73333333333333,-6.51941330148263e-05,0.000670316480418253,0.0069943804487521,-0.00588531000591406
7.76666666666667,-9.00437198879196e-05,0.000663019068272687,0.00695536408359947,-0.00585612171793443
7.8,-0.000117407388565914,0.000648635333824888,0.0069167753035155,-0.00582723147651319
7.83333333333333,-0.000146824336771552,0.000627489825636207,0.00687860754791289,-0.0057986342425195
7.86666666666667,-0.000177774065811638,0.000599993258818348,0.00684085425292942,-0.0057703250960817
7.9,-0.000209685716346892,0.000566634777942667,0.00680350883958371,-0.00574229924257413
7.93333333333333,-0.000241948146400078,0.000527973312725092,0.00676656470898296,-0.00571455201439366
7.96666666666667,-0.000273920733680655,0.000484628023968732,0.0067300152445875,-0.00568707886872517
8,-0.000304944558089807,0.00043726816676409,0.00669385382115142,-0.00565987538177404
8.03333333333333,-0.000334353845766694,0.000386602457248978,0.00665807381951301,-0.00563293724019146
8.06666666666667,-0.00036147972476709,0.000333374719714155,0.00662266863853946,-0.00560626022546139
8.1,-0.000385653430648388,0.000278359817790343,0.00658763170960434,-0.00557984019651571
8.13333333333333,-0.000406234772870737,0.000222337967696388,0.00655295653933497,-0.00555367308992507
8.16666666666667,-0.000422629210088993,0.000166078418225703,0.00651863674284884,-0.00552775491520709
8.2,-0.000434299211494527,0.000110327793835661,0.00648466607095984,-0.00550208174985537
8.23333333333333,-0.000440776611168411,5.57974030218579e-05,0.00645103843665791,-0.00547664973950107
8.26666666666667,-0.000441672700098736,3.1523235722386e-06,0.00641774793643132,-0.00545145510156916
8.3,-0.000436687039164822,-4.69985594031808e-05,0.00638478886655161,-0.00542649413322248
8.33333333333333,-0.000425614403297115,-9.4111034545859e-05,0.00635215573331908,-0.00540176322292879
8.36666666666667,-0.000408349983731249,-0.000137712652229362,0.00631984325723585,-0.00537725886505824
8.4,-0.000384892550299132,-0.000177408141566002,0.00628784637115848,-0.00535297767628175
8.43333333333333,-0.000355345776451458,-0.000212883309471364,0.00625616021317483,-0.00532891641264322
8.46666666666667,-0.0003199175598173,-0.0002439072564259,0.00622478011498647,-0.00530507198573173
8.5,-0.000278917972848026,-0.000270332586698867,0.00619370158658631,-0.00528144147708359
8.53333333333333,-0.000232760581652159,-0.000292088051766624,0.00616292029369455,-0.00525802215448582
8.56666666666667,-0.000181956788698023,-0.000309176155238193,0.00613243203970913,-0.00523481147721977
8.6,-0.000127101574440954,-0.000321677726474561,0.00610223275551721,-0.00521180708779334
8.63333333333333,-6.88644438636862e-05,-0.00032974759107304,0.00607231848430179,-0.00518900680474353
8.66666666666667,-7.97944104211269e-06,-0.000333609006190787,0.00604268536854345,-0.0051664086092284
8.7,5.47662186673619e-05,-0.000333547516300745,0.00601332964010743,-0.00514401062502115
8.73333333333333,0.000118543908517828,-0.000329903713634191,0.00598424761321671,-0.00512181109337813
8.76666666666667,0.000182496127507905,-0.000323065310486247,0.00595543568040574,-0.00509980834315339
8.8,0.000245749293146411,-0.000313458679706389,0.00592689031128796,-0.00507800075781574
8.83333333333333,0.000307425931080489,-0.000301540656986667,0.00589860805419128,-0.00505638674147698
8.86666666666667,0.000366645864205515,-0.0002877994815799,0.00587058554874316,-0.00503496469478063
8.9,0.000422540505309767,-0.000272744279087141,0.00584281952729643,-0.00501373297953729
8.93333333333333,0.000474281449356995,-0.00025688186994072,0.00581530680416012,-0.00499268987363969
8.96666666666667,0.00052109470082476,-0.000240705592740004,0.00578804427605239,-0.0049718335443566
9,0.00056227358253904,-0.000224684891766581,0.00576102892117409,-0.00495116202893514
9.03333333333333,0.000597191287389354,-0.000209254934730818,0.00573425779526203,-0.00493067322261366
9.06666666666667,0.000625311168121903,-0.000194807838441411,0.0057077280256129,-0.00491036487603996
9.1,0.000646195678902847,-0.000181684796295112,0.00568143680209466,-0.00489023460118283
9.13333333333333,0.00065951326535787,-0.000170169669567316,0.00565538136572104,-0.00487027988565921
9.16666666666667,0.000665043443103292,-0.000160483918072526,0.00562955899497768,-0.00485049811421932
9.2,0.000662679771012588,-0.000152783086761024,0.00560396699072414,-0.00483088659607915
9.23333333333333,0.000652430941789842,-0.000147154735881069,0.00557860266035485,-0.00481144259621101
9.26666666666667,0.000634419859815097,-0.00014361790010305,0.00555346330228986,-0.00479216336869147
9.3,0.00060888092392117,-0.000142123958689484,0.00552854619168719,-0.00477304619002062
9.33333333333333,0.000576155546248377,-0.000142558874120572,0.00550384856839923,-0.00475408839045415
9.36666666666667,0.000536686077754132,-0.0001447467076937,0.00547936762798249,-0.00473528738157787
9.4,0.00049100831137081,-0.00014845426037758,0.00545510051645399,-0.00471664067860869
9.43333333333333,0.000439742663564117,-0.000153396790449937,0.00543104432926511,-0.00469814591636175
9.46666666666667,0.000383584313910669,-0.000159244574525062,0.00540719611466906,-0.00467980085815623
9.5,0.000323292324093176,-0.000165630312894059,0.00538355288146848,-0.00466160339750863
9.53333333333333,0.000259678095552554,-0.000172157089612519,0.00536011161074937,-0.00464355155279754
9.56666666666667,0.000193593110448341,-0.000178406934645438,0.00533686927109855,-0.00462564345563615
9.6,0.000125917275077269,-0.000183948878670938,0.00531382283581114,-0.00460787733357225
9.63333333333333,5.75575784415209e-05,-0.000188338040087948,0.00529096929461685,-0.0045902514845075
9.66666666666667,-1.05647851938052e-05,-0.000191124706052213,0.00526830567437663,-0.00457276425335635
9.7,-7.75434795406685e-05,-0.000191877524693571,0.0052458290701153,-0.004555414014055
9.73333333333333,-0.000142501826100961,-0.000190194403061583,0.00522353666462762,-0.00453819914684865
9.76666666666667,-0.000204606681573879,-0.000185712632777162,0.00520142574484614,-0.00452111801831883
9.8,-0.000263080440198942,-0.000178120313579039,0.00517949371533956,-0.00450416896507628
9.83333333333333,-0.000317207233530765,-0.00016717120006102,0.00515773810891744,-0.00448735028001807
9.86666666666667,-0.000366347140888223,-0.000152687339426162,0.00513615658876027,-0.00447066021088293
9.9,-0.000409949320145311,-0.000134560000664965,0.00511474694558776,-0.00445409696518693
9.93333333333333,-0.000447558459646035,-0.000112754413993711,0.00509350709240211,-0.00443765871807809
9.96666666666667,-0.000478820422301401,-8.73120277405739e-05,0.00507243505514524,-0.00442134362618983
10,-0.000503485691687511,-5.83513301892978e-05,0.00505152896062805,-0.00440514984564625
10.0333333333333,-0.000521410964608043,-2.6067259529997e-05,0.00503078702273442,-0.00438907555302949
10.0666666666667,-0.000532558865936992,9.2709360205148e-06,0.00501020752800222,-0.00437311896777908
10.1,-0.000536995941204043,4.73232062626456e-05,0.0049897888216704,-0.00435727837445453
10.1333333333333,-0.000534888964501096,8.76834714790825e-05,0.00496952929526,-0.00434155214327785
10.1666666666667,-0.000526499739851458,0.000129885602406167,0.00494942737643543,-0.00432593874759748
10.2,-0.000512178539412793,0.000173410370154943,0.00492948152185178,-0.0043104367770949
10.2333333333333,-0.000492356289500693,0.000217693367164602,0.00490969021320668,-0.00429504494587846
10.2666666666667,-0.000467535754600207,0.000262133589965833,0.00489005195665836,-0.00427976209498733
10.3,-0.000438281748984298,0.000306102737650896,0.00487056528523154,-0.00426458718911857
10.3333333333333,-0.000405210706636783,0.000348954870651627,0.00485122876382407,-0.00424951930788879
10.3666666666667,-0.000368979563315899,0.000390036530674962,0.0048320409959209,-0.0042345576320965
10.4,-0.000330275280422682,0.000428696115212673,0.00481300063188117,-0.00421970142672773
10.4333333333333,-0.000289814573848472,0.000464284146700614,0.00479410638462153,-0.00420495002950226
10.4666666666667,-0.000248331395689758,0.00049616407235599,0.00477535703660234,-0.00419030282832886
10.5,-0.00020654923991127,0.000523736294367253,0.00475675143322569,-0.004175759225487
10.5333333333333,-0.000165167789906455,0.000546449503249313,0.00473828848211089,-0.00416131861364622
10.5666666666667,-0.000124850355988934,0.000563811198758765,0.0047199671481566,-0.00414698035468254
10.6,-8.62118676599421e-05,0.000575397624078619,0.00470178644367431,-0.00413274376205245
10.6333333333333,-4.9808457944549e-05,0.000580862164876905,0.00468374541426253,-0.00411860808836216
10.6666666666667,-1.61285397514357e-05,0.000579942361499412,0.00466584312048421,-0.00410457251840436
10.7,1.44146457701582e-05,0.000572465490501105,0.00464807861602261,-0.0040906361676765
10.7333333333333,4.1488590158562e-05,0.000558352421044155,0.00463045092355457,-0.00407679808634128
10.7666666666667,6.48454599690207e-05,0.000537619910586073,0.00461295900941115,-0.00406305726773285
10.8,8.43241371224198e-05,0.000510381175534627,0.0045956017586622,-0.00404941266066085
10.8333333333333,9.98506198994713e-05,0.00047684488232729,0.00457837795197745,-0.0040358631841674
10.8666666666667,0.000111436675536522,0.00043731255588746,0.0045612862458544,-0.0040224077435691
10.9,0.000119176975593135,0.000392174517894378,0.00454432515746864,-0.00400904524637253
10.9333333333333,0.000123244750986015,0.000341904483632666,0.00452749305530067,-0.00399577461688135
10.9666666666667,0.000123886144199122,0.000287052882469411,0.00451078815636483,-0.00398259480839897
11,0.000121413414221523,0.000228239134466001,0.00449420853046518,-0.00396950481218087
11.0333333333333,0.000116197101288614,0.000166142890372992,0.00447775211167223,-0.00395650366263155
11.0666666666667,0.000108657398023229,0.000101494543537091,0.00446141671659177,-0.00394359043844742
11.1,9.92532981407839e-05,3.50666116121257e-05,0.00444520006772225,-0.00393076426160579
11.1333333333333,8.84672657850546e-05,-3.23307705487084e-05,0.00442909981861575,-0.0039180242974719
11.1666666666667,7.67990387035548e-05,-9.98653632193691e-05,0.00441311359096461,-0.00390536974078616
11.2,6.47670370236045e-05,-0.000166692047888184,0.00439723900583394,-0.00389279979321357
11.2333333333333,5.29045430324645e-05,-0.000231957614372518,0.00438147371292949,-0.00388031364574077
11.2666666666667,4.17338844276579e-05,-0.000294826712613865,0.00436581544508332,-0.00386791047831585
11.3,3.1751622731948e-05,-0.000354497841785932,0.00435026205766686,-0.00385558945217542
11.3333333333333,2.34183308438828e-05,-0.00041021504220734,0.00433481155851312,-0.00384334970141886
11.3666666666667,1.71474777599117e-05,-0.000461280423509296,0.00431946213341281,-0.00383119032913632
11.4,1.32963116808997e-05,-0.00050706474189579,0.00430421216300857,-0.00381911040658623
11.4333333333333,1.21577998616162e-05,-0.000547016922958363,0.00428906023169884,-0.00380710897654554
11.4666666666667,1.39542009880775e-05,-0.000580671961891534,0.00427400512794916,-0.00379518506042309
11.5,1.88321282973243e-05,-0.000607657319318692,0.00425904583659531,-0.00378333766893139
11.5333333333333,2.68593963366102e-05,-0.000627697528152143,0.00424418152373605,-0.0037715658154431
11.5666666666667,3.80234429702904e-05,-0.00064061717975359,0.00422941151558615,-0.00375986853129757
11.6,5.22315065658031e-05,-0.000646342122885602,0.0042147352726373,-0.00374824488180978
11.6333333333333,6.93123345354776e-05,-0.0006448990515077,0.00420015236088812,-0.00373669398196852
11.6666666666667,8.90194586711009e-05,-0.00063641346083427,0.00418566242185467,-0.00372521501056596
11.7,0.00011103584517957,-0.000621106115522184,0.00417126514305651,-0.00371380722178642
11.7333333333333,0.000134979825980549,-0.000599288138683984,0.00415696023059582,-0.00370246995332238
11.7666666666667,0.00016041217390448,-0.00057135481554073,0.00414274738507232,-0.00369120263038216
11.8,0.000186844126355689,-0.000537778322017825,0.00412862628198123,-0.00368000476522104
11.8333333333333,0.000213746287168392,-0.000499099413189359,0.00411459655714137,-0.00366887595207776
11.8666666666667,0.000240558135078679,-0.000455918356495184,0.0041006577976197,-0.0036578158577988
11.9,0.000266698136873325,-0.000408885086278276,0.00408680953794259,-0.00364682420857871
11.9333333333333,0.000291574138566762,-0.00035868891658557,0.00407305126135967,-0.00363590077367284
11.9666666666667,0.000314593324767213,-0.000306048425270715,0.00405938240576213,-0.00362504534747385
12,0.000335162529546456,-0.000251709797520995,0.00404580237857874,-0.00361425773715474
12.0333333333333,0.000352699260285451,-0.000196435451327492,0.00403231056735236,-0.00360353774233781
12.0666666666667,0.000366656645671506,-0.0001409800337443,0.00401890634381798,-0.00359288512655889
12.1,0.000376535442563573,-8.6077808448907e-05,0.00400558907545408,-0.00358229960058676
12.1333333333333,0.000381894622643336,-3.24311763716465e-05,0.00399235813603802,-0.00357178080995264
12.1666666666667,0.000382361761466911,1.93007498095227e-05,0.00397921291335813,-0.00356132832660658
12.2,0.00037764140285024,6.8511858785056e-05,0.00396615281416189,-0.00355094164603528
12.2333333333333,0.000367522232687742,0.000114657780384119,0.00395317726538454,-0.00354062018926682
12.2666666666667,0.000351882441630328,0.000157263073139639,0.00394028571173414,-0.00353036330960677
12.3,0.000330693474163098,0.000195927023305001,0.00392747760974187,-0.00352017030330669
12.3333333333333,0.000304021906949267,0.000230327808306908,0.00391475241885145,-0.00351004042320279
12.3666666666667,0.000272029747041342,0.000260225067588337,0.0039021095902972,-0.00349997289405465
12.4,0.000234976347690422,0.000285457066946886,0.00388954855639021,-0.00348996692632506
12.4333333333333,0.000193218544809562,0.00030593668864993,0.00387706871930643,-0.00348002172897837
12.4666666666667,0.00014719931593385,0.000321656976579791,0.00386466943605357,-0.00347013652595292
12.5,9.74400387338653e-05,0.000332689695036028,0.00385235000797161,-0.00346031056681583
12.5333333333333,4.45331982639647e-05,0.000339180880039829,0.0038401096737305,-0.00345054313265019
12.5666666666667,-1.08668306229869e-05,0.000341346060480921,0.00382794760534864,-0.00344083353820959
12.6,-6.80535689075867e-05,0.000339464179214242,0.00381586290813416,-0.00343118112951238
12.6333333333333,-0.000126279122616877,0.000333870657632255,0.00380385462456146,-0.00342158527737741
12.6666666666667,-0.000184765391352541,0.000324949784480834,0.00379192174197307,-0.00341204536734946
12.7,-0.000242715814104687,0.000313126392587548,0.00378006320379719,-0.0034025607868994
12.7333333333333,-0.000299326598198318,0.000298857746682068,0.00376827792311517,-0.00339313091055528
12.7666666666667,-0.000353789153021726,0.000282633125280133,0.00375656479145748,-0.00338375507985095
12.8,-0.000405301030151701,0.000264965486920684,0.00374492269492013,-0.00337443258774596
12.8333333333333,-0.000453092178428749,0.000246369052566509,0.00373335054275744,-0.00336516267313645
12.8666666666667,-0.000496438546891677,0.000227347970671955,0.00372184728624628,-0.00335594451316583
12.9,-0.000534674326069297,0.000208385943225607,0.00371041193508358,-0.00334677721989843
12.9333333333333,-0.00056720372836165,0.000189935961521515,0.00369904357128638,-0.00333765984281518
12.9666666666667,-0.000593511146700004,0.000172411266745583,0.00368774135898558,-0.00332859137697039
13,-0.000613169792079942,0.000156177392341935,0.00367650454999448,-0.00331957077690982
13.0333333333333,-0.000625848823568968,0.000141545351871933,0.00366533248498567,-0.00331059697598123
13.0666666666667,-0.00063131857028733,0.00012876629094207,0.00365422459029035,-0.00330166890997641
13.1,-0.000629454075817471,0.00011802746898613,0.00364318037088253,-0.00329278554408696
13.1333333333333,-0.00062023670896073,0.000109449767751813,0.00363219940012949,-0.00328394590152764
13.1666666666667,-0.000603754057904614,0.000103086599358876,0.00362128130724555,-0.00327514909235123
13.2,-0.000580198024397225,9.8924263700187e-05,0.00361042576339869,-0.00326639434063945
13.2333333333333,-0.000549861306317171,9.6883644457865e-05,0.00359963246750166,-0.00325768100854514
13.2666666666667,-0.00051313233220972,9.6823170972564e-05,0.00358890113269458,-0.00324900861564402
13.3,-0.000470488786296943,9.85429668712129e-05,0.00357823147434412,-0.00324037685241107
13.3333333333333,-0.000422489909369138,0.00010179001409275,0.0035676232003415,-0.00323178558692497
13.3666666666667,-0.000369767647357641,0.000106264297246705,0.0035570760040858,-0.00322323486423001
13.4,-0.000313016927792541,0.000111625683803744,0.00354658956052555,-0.00321472489831286
13.4333333333333,-0.000252985063501362,0.000117501552535865,0.0035361635251039,-0.00320625605684502
13.4666666666667,-0.000190460633945633,0.000123494875582057,0.00352579753552377,-0.00319782883951438
13.5,-0.000126261776097146,0.000129192808760208,0.00351549121568062,-0.00318944385074858
13.5333333333333,-6.12264011137329e-05,0.000134173543005473,0.00350524418325588,-0.00318110177048161
13.5666666666667,3.78861813207824e-06,0.000138004982564183,0.0034950560667434,-0.00317280333143483
13.6,6.7926424583119e-05,0.000140259916867488,0.00348492650616656,-0.00316454927677841
13.6333333333333,0.000130353607799638,0.000140535277791275,0.00347485514852865,-0.00315634031342994
13.6666666666667,0.000190271723970333,0.000138461659854973,0.00346484165108214,-0.0031481770794483
13.7,0.000246925281383086,0.000133718512865783,0.00345488567644294,-0.00314006011838799
13.7333333333333,0.000299614134958345,0.000126041801112364,0.00344498689165564,-0.00313198985422905
13.7666666666667,0.000347709123392973,0.000115225480009947,0.00343514496937655,-0.00312396656865473
13.8,0.000390660846992771,0.000101127588119096,0.00342535958101819,-0.00311599039083719
13.8333333333333,0.000428007198703145,8.36747728103582e-05,0.00341563038786477,-0.00310806129439442
13.8666666666667,0.000459379188982492,6.28651333833126e-05,0.00340595703080586,-0.00310017910146894
13.9,0.000484504983417473,3.87698355699563e-05,0.00339633911895508,-0.00309234349322218
13.9333333333333,0.000503212122568835,1.15331374444778e-05,0.00338677621838904,-0.00308455402562206
13.9666666666667,0.000515428078333527,-1.862897535687e-05,0.00337726784174523,-0.00307681014908533
14,0.000521179058498549,-5.14315255485321e-05,0.00336781343966216,-0.00306911123058658
14.0333333333333,0.000520587268131094,-8.65245757017123e-05,0.0033584123948584,-0.00306145657662893
14.0666666666667,0.000513866665046777,-0.000123498397685598,0.00334906401950476,-0.00305384545565719
14.1,0.000501317361584517,-0.00016188974454775,0.00333976755641411,-0.00304627711861941
14.1333333333333,0.000483318833210659,-0.000201188979719842,0.00333052218419533,-0.00303875081658297
14.1666666666667,0.000460322015141462,-0.000240848076546367,0.00332132702646914,-0.00303126581470132
14.2,0.000432840542552974,-0.00028028917907205,0.00331218116471015,-0.00302382140200123
14.2333333333333,0.000401441142371344,-0.000318913786917224,0.0033030836543566,-0.0030164168969851
14.2666666666667,0.000366733504328155,-0.000356112213540041,0.00329403354323823,-0.00300905164913868
14.3,0.00032936014847651,-0.000391272895276607,0.00328502989108879,-0.00300172503660596
14.3333333333333,0.000289994858966126,-0.000423783684581017,0.00327607178177426,-0.00299443645556861
14.3666666666667,0.000249333122600486,-0.000453040270812044,0.003267158342584,-0.00298718531293786
14.4,0.000208066837591152,-0.00047846886205084,0.00325828877524898,-0.00297997102742193
14.4333333333333,0.000166870948846312,-0.000499537832749813,0.0032494623730493,-0.00297279302287396
14.4666666666667,0.000126391845648771,-0.000515767653521459,0.00324067853250652,-0.00296565072210583
14.5,8.72354943027367e-05,-0.000526740924047641,0.0032319367608418,-0.00295854354336032
14.5333333333333,4.99573967138584e-05,-0.000532110647152201,0.00322323667731935,-0.00295147089907165
14.5666666666667,1.50534960803452e-05,-0.000531607504410714,0.00321457800919052,-0.00294443219791549
14.6,-1.70472954009e-05,-0.000525045581105295,0.00320596058228866,-0.00293742684998221
14.6333333333333,-4.59891619997357e-05,-0.00051232667346522,0.00319738430708804,-0.00293045427501644
14.6666666666667,-7.14937031578294e-05,-0.000493442949450409,0.00318884916114291,-0.00292351391310094
14.7,-9.33627328792467e-05,-0.000468478091821261,0.00318035516917211,-0.00291660523716258
14.7333333333333,-0.000111479348927238,-0.00043760682353851,0.00317190238212325,-0.00290972776627165
14.7666666666667,-0.000125807507523622,-0.000401092942805826,0.00316349085660969,-0.00290288107880348
14.8,-0.000136390034811619,-0.000359285903549694,0.00315512063610034,-0.00289606482433621
14.8333333333333,-0.000143345278173106,-0.000312616035206309,0.00314679173501298,-0.00288927873335314
14.8666666666667,-0.000146862457770905,-0.000261588557044477,0.00313850412676859,-0.00288252262384791
14.9,-0.000147195866340858,-0.000206776431760763,0.00313025773642649,-0.00287579640419005
14.9333333333333,-0.000144658082492559,-0.000148812306930491,0.00312205243837415,-0.00286910007181966
14.9666666666667,-0.000139611580957394,-8.83802913981215e-05,0.00311388805944079,-0.00286243370726792
15,-0.000132455358656332,-2.62118172638506e-05,0.00310576438950324,-0.00285579746191434
15.0333333333333,-0.000123617703660587,3.69265820678644e-05,0.00309768119214279,-0.00284919154510942
15.0666666666667,-0.000113551694901087,0.000100249099630626,0.00308963821665046,-0.0028426162094699
15.1,-0.000102726523918935,0.000162960412698029,0.00308163521568883,-0.0028360717321834
15.1333333333333,-9.16285025408028e-05,0.000224257396628452,0.00307367196846117,-0.00282955840137718
15.1666666666667,-8.07482209145236e-05,0.000283343681030226,0.003065748296631,-0.00282307649329936
15.2,-7.05587701396796e-05,0.000339452079538187,0.00305786407370657,-0.00281662624425795
15.2333333333333,-6.15055445109013e-05,0.000391856433906416,0.00305001923682435,-0.0028102078319728
15.2666666666667,-5.39962817055983e-05,0.000439883072880092,0.00304221379385581,-0.0028038213598857
15.3,-4.83915658883906e-05,0.000482921727926529,0.00303444782512539,-0.00279746684532589
15.3333333333333,-4.49970139974182e-05,0.000520434735653887,0.00302672147981982,-0.00279114421268341
15.3666666666667,-4.40564646590116e-05,0.000551965152654717,0.00301903496664717,-0.00278485329133845
15.4,-4.57467701858171e-05,0.000577143203105381,0.00301138853934262,-0.00277859381848141
15.4333333333333,-5.01739677647901e-05,0.000595691255525022,0.00300378247761583,-0.00277236544627846
15.4666666666667,-5.7371101616165e-05,0.000607427071676654,0.00299621706468811,-0.00276616775277473
15.5,-6.72974935496646e-05,0.000612265493961006,0.00298869256260037,-0.00276000025556229
15.5333333333333,-7.98395989855897e-05,0.000610218457717312,0.00298120918681492,-0.00275386242722426
15.5666666666667,-9.48132468570999e-05,0.000601393486393462,0.00297376708151276,-0.00274775371141635
15.6,-0.00011196727174152,0.000585990690460585,0.00296636629709726,-0.00274167353852874
15.6333333333333,-0.000130988370876252,0.000564298392160501,0.00295900677116913,-0.00273562133995097
15.6666666666667,-0.000151507080729041,0.000536687513568266,0.00295168831410194,-0.0027295965601127
15.7,-0.000173104759608665,0.000503604798893153,0.00294441060005301,-0.00272359866574395
15.7333333333333,-0.000195321380506927,0.000465565099502365,0.00293717316390028,-0.00271762715196236
15.7666666666667,-0.000217664083171732,0.000423142735792573,0.0029299754043479,-0.00271168154518485
15.8,-0.000239616221276719,0.000376962230863315,0.0029228165929554,-0.00270576140296792
15.8333333333333,-0.000260646914922151,0.000327688376466524,0.00291569588873347,-0.00269986631131083
15.8666666666667,-0.000280220316483449,0.0002760164147476,0.00290861235690944,-0.0026939958795695
15.9,-0.000297797430336121,0.000222668947078156,0.00290156498362531,-0.00268814972820354
15.9333333333333,-0.000312843600733137,0.00016838749141627,0.00289455269868477,-0.00268232748003389
15.9666666666667,-0.00032485165434052,0.000113909361038371,0.00288757441620896,-0.00267652876438098
16,-0.000333353772245472,5.99548698196363e-05,0.0028806290642842,-0.00267075321469699
16.0333333333333,-0.000337931543301668,7.21608837341496e-06,0.00287371561170193,-0.00266500046751933
16.0666666666667,-0.000338225825977923,-4.36543126856265e-05,0.00286683309229731,-0.00265927016472343
16.1,-0.000333945124780649,-9.20529328963064e-05,0.00285998062466364,-0.002653561958421
16.1333333333333,-0.000324872616751832,-0.000137434331252891,0.00285315742680743,-0.00264787551865065
16.1666666666667,-0.000310871841265365,-0.00017931853732353,0.00284636282546948,-0.00264221054365632
16.2,-0.000291890683634375,-0.000217297025402296,0.00283959625979968,-0.00263656677188553
16.2333333333333,-0.000267963858378399,-0.000251037326709544,0.0028328572799432,-0.00263094399512863
16.2666666666667,-0.000239215627702485,-0.000280283929217792,0.00282614553910453,-0.00262534207358467
16.3,-0.000205863613361958,-0.00030485498258773,0.00281946077944389,-0.0026197609524615
16.3333333333333,-0.000168211483003488,-0.000324647659137388,0.00281280282416466,-0.00261420066672795
16.3666666666667,-0.000126642324948645,-0.000339639887710215,0.00280617156628381,-0.00260866134519461
16.4,-8.16137102086473e-05,-0.000349887438719416,0.00279956695403621,-0.00260314321387807
16.4333333333333,-3.36506740167532e-05,-0.000355520668004265,0.00279298897757343,-0.0025976465941818
16.4666666666667,1.66621187380824e-05,-0.000356739896297012,0.00278643765684683,-0.0025921718966647
16.5,6.86891922891041e-05,-0.000353809736658353,0.002779913031483,-0.00258671961005534
16.5333333333333,0.000121753824219571,-0.000347052603960547,0.00277341515322746,-0.00258129028583957
16.5666666666667,0.000175148299681615,-0.000336841370819866,0.0027669440809604,-0.00257588451888095
16.6,0.000228144547886164,-0.000323591449842992,0.00276049987839704,-0.00257050292500963
16.6333333333333,0.000280005207403201,-0.000307752268972801,0.00275408261401021,-0.00256514611642035
16.6666666666667,0.000329992523944149,-0.000289800509498349,0.00274769236469834,-0.0025598146783263
16.7,0.000377369565549818,-0.000270240291082537,0.00274132922680274,-0.00255450915284754
16.7333333333333,0.000421418421684668,-0.000249587276341346,0.00273499331349009,-0.0025492300080535
16.7666666666667,0.000461460581061415,-0.000228350474274412,0.00272868475048462,-0.0025439776081677
16.8,0.000496867505506102,-0.000207022905384684,0.00272240367853308,-0.00253875219695979
16.8333333333333,0.000527071996758636,-0.000186071296304673,0.00271615025305609,-0.00253355388519637
16.8666666666667,0.000551578094771465,-0.000165926872188227,0.00270992464205049,-0.00252838264472393
16.9,0.000569969658781708,-0.000146977169501944,0.00270372702174919,-0.00252323830921128
16.9333333333333,0.000581917444650924,-0.000129559000607828,0.00269755756993018,-0.00251812058140278
16.9666666666667,0.00058718470081146,-0.000113952616168036,0.00269141645699196,-0.00251302904632916
17,0.000585630994154365,-0.000100377298686517,0.00268530383528996,-0.00250796318968896
17.0333333333333,0.00057721445793075,-8.89882728000658e-05,0.00267921982719684,-0.00250292242011151
17.0666666666667,0.000561992270669653,-7.98750812996904e-05,0.00267316451271399,-0.00249790609397363
17.1,0.000540119560744536,-7.30613045634526e-05,0.0026671379173774,-0.00249291354119635
17.1333333333333,0.000511846694485659,-6.85056413591558e-05,0.00266114000135607,-0.00248794409049138
17.1666666666667,0.000477515109881205,-6.61042495253531e-05,0.00265517065052455,-0.00248299709259837
17.2,0.000437551785164607,-6.56942514512542e-05,0.00264922967022961,-0.00247807194018856
17.2333333333333,0.000392462453228307,-6.70583375501666e-05,0.00264331678232605,-0.00247316808343223
17.2666666666667,0.000342823758895469,-6.99302832299038e-05,0.00263743162582151,-0.00246828504043248
17.3,0.000289274406648972,-7.40013561974932e-05,0.00263157376132863,-0.00246342240219418
17.3333333333333,0.000232505579586916,-7.89273638604366e-05,0.00262574267918385,-0.00245857983202027
17.3666666666667,0.000173250611321247,-8.43363621571657e-05,0.00261993781099789,-0.00245375705972318
17.4,0.00011227425409889,-8.98367306024388e-05,0.0026141585440389,-0.00244895387121583
17.4333333333333,5.03624404583398e-05,-9.50247587105619e-05,0.00260840423717174,-0.00244417009400813
17.4666666666667,-1.16794136874717e-05,-9.94842350340156e-05,0.00260267423222101,-0.00243940557602278
17.5,-7.30401463734931e-05,-0.000102797280327195,0.00259696787420415,-0.00243466016858953
17.5333333333333,-0.000132925596199292,-0.000104564019851571,0.00259128453746553,-0.00242993371349486
17.5666666666667,-0.000190567471021373,-0.000104415812562546,0.00258562364448491,-0.00242522602447148
17.6,-0.000245233313232589,-0.000102026448564477,0.00257998468175453,-0.0024205368725851
17.6333333333333,-0.000296243593082876,-9.71150886480866e-05,0.00257436720941456,-0.00241586598039086
17.6666666666667,-0.000342982401531209,-8.94527892283506e-05,0.00256877086879136,-0.00241121301731666
17.7,-0.00038490632872463,-7.8869015863889e-05,0.00256319538633713,-0.00240657759964498
17.7333333333333,-0.000421552165062291,-6.52562691278999e-05,0.00255764057322962,-0.00240195929575516
17.7666666666667,-0.000452542958393317,-4.85736834002844e-05,0.002552106321349,-0.00239735763598911
17.8,-0.000477592373343977,-2.88491129577204e-05,0.00254659259601508,-0.00239277212656142
17.8333333333333,-0.000496507508705846,-6.17986089735515e-06,0.0025410994262673,-0.00238820226664472
17.8666666666667,-0.000509189967545874,1.92679998314148e-05,0.00253562689356224,-0.0023836475673869
17.9,-0.000515635403669072,4.72616319201733e-05,0.00253017511978655,-0.00237910757169627
17.9333333333333,-0.000515931481416444,7.75046961186507e-05,0.00252474425553712,-0.0023745818734194
17.9666666666667,-0.000510254427203447,0.000109641806690339,0.00251933446944261,-0.00237007013473503
18,-0.000498864244240307,0.000143264009944829,0.00251394593928317,-0.00236557210061937
18.0333333333333,-0.000482098711675095,0.000177915262726321,0.00250857884532682,-0.00236108760950228
18.0666666666667,-0.000460366346797807,0.000213099659796867,0.00250323336625481,-0.00235661659947301
18.1,-0.000434138385679543,0.000248289434941758,0.0024979096776165,-0.00235215910964763
18.1333333333333,-0.00040394004519308,0.000282933427686524,0.00249260795273381,-0.00234771527669611
18.1666666666667,-0.000370341055028942,0.000316466085499322,0.00248732836552712,-0.00234328532668446
18.2,-0.000333945787318387,0.000348316656664504,0.00248207109479607,-0.00233886956284964
18.2333333333333,-0.000295385280827269,0.000377916447130765,0.00247683633084609,-0.00233446835197928
18.2666666666667,-0.000255316530418756,0.000404699058376077,0.00247162428788313,-0.00233008211503546
18.3,-0.00021440441267514,0.000428116830521934,0.00246643520313959,-0.00232571130137581
18.3333333333333,-0.000173302283787833,0.000447658435828381,0.0024612693324876,-0.00232135636075154
18.3666666666667,-0.000132641413078462,0.000462858011027933,0.00245612694959722,-0.00231701772358404
18.4,-9.30198032969357e-05,0.000473304773121003,0.00245100834094237,-0.00231269578234024
18.4333333333333,-5.49919174226557e-05,0.000478651649932609,0.00244591379753651,-0.00230839087615445
18.4666666666667,-1.90598661230143e-05,0.000478622462412917,0.00244084360367081,-0.00230410327973767
18.5,1.43344040168948e-05,0.000473018039579929,0.00243579802257674,-0.00229983319646704
18.5333333333333,4.48153338851261e-05,0.000461720786618273,0.00243077727996007,-0.00229558075614335
18.5666666666667,7.20786436106124e-05,0.000444697877985664,0.00242578154603923,-0.00229134601691672
18.6,9.58945835040971e-05,0.000422002872453527,0.0024208109172823,-0.00228712897108271
18.6333333333333,0.000116109766390826,0.0003937758765673,0.00241586539884101,-0.00228292955382511
18.6666666666667,0.000132647417148304,0.000360242198745345,0.00241094488895316,-0.00227874765414005
18.7,0.000145506252352891,0.000321709604751691,0.00240604916634387,-0.00227458312682188
18.7333333333333,0.000154757955634869,0.00027856424288288,0.00240117788165613,-0.00227043580457823
18.7666666666667,0.00016054342550067,0.000231265313753782,0.00239633055369046,-0.00226630550927471
18.8,0.00016306787623295,0.000180338660978397,0.00239150657096717,-0.00226219206150587
18.8333333333333,0.000162594641900072,0.000126369596126779,0.00238670519870298,-0.00225809528816109
18.8666666666667,0.00015943442838726,6.99988369137863e-05,0.00238192558816731,-0.00225401503115338
18.9,0.000153937271424961,1.19139078853977e-05,0.00237716679446006,-0.00224995114960552
18.9333333333333,0.000146489575471545,-4.71658777328692e-05,0.00237242780346712,-0.00224590351310645
18.9666666666667,0.000137505793880343,-0.000106499926048024,0.00236770755840361,-0.00224187199756819
19,0.00012742022426243,-0.000165336257488323,0.00236300498785102,-0.00223785647883977
19.0333333333333,0.000116686424456142,-0.000222914793801452,0.00235831902731444,-0.00223385681849287
19.0666666666667,0.000105768732172662,-0.000278477587098011,0.00235364864885728,-0.00222987285580252
19.1,9.51213207914846e-05,-0.000331290956170876,0.00234899290255825,-0.00222590441031303
19.1333333333333,8.51777648296757e-05,-0.000380657509203173,0.00234435094371436,-0.00222195127690557
19.1666666666667,7.63415208854034e-05,-0.000425927195109138,0.00233972205497504,-0.00221801322244363
19.2,6.89767218710721e-05,-0.000466507903833518,0.00233510566317504,-0.00221408998522314
19.2333333333333,6.34002061369322e-05,-0.000501874744724305,0.0023305013493909,-0.00221018127696667
19.2666666666667,5.98747155069284e-05,-0.000531578039716146,0.00232590885210742,-0.00220628678767398
19.3,5.86032442012775e-05,-0.000555250043637032,0.00232132806369632,-0.00220240619330642
19.3333333333333,5.97248915250212e-05,-0.000572610047750902,0.0023167590204373,-0.00219853916572955
19.3666666666667,6.3312011343692e-05,-0.000583468047216778,0.00231220188709998,-0.00219468538454592
19.4,6.93689002797013e-05,-0.000587726753713942,0.00230765693703441,-0.00219084454989513
19.4333333333333,7.78318226214484e-05,-0.000585382118764624,0.00230312452918256,-0.00218701639552539
19.4666666666667,8.85704751742814e-05,-0.000576522297964336,0.00229860508338091,-0.00218320070111781
19.5,0.00010139070937664,-0.00056132519610492,0.00229409905542065,-0.00217939730309027
19.5333333333333,0.000116038493927509,-0.000540054650483328,0.0022896069132677,-0.00217560610302378
19.5666666666667,0.000132204973030391,-0.000513055352581972,0.00228512911562219,-0.00217182707311076
19.6,0.000149532502123889,-0.000480746670479374,0.00228066609390723,-0.0021680602581499
19.6333333333333,0.000167621568804779,-0.000443615421224734,0.00227621823833037,-0.00216430577384194
19.6666666666667,0.000186038400052261,-0.000402207836746842,0.00227178588856918,-0.00216056380141132
19.7,0.000204323221684023,-0.000357120718763113,0.00226736932908279,-0.00215683457873643
19.7333333333333,0.000221998909626029,-0.000308992085281532,0.00226296878899355,-0.0021531183885051
19.7666666666667,0.000238580053857376,-0.000258491255626232,0.00225858444594732,-0.00214941554395875
19.8,0.000253580031471603,-0.000206310714774627,0.002254216434589,-0.00214572637460145
19.8333333333333,0.000266511204511931,-0.000153164387260412,0.0022498648613883,-0.00214205121597548
19.8666666666667,0.000276900840906488,-9.97708598089801e-05,0.0022455298118895,-0.0021383903880432
19.9,0.000284308722202164,-4.6834845357672e-05,0.00224121135775786,-0.00213474417384764
19.9333333333333,0.000288335947731603,4.96304902587784e-06,0.00223690956799392,-0.0021311128064869
19.9666666666667,0.000288634516184374,5.49773930612503e-05,0.00223262451764318,-0.00212749645816924
20,0.000284915587957565,0.000102607814271057,0.00222835629419287,-0.00212389523317503
20.0333333333333,0.000276956577608969,0.000147307830332725,0.00222410500096535,-0.00212030916482721
20.0666666666667,0.000264606904730762,0.000188592450755477,0.00221987075716106,-0.00211673821637666
20.1,0.000247792414719172,0.000226044551050273,0.00221565369453567,-0.00211318228550567
20.1333333333333,0.000226519118218297,0.000259318807571373,0.0022114539515324,-0.00210964121142197
20.1666666666667,0.000200879216615151,0.000288140414693602,0.00220727166680074,-0.00210611478210307
20.2,0.000171048357672258,0.000312309829670171,0.00220310696696628,-0.00210260274667514
20.2333333333333,0.000137280118117779,0.000331707536989316,0.00219895995289702,-0.00209910482905779
20.2666666666667,9.99031977477025e-05,0.000346293046129496,0.00219483068825467,-0.0020956207388526
20.3,5.93166746744448e-05,0.000356103264850798,0.00219071918859185,-0.0020921501812056
20.3333333333333,1.59841305249342e-05,0.000361249555349933,0.00218662541225043,-0.00208869286450204
20.3666666666667,-2.95732316996671e-05,0.00036191355299122,0.00218254925378588,-0.00208524850536661
20.4,-7.6784417331591e-05,0.000358342024278884,0.00217849054040818,-0.00208181683068763
20.4333333333333,-0.000125037297047411,0.000350840742349585,0.00217444903182826,-0.00207839757662268
20.4666666666667,-0.000173687845710405,0.000339767613056405,0.0021704244235913,-0.00207499048472931
20.5,-0.000222069968855361,0.000325525053948638,0.00216641635381689,-0.00207159529572647
20.5333333333333,-0.000269505595542955,0.000308551888414664,0.00216242441295786,-0.0020682117414566
20.5666666666667,-0.000315314128277113,0.000289315649038112,0.00215844815533896,-0.00206483953536544
20.6,-0.000358814094297622,0.000268312099756635,0.00215448710616214,-0.00206147835806798
20.6333333333333,-0.000399336134372794,0.000246053715844047,0.00215054077833462,-0.00205812785008342
20.6666666666667,-0.000436243386633526,0.00022305081098148,0.0021466086961178,-0.00205478761131634
20.7,-0.00046894227591175,0.000199801626312773,0.00214269041078921,-0.00205145719820418
20.7333333333333,-0.000496892902517402,0.000176782545380912,0.00213878551486115,-0.00204813612467916
20.7666666666667,-0.000519618911577116,0.000154438604113259,0.00213489365398087,-0.00204482386749777
20.8,-0.000536715750512488,0.000133175304841506,0.00213101453524277,-0.00204151987550666
20.8333333333333,-0.00054785789043519,0.000113351238104842,0.00212714793205587,-0.00203822358313084
20.8666666666667,-0.000552804459214111,9.52720090801e-05,0.0021232936851671,-0.00203493442732247
20.9,-0.000551403479902666,7.91853410164893e-05,0.00211945170013763,-0.00203165186738959
20.9333333333333,-0.000543594449770579,6.52775799763723e-05,0.00211562194155435,-0.00202837540652932
20.9666666666667,-0.000529409434649261,5.36714901524426e-05,0.00211180442465128,-0.00202510461403659
21,-0.000508972545393811,4.44254434200816e-05,0.00210799920502328,-0.00202183914677328
21.0333333333333,-0.000482497967139824,3.7533890238441e-05,0.00210420636730615,-0.00201857876872673
21.0666666666667,-0.000450286537263202,3.29290993279581e-05,0.00210042601367236,-0.00201532336735269
21.1,-0.000412721009518714,3.04840753002151e-05,0.00209665825294878,-0.00201207296569538
21.1333333333333,-0.000370260116941487,3.00165391597023e-05,0.00209290319112111,-0.00200882772941169
21.1666666666667,-0.00032343151983109,3.12939171474089e-05,0.00208916092373349,-0.00200558796810706
21.2,-0.000272823847066321,3.40391421332519e-05,0.00208543153066391,-0.00200235413075583
21.2333333333333,-0.00021907785719348,3.79372555336483e-05,0.00208171507334857,-0.00199912679516279
21.2666666666667,-0.000162877001762955,4.26425551650365e-05,0.00207801159455675,-0.00199590665194905
21.3,-0.000104937357631776,4.77863180843414e-05,0.00207432112033781,-0.00199269448356228
21.3333333333333,-4.5997267157964e-05,5.2984803047401e-05,0.00207064366388897,-0.00198949113941661
21.3666666666667,1.31900359951372e-05,5.78443618017522e-05,0.00206697923367628,-0.00198629751156061
21.4,7.18592182816079e-05,6.19622012877346e-05,0.00206332784652343,-0.00198311451358739
21.4333333333333,0.000129250683140858,6.49458332466329e-05,0.0020596895230657,-0.0019799430431028
21.4666666666667,0.000184623890206896,6.64307442764439e-05,0.00205606428396679,-0.00197678394958635
21.5,0.000237272596173282,6.60837930461775e-05,0.00205245215812793,-0.00197363800383859
21.5333333333333,0.000286537767618922,6.36101268286585e-05,0.00204885318502379,-0.00197050587272274
21.5666666666667,0.000331817366608026,5.87611203537592e-05,0.00204526741306634,-0.00196738810109652
21.6,0.000372575390211341,5.13404870395968e-05,0.00204169489645858,-0.00196428509935925
21.6333333333333,0.000408349626180858,4.12096095098184e-05,0.00203813568951369,-0.00196119713725917
21.6666666666667,0.000438757818228729,2.82914935140947e-05,0.0020345898392132,-0.00195812434410931
21.7,0.000463502484198755,1.25734738015181e-05,0.00203105737629626,-0.00195506671471468
21.7333333333333,0.000482374059333352,-5.8914578861797e-06,0.00202753830561708,-0.00195202412052471
21.7666666666667,0.000495252586688856,-2.69846226931284e-05,0.00202403259640803,-0.00194899632484409
21.8,0.000502107800742594,-5.05229442932539e-05,0.00202054017328625,-0.00194598300106783
21.8333333333333,0.000502997793475438,-7.62614762884917e-05,0.00201706090871414,-0.00194298375259182
21.8666666666667,0.000498066244997756,-0.000103897080884706,0.00201359461760663,-0.00193999813318311
21.9,0.000487538368818363,-0.000133073206607256,0.00201014105466037,-0.00193702566659908
21.9333333333333,0.000471715669611349,-0.000163385582880982,0.00200669991474578,-0.00193406586439539
21.9666666666667,0.00045096960883568,-0.000194388821183007,0.00200327083663309,-0.00193111824112127
22,0.00042573437192199,-0.000225603668020316,0.00199985340992946,-0.0019281823262427
22.0333333333333,0.000396498770104077,-0.000256524944088673,0.0019964471851175,-0.00192525767255051
22.0666666666667,0.000363797546258182,-0.000286629864271297,0.00199305168611155,-0.00192234386090324
22.1,0.000328202057070038,-0.000315386812914886,0.00198966642487378,-0.00191944050162405
22.1333333333333,0.000290311719562153,-0.000342263212574135,0.00198629091626161,-0.00191654723218504
22.1666666666667,0.00025075262699524,-0.000366726326549848,0.00198292468715213,-0.00191366370785346
22.2,0.000210164563737768,-0.000388255100063963,0.0019795672952492,-0.00191078959833966
22.2333333333333,0.000169181132259861,-0.000406358545285067,0.00197621835182225,-0.00190792458758716
22.2666666666667,0.000128419238825903,-0.00042058497932599,0.00197287753408716,-0.00190506836760669
22.3,8.84683265534012e-05,-0.000430531387132213,0.00196954459476714,-0.00190222063372956
22.3333333333333,4.98803916910756e-05,-0.000435851950671658,0.00196621936769792,-0.00189938108149248
22.3666666666667,1.31610681446847e-05,-0.000436265426038554,0.00196290176902391,-0.00189654940559161
22.4,-2.12381083495144e-05,-0.000431561330019513,0.00195959179412966,-0.00189372530129152
22.4333333333333,-5.29262948745459e-05,-0.000421604911174535,0.00195628951063159,-0.00189090846840328
22.4666666666667,-8.15784434977554e-05,-0.000406340648244237,0.00195299504792488,-0.00188809861753247
22.5,-0.000106939122818902,-0.000385794404860028,0.00194970858415583,-0.0018852954783095
22.5333333333333,-0.000128824799455812,-0.000360074082476979,0.00194643033154094,-0.00188249880889011
22.5666666666667,-0.000147124793894074,-0.000329368893032683,0.001943160521107,-0.00187970840608658
22.6,-0.000161800786109129,-0.000293947229916212,0.00193989938794152,-0.00187692411523491
22.6333333333333,-0.000172885063270079,-0.000254153232523815,0.00193664715794324,-0.00187414583903874
22.6666666666667,-0.000180477506009612,-0.000210402141891774,0.0019334040370173,-0.00187137354456714
22.7,-0.000184741378364637,-0.000163174593873401,0.00193017020341195,-0.00186860726773304
22.7333333333333,-0.000185895472721169,-0.00011301267428115,0.00192694580530157,-0.00186584711346579
22.7666666666667,-0.000184205758199658,-6.05145851393721e-05,0.00192373096202259,-0.00186309325280073
22.8,-0.000179983517147473,-6.32118800598437e-06,0.00192052576476038,-0.00186034592007016
22.8333333333333,-0.000173578899447589,4.88941420354946e-05,0.00191733028288804,-0.00185760540475932
22.8666666666667,-0.000165372928906439,0.000104434905830458,0.00191414457382768,-0.00185487203994891
22.9,-0.000155769555866481,0.000159591869681843,0.00191096869456737,-0.00185214618861038
22.9333333333333,-0.000145189941894632,0.000213650722026881,0.00190780271594414,-0.00184942823003627
22.9666666666667,-0.000134071976838489,0.000265894695396643,0.00190464674019717,-0.00184671854932449
23,-0.000122853892337599,0.000315622464527784,0.00190150090893437,-0.00184401751558164
23.0333333333333,-0.000111958999519672,0.000362164867023339,0.00189836540937976,-0.00184132546148166
23.0666666666667,-0.000101787421718584,0.000404894691667005,0.00189524048114024,-0.00183864266932096
23.1,-9.27068772520314e-05,0.000443237254745543,0.00189212641820229,-0.00183596935868497
23.1333333333333,-8.50447502546339e-05,0.000476679556910312,0.00188902356682649,-0.00183330567775308
23.1666666666667,-7.90810898473743e-05,0.00050477837429395,0.00188593231889692,-0.00183065169833033
23.2,-7.50428050192299e-05,0.000527167009902511,0.00188285310089722,-0.00182800741477779
23.2333333333333,-7.3099004606814e-05,0.000543560744913447,0.00187978635892244,-0.00182537274667801
23.2666666666667,-7.33577501407319e-05,0.000553760736558851,0.00187673254054509,-0.00182274754496262
23.3,-7.58640439916916e-05,0.000557656512835293,0.00187369207439934,-0.00182013160083782
23.3333333333333,-8.05992449742662e-05,0.00055522690281566,0.00187066534871647,-0.00181752465686832
23.3666666666667,-8.74817233925318e-05,0.000546539553098227,0.0018676526899463,-0.00181492641932142
23.4,-9.6368827479592e-05,0.000531749000849828,0.00186465434277524,-0.00181233657095573
23.4333333333333,-0.000107059996272501,0.000511093425052429,0.00186167045265588,-0.00180975478338454
23.4666666666667,-0.000119300981434883,0.000484890163285245,0.00185870105191525,-0.00180718072827056
23.5,-0.000132789053062696,0.000453530073553086,0.00185574605026486,-0.00180461408674321
23.5333333333333,-0.000147179060454143,0.000417470923545774,0.00185280523028476,-0.00180205455656864
23.5666666666667,-0.000162090273954444,0.000377229836965241,0.00184987824823526,-0.00179950185687735
23.6,-0.000177113806042764,0.000333375052012545,0.00184696464014509,-0.00179695573035346
23.6333333333333,-0.000191820591808552,0.000286516971513398,0.0018440638330094,-0.00179441594314239
23.6666666666667,-0.000205769671152433,0.000237298812343663,0.00184117516043674,-0.00179188228273666
23.7,-0.000218515897988096,0.000186387670397829,0.00183829788120865,-0.0017893545537135
23.7333333333333,-0.000229610560074672,0.000134472399668116,0.00183543119318427,-0.00178683256648565
23.7666666666667,-0.000238612544065925,8.22511240467004e-05,0.00183257425968402,-0.00178431613434883
23.8,-0.000245106220245448,3.04121132849304e-05,0.00182972624387985,-0.0017818050770123
23.8333333333333,-0.000248710551243667,-2.03768955082771e-05,0.00182688633389459,-0.00177929921848396
23.8666666666667,-0.000249087898820665,-6.94791475621186e-05,0.00182405376614941,-0.0017767983869226
23.9,-0.00024595237414034,-0.000116298945990956,0.00182122784588378,-0.00177430241685831
23.9333333333333,-0.000239076747982793,-0.00016029037023502,0.00181840796315724,-0.00177181115318952
23.9666666666667,-0.000228298436223985,-0.000200965140807546,0.00181559360444388,-0.00176932445743892
24,-0.00021352440282278,-0.00023789876759387,0.00181278435885782,-0.00176684221594858
24.0333333333333,-0.000194738302516514,-0.000270731913015241,0.00180997991648675,-0.0017643643527377
24.0666666666667,-0.000172002004629831,-0.000299174550943532,0.0018071800657654,-0.00176189083871089
24.1,-0.000145451589184889,-0.000323013083809534,0.00180438469086892,-0.00175942169677752
24.1333333333333,-0.000115296215096361,-0.000342111585535225,0.00180159376214148,-0.00175695701022656
24.1666666666667,-8.18156281154906e-05,-0.000356411793369275,0.00179880732439887,-0.00175449692938378
24.2,-4.53562185729142e-05,-0.000365931929593699,0.0017960254841083,-0.0017520416757053
24.2333333333333,-6.32607253689241e-06,-0.000370764150726701,0.00179324839612972,-0.00174959154306669
24.2666666666667,3.48110719954437e-05,-0.000371070902168542,0.00179047625108949,-0.00174714689563268
24.3,7.75428114176956e-05,-0.000367080191155613,0.0017877092640183,-0.00174470816214862
24.3333333333333,0.000121315816295175,-0.000359079946281552,0.00178494766489867,-0.00174227582670978
24.3666666666667,0.000165544295428519,-0.00034741150314148,0.00178219169138641,-0.00173985041616682
24.4,0.000209618917727374,-0.000332462436555655,0.00177944158396246,-0.00173743248473972
24.4333333333333,0.000252916212825445,-0.000314658733433681,0.00177669758331492,-0.00173502259636152
24.4666666666667,0.000294808130440274,-0.000294456587009533,0.00177395992983756,-0.00173262130572698
24.5,0.000334668399076592,-0.000272337116719392,0.00177122886734865,-0.00173022914195355
24.5333333333333,0.000371875455749214,-0.000248804216577727,0.00176850465033049,-0.00172784659557058
24.5666666666667,0.000405830977361392,-0.000224366951136152,0.00176578753944186,-0.00172547409227358
24.6,0.000435974190149387,-0.000199525832589814,0.00176307780034742,-0.00172311197328972
24.6333333333333,0.000461791088086399,-0.000174763878010609,0.00176037570538472,-0.00172076048367787
24.6666666666667,0.000482823945774295,-0.000150537144897229,0.00175768153311591,-0.0017184197640435
24.7,0.000498679652403587,-0.00012726624139334,0.00175499556637947,-0.00171608984738634
24.7333333333333,0.000509036731193763,-0.000105328912540511,0.00175231808854019,-0.00171377066111422
24.7666666666667,0.00051365125174723,-8.50535488146066e-05,0.00174964937770126,-0.00171146203383094
24.8,0.000512361217224035,-6.67140005503917e-05,0.00174698969922053,-0.00170916370661772
24.8333333333333,0.000505089621931384,-5.05255577467365e-05,0.0017443392967413,-0.00170687534791229
24.8666666666667,0.000491845951876815,-3.66422942801434e-05,0.00174169838234154,-0.00170459657110308
24.9,0.000472726295955334,-2.51556613818295e-05,0.00173906712635123,-0.00170232695365782
24.9333333333333,0.000447911975726217,-1.60944017145523e-05,0.00173644564759092,-0.0017000660566236
24.9666666666667,0.000417666844644438,-9.42567894782598e-06,0.00173383400470579,-0.00169781344330046
25,0.000382333283902421,-5.05738459750523e-06,0.00173123218929288,-0.0016955686959761
25.0333333333333,0.000342327009882432,-2.84154238334225e-06,0.00172864012140379,-0.0016933314297983
25.0666666666667,0.000298130824946053,-2.57867855597309e-06,0.00172605764786628,-0.00169110130300762
25.1,0.00025028737635522,-4.02311522073977e-06,0.0017234845437389,-0.00168887802309577
25.1333333333333,0.000199391140411779,-6.88898233676855e-06,0.00172092051695875,-0.00168666134862539
25.1666666666667,0.000146079640533279,-1.08569460825992e-05,0.00171836521613642,-0.00168445108685392
25.2,9.10241825906764e-05,-1.55813966110346e-05,0.00171581824114622,-0.0016822470874484
25.2333333333333,3.49200623424027e-05,-2.06981303369853e-05,0.00171327915611744,-0.00168004923296226
25.2666666666667,-2.15219018073156e-05,-2.58307428201736e-05,0.0017107475030751,-0.0016778574260121
25.3,-7.75765231032893e-05,-3.05920393191045e-05,0.00170822281266913,-0.00167567157081766
25.3333333333333,-0.000132515401821041,-3.46008335150702e-05,0.00170570462553732,-0.00167349155898051
25.3666666666667,-0.000185627967819947,-3.74947250691388e-05,0.00170319251215321,-0.00167131726172976
25.4,-0.000236234519473823,-3.89352497207038e-05,0.00170068608597903,-0.00166914851990041
25.4333333333333,-0.000283696716814997,-3.86168569497242e-05,0.00169818501657383,-0.00166698513522448
25.4666666666667,-0.000327427618097375,-3.62743215465973e-05,0.001695689039354,-0.00166482686539683
25.5,-0.000366900590318808,-3.16892966122223e-05,0.00169319796197307,-0.0016626734230162
25.5333333333333,-0.000401656929750401,-2.46958664012035e-05,0.00169071166720658,-0.00166052447865774
25.5666666666667,-0.000431312327517273,-1.51849675701018e-05,0.00168823011233326,-0.00165837966809252
25.6,-0.000455561800249031,-3.10753154334801e-06,0.00168575332528829,-0.00165623860313255
25.6333333333333,-0.000474183293702827,1.1523577835765e-05,0.00168328139809033,-0.00165410088558293
25.6666666666667,-0.000487039719324471,2.86329494291623e-05,0.00168081447815061,-0.00165196612333418
25.7,-0.000494079615060013,4.8083238146043e-05,0.00167835275820153,-0.00164983394769189
25.7333333333333,-0.000495336326367585,6.9677006627387e-05,0.00167589646563565,-0.00164770403077739
25.7666666666667,-0.000490925874460493,9.31597227556729e-05,0.00167344585198722,-0.00164557610198697
25.8,-0.000481043528623172,0.00011822380591809,0.00167100118329659,-0.00164344996243951
25.8333333333333,-0.000465959208246315,0.000144513682659804,0.00166856273187017,-0.00164132549655853
25.8666666666667,-0.000446011836352398,0.000171631658578773,0.00166613076992802,-0.00163920268007625
25.9,-0.000421602716193191,0.000199144607514406,0.00166370556528645,-0.00163708158396393
25.9333333333333,-0.000393188138764905,0.000226591220340897,0.00166128737921192,-0.00163496237409518
25.9666666666667,-0.000361271234358813,0.000253489855608104,0.00165887646618519,-0.00163284530659525
26,-0.00032639334366431,0.000279346689536555,0.00165647307536009,-0.00163073071923524
26.0333333333333,-0.000289124892101521,0.000303664217696042,0.00165407745313336,-0.00162861901926662
26.0666666666667,-0.000250059747285308,0.000325946179978023,0.00165168984922253,-0.00162651067191392
26.1,-0.000209811834117823,0.000345700121245297,0.00164931052497441,-0.00162440618931891
26.1333333333333,-0.000168996406792251,0.00036245494942371,0.00164693974914059,-0.00162230610403411
26.1666666666667,-0.000128216139363607,0.000375773629007366,0.0016445777954836,-0.0016202109463485
26.2,-8.80517400281707e-05,0.000385261338836601,0.00164222494156165,-0.00161812122642644
26.2333333333333,-4.90518270169457e-05,0.000390574248263745,0.00163988146410469,-0.0016160374172177
26.2666666666667,-1.1724197126583e-05,0.000391426860193965,0.00163754763238129,-0.0016139599407556
26.3,2.34720792469146e-05,0.000387598433061015,0.00163522369911217,-0.00161188915777283
26.3333333333333,5.61333148863396e-05,0.000378938139415029,0.00163290988941645,-0.00160982536121438
26.3666666666667,8.59167351250732e-05,0.000365369012555576,0.00163060638820067,-0.00160776877352669
26.4,0.000112544585384344,0.000346890477703955,0.00162831332681081,-0.00160571954771206
26.4333333333333,0.000135807006813859,0.000323579575470283,0.00162603076964469,-0.00160367777152934
26.4666666666667,0.000155563473768969,0.000295590769273911,0.0016237587017306,-0.00160164347438714
26.5,0.000171742990142684,0.000263154443855772,0.00162149701808498,-0.00159961663603819
26.5333333333333,0.000184342956920941,0.00022657410794781,0.00161924551575395,-0.00159759719635915
26.5666666666667,0.000193426875499603,0.000186222388042623,0.00161700388923463,-0.00159558506532107
26.6,0.000199119232364581,0.000142537633040319,0.0016147717283986,-0.0015935801340489
26.6333333333333,0.000201597810786144,9.60210473396386e-05,0.0016125485195183,-0.00159158228621121
26.6666666666667,0.000201092303561026,4.72256904184884e-05,0.00161033365692132,-0.00158959140063307
26.7,0.000197880022703531,-3.25323865036269e-06,0.00160812645710175,-0.00158760735377875
26.7333333333333,0.000192278937807325,-5.47866105845396e-05,0.00160592617487665,-0.00158563002202151
26.7666666666667,0.000184640710502454,-0.000106720801539265,0.00160373202340343,-0.00158365928129293
26.8,0.000175343162817794,-0.000158387202639918,0.00160154319637147,-0.00158169500506395
26.8333333333333,0.000164783538701375,-0.000209110920991573,0.00159935889056268,-0.00157973705999785
26.8666666666667,0.000153378137576549,-0.000258213085707929,0.00159717832220959,-0.00157778529523214
26.9,0.00014155032900515,-0.000305024511319933,0.00159500075476868,-0.00157583954127615
26.9333333333333,0.000129714400135865,-0.000348903351280112,0.00159282552895805,-0.00157389961261262
26.9666666666667,0.000118267081496743,-0.000389245042785372,0.00159065208201555,-0.001571965304888
27,0.000107578908018577,-0.00042549225080392,0.00158847996338926,-0.00157003639415922
27.0333333333333,9.79860815451325e-05,-0.00045714416602424,0.00158630884563594,-0.00156811263814536
27.0666666666667,8.97835537927594e-05,-0.000483764423193302,0.00158413852952176,-0.00156619377928066
27.1,8.3218890250348e-05,-0.000504988074319954,0.00158196894372534,-0.00156427955007683
27.1333333333333,7.84874094301637e-05,-0.000520527126998775,0.0015798001390051,-0.00156236968034655
27.1666666666667,7.57284072321753e-05,-0.000530174820258796,0.0015776322775358,-0.00156046390616886
27.2,7.50227283595581e-05,-0.000533808399220258,0.00157546561804963,-0.0015585619799459
27.2333333333333,7.63915117735e-05,-0.000531390531228512,0.00157330049787137,-0.00155666368108895
27.2666666666667,7.9796260230947e-05,-0.000522969252338986,0.00157113731291491,-0.00155476882652385
27.3,8.51400615092483e-05,-0.000508676577147472,0.00156897649687699,-0.00155287728041215
27.3333333333333,9.2270003505354e-05,-0.000488725780085379,0.00156681850081991,-0.00155098896232263
27.3666666666667,0.000100980635634022,-0.000463407450979041,0.00156466377422612,-0.00154910385330659
27.4,0.000111018419691468,-0.000433084439046692,0.0015625127485374,-0.00154722199935546
27.4333333333333,0.000122087063637088,-0.000398185745191661,0.00156036582386606,-0.00154534351192412
27.4666666666667,0.000133853598557353,-0.000359199562528143,0.00155822335948354,-0.00154346856537583
27.5,0.000145955141583653,-0.000316665476855552,0.00155608566824503,-0.00154159739136139
27.5333333333333,0.000158006139164611,-0.000271166091992704,0.00155395301504377,-0.00153973027040266
27.5666666666667,0.000169606083482911,-0.000223318045441476,0.0015518256189217,-0.00153786752102488
27.6,0.000180347425742973,-0.000173762745771303,0.00154970365846089,-0.00153600948707251
27.6333333333333,0.000189820340183124,-0.000123160114258176,0.00154758728161168,-0.00153415652623754
27.6666666666667,0.000197614929097366,-7.21848049551825e-05,0.00154547661866735,-0.0015323089997832
27.7,0.000203337890333012,-2.1507983686395e-05,0.00154337178792368,-0.00153046725193992
27.7333333333333,0.000206624663674666,2.82164715682855e-05,0.00154127290390388,-0.0015286315937509
27.7666666666667,0.000207147291618019,7.6361594889874e-05,0.00153918008675424,-0.00152680229170287
27.8,0.000204622562852292,0.000122337285990734,0.00153709346920957,-0.00152497955821351
27.8333333333333,0.000198819078775143,0.000165599244050988,0.00153501320121656,-0.00152316354533257
27.8666666666667,0.000189563273844739,0.000205656662411776,0.00153293945177751,-0.00152135434165797
27.9,0.000176746989499475,0.000242076387892052,0.00153087240916028,-0.00151955197102369
27.9333333333333,0.000160332699513647,0.000274486715322465,0.00152881227754625,-0.00151775639455476
27.9666666666667,0.000140351380392827,0.000302586181928517,0.00152675926746128,-0.00151596751835171
28,0.000116902681149145,0.000326147219562288,0.00152471358634185,-0.0015141852012631
28.0333333333333,9.01546023757142e-05,0.000345017761197576,0.00152267542805766,-0.00151240926345175
28.0666666666667,6.03414593679794e-05,0.000359121862611654,0.00152064496155166,-0.00151063949565111
28.1,2.77608528683588e-05,0.000368458884908186,0.00151862231971745,-0.00150887566805488
28.1333333333333,-7.23054681545461e-06,0.000373101465881702,0.00151660758924297,-0.00150711753826687
28.1666666666667,-4.42222476722105e-05,0.000373192342113416,0.00151460080216743,-0.00150536485774988
28.2,-8.2756081488687e-05,0.000368940111362347,0.0015126019297974,-0.00150361737632345
28.2333333333333,-0.000122333188622953,0.000360614009921734,0.00151061087944226,-0.00150187484452999
28.2666666666667,-0.000162421635562563,0.000348537875548403,0.00150862749423585,-0.00150013701378298
28.3,-0.000202464647534182,0.000333083319281402,0.00150665155614482,-0.00149840363452317
28.3333333333333,-0.000241889196992038,0.000314662340229405,0.00150468279199217,-0.00149667445266374
28.3666666666667,-0.000280114976605006,0.000293719365594937,0.00150272088223139,-0.00149494920490936
28.4,-0.000316561873858538,0.000270724567498241,0.00150076547059712,-0.00149322761242438
28.4333333333333,-0.000350651904493649,0.00024617250040686,0.00149881617052266,-0.00149150937065342
28.4666666666667,-0.000381823268078506,0.000220568475500412,0.00149687258256996,-0.0014897941478801
28.5,-0.000409546121869323,0.000194413012867947,0.00149493431401355,-0.00148808158703615
28.5333333333333,-0.000433331277122525,0.000168193128032921,0.00149300099226029,-0.00148637130548562
28.5666666666667,-0.000452739425285903,0.000142372909573253,0.00149107227768984,-0.00148466289839954
28.6,-0.000467389237104104,0.000117385017138208,0.00148914787401366,-0.00148295594500978
28.6333333333333,-0.00047696444274677,9.36230351533768e-05,0.0014872275357987,-0.00148125001791329
28.6666666666667,-0.000481219708802708,7.14348417206749e-05,0.00148531107287144,-0.0014795446951697
28.7,-0.00047998534005353,5.11170104144605e-05,0.00148339835156056,-0.00147783957482694
28.7333333333333,-0.000473170549799733,3.29104787008137e-05,0.00148148929282198,-0.00147613429105176
28.7666666666667,-0.000460765451659772,1.69973757052782e-05,0.00147958386769587,-0.00147442853118258
28.8,-0.00044284159646736,3.49916644600737e-06,0.00147768209052053,-0.00147272205260066
28.8333333333333,-0.00041955121033645,-7.52400115688711e-06,0.00147578401060779,-0.00147101469854032
28.8666666666667,-0.000391125078013137,-1.60727047395924e-05,0.00147388970305163,-0.00146930641174319
28.9,-0.00035786920429181,-2.22065085676911e-05,0.00147199925941009,-0.00146759724511982
28.9333333333333,-0.000320160307966941,-2.60411385659615e-05,0.00147011277896035,-0.00146588736860085
28.9666666666667,-0.000278440242806011,-2.77446399567429e-05,0.00146823036109047,-0.00146417707160707
29,-0.00023320949426691,-2.75326638640052e-05,0.00146635209935724,-0.00146246676080293
29.0333333333333,-0.000185019797571164,-2.56629148222752e-05,0.00146447807744171,-0.00146075695297359
29.0666666666667,-0.000134466102203811,-2.24289709624252e-05,0.00146260836723751,-0.00145904826326721
29.1,-8.2177876248856e-05,-1.81534703768505e-05,0.00146074302891163,-0.00145734138908922
29.1333333333333,-2.88100347757486e-05,-1.31809223502607e-05,0.00145888211285375,-0.00145563709043554
29.1666666666667,2.49660036165291e-05,-7.86974368489364e-06,0.00145702566264791,-0.00145393616780825
29.2,7.84640419035594e-05,-2.58520083380982e-06,0.00145517371978658,-0.00145223944537922
29.2333333333333,0.000130989653091182,2.30300146819841e-06,0.00145332633358468,-0.00145054774932616
29.2666666666667,0.000181862513135542,6.43399580022798e-06,0.00145148356149538,-0.0014488618703043
29.3,0.000230428810430394,9.46645470437642e-06,0.0014496454705209,-0.0014471825369617
29.3333333333333,0.000276070878973057,1.10860445597558e-05,0.00144781213990426,-0.00144551039483519
29.3666666666667,0.000318217337328706,1.10132944600474e-05,0.00144598366124832,-0.00144384598796748
29.4,0.000356351656980283,9.01026888224574e-06,0.0014441601370897,-0.00144218974592691
29.4333333333333,0.000390019928805199,4.88641859881008e-06,0.00144234167740433,-0.00144054197579588
29.4666666666667,0.000418837305454191,-1.49668140685919e-06,0.00144052839429577,-0.00143890285965066
29.5,0.000442493263001337,-1.02216735384391e-05,0.0014387203950344,-0.00143727245717413
29.5333333333333,0.000460755407000266,-2.13130098904723e-05,0.00143691777397575,-0.00143565071312476
29.5666666666667,0.000473471990827012,-3.47357121055428e-05,0.00143512060380271,-0.00143403746881006
29.6,0.000480572964803467,-5.03953813690911e-05,0.00143332892679611,-0.00143243247680217
29.6333333333333,0.000482069729469431,-6.81393743635809e-05,0.00143154274673125,-0.00143083541777428
29.6666666666667,0.000478053528662874,-8.77591184004724e-05,0.00142976202206961,-0.00142924591844448
29.7,0.000468692628672425,-0.000108993504197489,0.00142798666101344,-0.00142766356952578
29.7333333333333,0.000454228330394236,-0.00013153323248814,0.00142621651886836,-0.00142608794270154
29.7666666666667,0.000434969917417632,-0.000155026086360239,0.00142445139808134,-0.0014245186057979
29.8,0.000411288682152705,-0.000179082927869918,0.00142269105104327,-0.00142295513544484
29.8333333333333,0.000383611080390089,-0.000203284429553457,0.00142093518571936,-0.00142139712683742
29.8666666666667,0.000352411233809923,-0.000227188281665761,0.00141918347379749,-0.00141984420029968
29.9,0.000318202776364731,-0.000250336923403065,0.00141743556109972,-0.00141829600475259
29.9333333333333,0.000281530324675755,-0.000272265499176118,0.00141569107960352,-0.00141675221821549
29.9666666666667,0.000242962322340476,-0.00029250831269126,0.00141394965911143,-0.00141521254468289
30,0.000203088949316905,-0.000310600082107264,0.00141221093520448,-0.00141367670574649
