0,0,0,0
0.0333333333333333,-5.9825950056909e-05,-2.86588911414148e-08,5.76651161521265e-06
0.0666666666666667,-0.000119650947664521,-2.26939695332059e-07,1.15332219184223e-05
0.1,-0.000179471513033916,-7.53452062473556e-07,1.73003259188107e-05
0.133333333333333,-0.000239279866989485,-1.74741397677583e-06,2.30680114389296e-05
0.166666666666667,-0.000299063265500948,-3.32430796886389e-06,2.88364559332184e-05
0.2,-0.000358804305564366,-5.57540661862549e-06,3.46058237534801e-05
0.233333333333333,-0.000418481799126965,-8.56999423031369e-06,4.03762639369558e-05
0.266666666666667,-0.000478071812176393,-1.23589096768105e-05,4.61479085494872e-05
0.3,-0.000537548607962162,-1.69783492094625e-05,5.19208715777522e-05
0.333333333333333,-0.000596885384099943,-2.24533159604492e-05,5.76952483423792e-05
0.366666666666667,-0.000656054793457773,-2.88004667614938e-05,6.34711153893219e-05
0.4,-0.000715029284904925,-3.60303259110851e-05,6.92485308113749e-05
0.433333333333333,-0.000773781311942739,-4.41489412972992e-05,7.50275349488163e-05
0.466666666666667,-0.000832283452314993,-5.31590920856351e-05,8.0808151417485e-05
0.5,-0.000890508471379332,-6.30611534672244e-05,8.65903884110805e-05
0.533333333333333,-0.000948429352274098,-7.38537093760854e-05,9.23742402228083e-05
0.566666666666667,-0.00100601930769251,-8.55339826326495e-05,9.81596889313936e-05
0.6,-0.00106325178250828,-9.80981357615156e-05,0.000103946706194156
0.633333333333333,-0.00112010045265149,-0.000111541480699026,0.000109735255090401
0.666666666666667,-0.00117653922320852,-0.000125858624884361,0.000115525291958888
0.7,-0.00123254222724471,-0.000141043573147838,0.000121316768175027
0.733333333333333,-0.00128808382599123,-0.000157089798945751,0.00012710963181531
0.766666666666667,-0.00134313861055807,-0.000173990294477605,0.000132903829164633
0.8,-0.00139768140509987,-0.000191737606186854,0.000138699306022966
0.833333333333333,-0.00145168727125226,-0.000210323860232708,0.000144496008778623
0.866666666666667,-0.0015051315136225,-0.000229740781033834,0.000150293885220004
0.9,-0.00155798968613317,-0.000249979705072782,0.00015609288506889
0.933333333333333,-0.00161023759903074,-0.00027103159144565,0.000161892960226154
0.966666666666667,-0.00166185132641793,-0.000292887030173223,0.000167694064728829
1,-0.00171280721468998,-0.000315536248346676,0.000173496154425675
1.03333333333333,-0.00176308188918966,-0.000338969117888782,0.000179299186380727
1.06666666666667,-0.00181265226445338,-0.000363175158320307,0.000185103118060714
1.1,-0.00186149555174577,-0.000388143542741337,0.000190907906313436
1.13333333333333,-0.00190958926875853,-0.000413863101061464,0.000196713506191905
1.16666666666667,-0.00195691124824499,-0.000440322324477462,0.000202519869685435
1.2,-0.00200343964676404,-0.000467509369750828,0.000208326944409212
1.23333333333333,-0.002049152954047,-0.000495412062899737,0.00021413467230484
1.26666666666667,-0.00209403000222091,-0.000524017903098232,0.000219942988412089
1.3,-0.00213804997517378,-0.000553314066635956,0.000225751819759321
1.33333333333333,-0.00218119241791234,-0.000583287410903577,0.000231561084433855
1.36666666666667,-0.0022234372461351,-0.000613924478526729,0.000237370690861246
1.4,-0.00226476475559407,-0.00064521150148613,0.000243180537354718
1.43333333333333,-0.00230515563181828,-0.000677134405495489,0.000248990511924913
1.46666666666667,-0.00234459095979921,-0.00070967881448343,0.000254800492416277
1.5,-0.00238305223361104,-0.000742830055185476,0.000260610346943996
1.53333333333333,-0.00242052136619584,-0.000776573161967915,0.000266419934675033
1.56666666666667,-0.00245698069908407,-0.0008108928817982,0.000272229106891269
1.6,-0.00249241301219497,-0.00084577367944866,0.000278037708401147
1.63333333333333,-0.00252680153356968,-0.000881199742880117,0.00028384557924731
1.66666666666667,-0.00256012994915111,-0.00091715498888209,0.000289652556675751
1.7,-0.00257601231358104,-0.000935099381630981,0.000295436170102559
1.73333333333333,-0.00257565800860484,-0.000935109834966801,0.00030119761179615
1.76666666666667,-0.00257529473688208,-0.000935123746046,0.000306958864509969
1.8,-0.00257492340689492,-0.000935140532079527,0.000312719924935343
1.83333333333333,-0.00257454475771282,-0.000935159748068033,0.000318480789873976
1.86666666666667,-0.00257415940349864,-0.000935181044494915,0.000324241456202631
1.9,-0.00257376786347758,-0.000935204140600759,0.000330001920841912
1.93333333333333,-0.00257337058289928,-0.000935228806646535,0.000335762180727352
1.96666666666667,-0.00257296794816745,-0.000935254851751069,0.000341522232783815
2,-0.00257256029804694,-0.000935282115240701,0.000347282073901627
2.03333333333333,-0.00257214793215272,-0.000935310460355824,0.000353041700916367
2.06666666666667,-0.00257173111750397,-0.000935339769565477,0.000358801110590521
2.1,-0.00257131009366878,-0.000935369941011765,0.000364560299598703
2.13333333333333,-0.00257088507686155,-0.000935400885764207,0.000370319264515089
2.16666666666667,-0.00257045626324956,-0.000935432525648925,0.000376078001804348
2.2,-0.00257002383165364,-0.000935464791576292,0.000381836507815004
2.23333333333333,-0.00256958794577365,-0.00093549762214331,0.000387594778776223
2.26666666666667,-0.00256914875604336,-0.000935530962518765,0.000393352810797114
2.3,-0.00256870640118924,-0.000935564763539397,0.000399110599868789
2.33333333333333,-0.00256826100954894,-0.000935598980935255,0.000404868141870206
2.36666666666667,-0.00256781270019918,-0.00093563357471907,0.000410625432573691
2.4,-0.00256736158392208,-0.000935668508635559,0.000416382467655689
2.43333333333333,-0.00256690776404402,-0.000935703749738858,0.000422139242708021
2.46666666666667,-0.00256645133716189,-0.000935739267978251,0.000427895753250432
2.5,-0.00256599239378245,-0.000935775035889749,0.000433651994745702
2.53333333333333,-0.00256553101888294,-0.000935811028308743,0.000439407962615029
2.56666666666667,-0.00256506729240739,-0.000935847222123892,0.00044516365225452
2.6,-0.0025646012897077,-0.000935883596062951,0.00045091905905237
2.63333333333333,-0.00256413308193764,-0.000935920130507117,0.000456674178404124
2.66666666666667,-0.00256366273640592,-0.000935956807335291,0.000462429005733775
2.7,-0.00256319031689304,-0.000935993609757372,0.000468183536508201
2.73333333333333,-0.0025627158839394,-0.000936030522209198,0.000473937766250944
2.76666666666667,-0.0025622394951034,-0.000936067530225006,0.000479691690563681
2.8,-0.0025617612051972,-0.000936104620340897,0.000485445305133757
2.83333333333333,-0.00256128106649928,-0.000936141780005103,0.000491198605749296
2.86666666666667,-0.00256079912894815,-0.000936178997496112,0.000496951588307656
2.9,-0.00256031544031858,-0.000936216261850377,0.000502704248822519
2.93333333333333,-0.00255983004638152,-0.000936253562803741,0.000508456583431164
2.96666666666667,-0.0025593429910472,-0.000936290890712423,0.000514208588391474
3,-0.00255885431650051,-0.000936328236529977,0.000519960260090001
3.03333333333333,-0.00255836406331662,-0.000936365591740477,0.000525711595033621
3.06666666666667,-0.00255787227057103,-0.000936402948326857,0.000531462589849462
3.1,-0.00255737897593591,-0.000936440298730441,0.000537213241276904
3.13333333333333,-0.00255688421576634,-0.000936477635813882,0.000542963546157718
3.16666666666667,-0.00255638802518004,-0.000936514952829619,0.00054871350142444
3.2,-0.00255589043812683,-0.000936552243396876,0.000554463104090321
3.23333333333333,-0.00255539148745094,-0.000936589501481676,0.000560212351237549
3.26666666666667,-0.0025548912049457,-0.000936626721365818,0.000565961239998813
3.3,-0.00255438962140261,-0.000936663897635089,0.000571709767544667
3.33333333333333,-0.00255388676665362,-0.000936701025155743,0.00057745793106545
3.36666666666667,-0.00255338266960891,-0.000936738099063723,0.000583205727756366
3.4,-0.00255287735828908,-0.000936775114746254,0.000588953154800351
3.43333333333333,-0.00255237085985329,-0.000936812067833176,0.000594700209350247
3.46666666666667,-0.00255186320062313,-0.000936848954181882,0.00060044688851518
3.5,-0.00255135440610392,-0.000936885769870296,0.000606193189344558
3.53333333333333,-0.00255084450100316,-0.00093692251118424,0.000611939108815172
3.56666666666667,-0.00255033350924746,-0.000936959174611434,0.000617684643816896
3.6,-0.00254982145399783,-0.000936995756830583,0.000623429791145597
3.63333333333333,-0.0025493083576645,-0.000937032254705914,0.000629174547491505
3.66666666666667,-0.00254879424192112,-0.000937068665277404,0.000634918909436656
3.7,-0.00254827912771924,-0.000937104985755478,0.000640662873447217
3.73333333333333,-0.00254776303530319,-0.000937141213511908,0.000646406435875937
3.76666666666667,-0.00254724598422588,-0.000937177346074415,0.000652149592958591
3.8,-0.00254672799336555,-0.000937213381117904,0.00065789234082131
3.83333333333333,-0.00254620908094406,-0.0009372493164588,0.000663634675481181
3.86666666666667,-0.00254568926454642,-0.000937285150046423,0.000669376592857833
3.9,-0.00254516856114221,-0.000937320879956981,0.00067511808877795
3.93333333333333,-0.00254464698710838,-0.000937356504385002,0.000680859158990054
3.96666666666667,-0.00254412455825397,-0.000937392021636991,0.000686599799172715
4,-0.00254360128984622,-0.000937427430122916,0.00069234000495131
4.03333333333333,-0.00254307719663841,-0.000937462728349636,0.000698079771909035
4.06666666666667,-0.00254255229289887,-0.000937497914912505,0.000703819095604589
4.1,-0.00254202659244138,-0.000937532988488718,0.000709557971585201
4.13333333333333,-0.00254150010865636,-0.000937567947829166,0.000715296395403973
4.16666666666667,-0.00254097285454298,-0.000937602791751898,0.000721034362633702
4.2,-0.00254044484274147,-0.000937637519134377,0.000726771868882871
4.23333333333333,-0.00253991608556631,-0.000937672128907193,0.000732508909810798
4.26666666666667,-0.00253938659503904,-0.00093770662004681,0.000738245481139958
4.3,-0.00253885638292095,-0.00093774099156979,0.000743981578671163
4.33333333333333,-0.00253832546074418,-0.000937775242526408,0.000749717198291876
4.36666666666667,-0.00253779383984197,-0.000937809371995728,0.000755452335989303
4.4,-0.0025372615313764,-0.000937843379080318,0.000761186987856047
4.43333333333333,-0.00253672854636457,-0.000937877262902397,0.000766921150098195
4.46666666666667,-0.00253619489570172,-0.000937911022599813,0.000772654819037027
4.5,-0.00253566059018199,-0.000937944657323415,0.000778387991113904
4.53333333333333,-0.00253512564051582,-0.000937978166234384,0.000784120662887042
4.56666666666667,-0.00253459005734452,-0.000938011548502905,0.000789852831032638
4.6,-0.00253405385125114,-0.000938044803306863,0.000795584492337367
4.63333333333333,-0.00253351703276837,-0.000938077929831799,0.000801315643695737
4.66666666666667,-0.00253297961238274,-0.000938110927270919,0.000807046282098635
4.7,-0.00253244160053575,-0.000938143794826276,0.000812776404628413
4.73333333333333,-0.00253190300762161,-0.000938176531709972,0.00081850600844289
4.76666666666667,-0.002531363843982,-0.000938209137146385,0.000824235090766539
4.8,-0.00253082411989789,-0.000938241610374328,0.00082996364887574
4.83333333333333,-0.00253028384557869,-0.000938273950650076,0.000835691680086004
4.86666666666667,-0.00252974303114914,-0.000938306157250228,0.000841419181735779
4.9,-0.00252920168663399,-0.000938338229475269,0.000847146151173448
4.93333333333333,-0.00252865982194103,-0.000938370166652869,0.000852872585740984
4.96666666666667,-0.00252811744684215,-0.000938401968141782,0.000858598482759121
5,-0.00252757457095341,-0.000938433633335399,0.000864323839513826
5.03333333333333,-0.00252703120371423,-0.000938465161665638,0.000870048653240684
5.06666666666667,-0.00252648735436696,-0.000938496552606276,0.000875772921114227
5.1,-0.00252594303193669,-0.000938527805676416,0.00088149664023374
5.13333333333333,-0.00252539824521233,-0.000938558920443252,0.000887219807614579
5.16666666666667,-0.00252485300272889,-0.000938589896524797,0.000892942420178149
5.2,-0.00252430731275197,-0.000938620733591803,0.000898664474746343
5.23333333333333,-0.00252376118326423,-0.000938651431369494,0.000904385968034126
5.26666666666667,-0.00252321462195479,-0.000938681989638428,0.000910106896648677
5.3,-0.00252266763621121,-0.000938712408235072,0.000915827257084943
5.33333333333333,-0.00252212023311491,-0.000938742687051479,0.000921547045728783
5.36666666666667,-0.00252157241943961,-0.000938772826034622,0.000927266258856199
5.4,-0.00252102420165336,-0.000938802825184861,0.000932984892639787
5.43333333333333,-0.0025204755859238,-0.000938832684554051,0.000938702943151504
5.46666666666667,-0.00251992657812691,-0.000938862404242849,0.00094442040637195
5.5,-0.00251937718385894,-0.000938891984397694,0.000950137278196169
5.53333333333333,-0.0025188274084516,-0.000938921425207101,0.000955853554445046
5.56666666666667,-0.00251827725699005,-0.000938950726897681,0.000961569230873591
5.6,-0.00251772673433356,-0.000938979889729619,0.000967284303183532
5.63333333333333,-0.0025171758451387,-0.000939008913991965,0.000972998767033594
5.66666666666667,-0.0025166245938843,-0.000939037799997557,0.000978712618052266
5.7,-0.00251607298489836,-0.000939066548077854,0.000984425851849243
5.73333333333333,-0.00251552102238599,-0.000939095158577569,0.000990138464027689
5.76666666666667,-0.00251496871045893,-0.000939123631849264,0.00099585045019714
5.8,-0.00251441605316556,-0.000939151968247876,0.00100156180598322
5.83333333333333,-0.00251386305452111,-0.000939180168125409,0.00100727252704175
5.86666666666667,-0.00251330971853683,-0.000939208231825831,0.00101298260906515
5.9,-0.00251275604924811,-0.000939236159680316,0.00101869204779563
5.93333333333333,-0.0025122020507405,-0.00093926395200286,0.00102440083903095
5.96666666666667,-0.00251164772717383,-0.000939291609086366,0.00103010897863322
6,-0.00251109308280317,-0.000939319131199223,0.00103581646253157
6.03333333333333,-0.00251053812199712,-0.000939346518582475,0.00104152328673195
6.06666666666667,-0.00250998284925239,-0.000939373771447578,0.00104722944731477
6.1,-0.00250942726920497,-0.000939400889974822,0.00105293494044041
6.13333333333333,-0.00250887138663734,-0.000939427874312378,0.00105863976234679
6.16666666666667,-0.00250831520648189,-0.000939454724576034,0.00106434390935108
6.2,-0.00250775873382026,-0.000939481440849546,0.00107004737784464
6.23333333333333,-0.00250720197387892,-0.000939508023185654,0.00107575016429253
6.26666666666667,-0.00250664493202084,-0.000939534471607657,0.00108145226522652
6.3,-0.00250608761373358,-0.000939560786111601,0.00108715367724217
6.33333333333333,-0.00250553002461394,-0.000939586966668927,0.0010928543969907
6.36666666666667,-0.00250497217034947,-0.000939613013229648,0.00109855442117423
6.4,-0.00250441405669721,-0.000939638925725854,0.00110425374653721
6.43333333333333,-0.00250385568945991,-0.000939664704075646,0.00110995236986009
6.46666666666667,-0.00250329707446033,-0.00093969034818725,0.00111565028795125
6.5,-0.00250273821751374,-0.00093971585796343,0.00112134749763965
6.53333333333333,-0.00250217912439903,-0.000939741233305998,0.00112704399576696
6.56666666666667,-0.00250161980082839,-0.000939766474120555,0.00113273977918106
6.6,-0.00250106025241706,-0.000939791580321103,0.00113843484472796
6.63333333333333,-0.00250050048465337,-0.000939816551834634,0.00114412918924629
6.66666666666667,-0.00249994050287031,-0.000939841388605385,0.00114982280956278
6.7,-0.0024993803122184,-0.000939866090598917,0.00115551570248438
6.73333333333333,-0.00249881991764131,-0.000939890657805698,0.00116120786479848
6.76666666666667,-0.00249825932385381,-0.000939915090244371,0.00116689929326607
6.8,-0.00249769853532334,-0.000939939387964419,0.00117258998462373
6.83333333333333,-0.00249713755625472,-0.000939963551048402,0.00117827993557881
6.86666666666667,-0.00249657639057916,-0.000939987579613526,0.00118396914281358
6.9,-0.00249601504194697,-0.000940011473812715,0.00118965760298201
6.93333333333333,-0.00249545351372473,-0.000940035233834999,0.00119534531271564
6.96666666666667,-0.00249489180899663,-0.000940058859905384,0.00120103226862217
7,-0.00249432993057011,-0.000940082352284058,0.00120671846729256
7.03333333333333,-0.00249376788098562,-0.000940105711265098,0.00121240390530092
7.06666666666667,-0.00249320566253041,-0.000940128937174592,0.00121808857921217
7.1,-0.00249264327725612,-0.000940152030368299,0.0012237724855833
7.13333333333333,-0.00249208072699974,-0.000940174991228836,0.00122945562097076
7.16666666666667,-0.00249151801340783,-0.00094019782016248,0.00123513798193273
7.2,-0.00249095513796336,-0.000940220517595632,0.00124081956503556
7.23333333333333,-0.00249039210201494,-0.000940243083970994,0.0012465003668565
7.26666666666667,-0.00248982890680775,-0.000940265519743553,0.00125218038398893
7.3,-0.00248926555351597,-0.000940287825376407,0.00125785961304605
7.33333333333333,-0.00248870204327612,-0.000940310001336487,0.00126353805066249
7.36666666666667,-0.00248813837722152,-0.000940332048090213,0.0012692156934978
7.4,-0.00248757455651628,-0.000940353966099144,0.00127489253823808
7.43333333333333,-0.00248701058238849,-0.000940375755815846,0.00128056858159883
7.46666666666667,-0.00248644645616135,-0.000940397417680014,0.00128624382032216
7.5,-0.00248588217928236,-0.000940418952114867,0.0012919182511803
7.53333333333333,-0.00248531775334925,-0.000940440359523971,0.00129759187097079
7.56666666666667,-0.00248475318013301,-0.000940461640288454,0.00130326467651816
7.6,-0.00248418846159668,-0.000940482794764742,0.00130893666466763
7.63333333333333,-0.00248362359991057,-0.000940503823282772,0.00131460783228556
7.66666666666667,-0.00248305859746264,-0.000940524726144776,0.0013202781762514
7.7,-0.00248249345686481,-0.000940545503624591,0.00132594769345734
7.73333333333333,-0.00248192818095431,-0.000940566155967534,0.00133161638079893
7.76666666666667,-0.00248136277279073,-0.000940586683390817,0.00133728423517391
7.8,-0.0024807972356483,-0.000940607086084492,0.00134295125347233
7.83333333333333,-0.00248023157300402,-0.000940627364212886,0.00134861743257453
7.86666666666667,-0.00247966578852155,-0.000940647517916514,0.00135428276934162
7.9,-0.00247909988603124,-0.000940667547314397,0.00135994726061284
7.93333333333333,-0.00247853386950683,-0.000940687452506765,0.00136561090319685
7.96666666666667,-0.00247796774303886,-0.000940707233578083,0.00137127369386901
8,-0.0024774015108057,-0.000940726890600316,0.00137693562936386
8.03333333333333,-0.00247683517704221,-0.000940746423636433,0.00138259670637254
8.06666666666667,-0.00247626874600704,-0.000940765832744004,0.00138825692153739
8.1,-0.00247570222194817,-0.000940785117978969,0.00139391627144821
8.13333333333333,-0.00247513560906777,-0.000940804279399438,0.00139957475264304
8.16666666666667,-0.00247456891148651,-0.000940823317069486,0.0014052323616015
8.2,-0.00247400213320944,-0.000940842231062748,0.0014108890947458
8.23333333333333,-0.00247343527809284,-0.00094086102146584,0.00141654494844075
8.26666666666667,-0.00247286834981388,-0.00094087968838142,0.00142219991899475
8.3,-0.00247230135184256,-0.000940898231930979,0.00142785400265988
8.33333333333333,-0.00247173428741748,-0.000940916652257136,0.00143350719563677
8.36666666666667,-0.00247116715952498,-0.000940934949525577,0.00143915949407518
8.4,-0.00247059997088295,-0.000940953123926431,0.00144481089408126
8.43333333333333,-0.00247003272392866,-0.000940971175675221,0.00145046139171914
8.46666666666667,-0.0024694654208117,-0.000940989105013239,0.0014561109830198
8.5,-0.00246889806339148,-0.000941006912207461,0.00146175966398379
8.53333333333333,-0.00246833065323975,-0.000941024597549922,0.00146740743059151
8.56666666666667,-0.00246776319164784,-0.000941042161356642,0.00147305427880568
8.6,-0.00246719567963862,-0.000941059603966086,0.00147870020458249
8.63333333333333,-0.00246662811798286,-0.000941076925737221,0.00148434520387711
8.66666666666667,-0.0024660605072198,-0.000941094127047184,0.00148998927265194
8.7,-0.00246549284768153,-0.000941111208288633,0.0014956324068821
8.73333333333333,-0.00246492513952065,-0.000941128169866813,0.0015012746025649
8.76666666666667,-0.00246435738274106,-0.000941145012196401,0.00150691585572395
8.8,-0.00246378957723084,-0.000941161735698198,0.00151255616241744
8.83333333333333,-0.00246322172279737,-0.000941178340795703,0.0015181955187421
8.86666666666667,-0.00246265381920343,-0.000941194827911669,0.0015238339208394
8.9,-0.00246208586620497,-0.000941211197464571,0.00152947136490016
8.93333333333333,-0.00246151786358903,-0.000941227449865161,0.00153510784716698
8.96666666666667,-0.00246094981121139,-0.000941243585513132,0.00154074336393929
9,-0.00246038170903243,-0.000941259604794068,0.0015463779115729
9.03333333333333,-0.00245981355715116,-0.000941275508076658,0.00155201148648435
9.06666666666667,-0.00245924535583611,-0.000941291295710309,0.00155764408514972
9.1,-0.00245867710555326,-0.000941306968023137,0.00156327570410617
9.13333333333333,-0.00245810880698962,-0.00094132252532044,0.00156890633994959
9.16666666666667,-0.00245754046107298,-0.000941337967883629,0.0015745359893355
9.2,-0.00245697206898656,-0.00094135329596969,0.00158016464897466
9.23333333333333,-0.00245640363217908,-0.00094136850981113,0.00158579231563343
9.26666666666667,-0.00245583515236951,-0.000941383609616467,0.00159141898612822
9.3,-0.00245526663154692,-0.000941398595571203,0.00159704465732502
9.33333333333333,-0.00245469807196497,-0.000941413467839298,0.00160266932613325
9.36666666666667,-0.00245412947613165,-0.000941428226565091,0.00160829298950463
9.4,-0.00245356084679408,-0.000941442871875645,0.00161391564442705
9.43333333333333,-0.00245299218691883,-0.00094145740388348,0.0016195372879227
9.46666666666667,-0.0024524234996682,-0.000941471822689614,0.00162515791704235
9.5,-0.00245185478837257,-0.000941486128386903,0.00163077752886325
9.53333333333333,-0.00245128605649971,-0.00094150032106357,0.00163639612048396
9.56666666666667,-0.00245071730762113,-0.000941514400806914,0.00164201368902208
9.6,-0.00245014854537651,-0.000941528367707075,0.00164763023161024
9.63333333333333,-0.00244957977343613,-0.000941542221860866,0.00165324574539356
9.66666666666667,-0.00244901099546209,-0.000941555963375589,0.00165886022752582
9.7,-0.00244844221506824,-0.000941569592372831,0.00166447367516927
9.73333333333333,-0.00244787343578098,-0.000941583108992032,0.00167008608549053
9.76666666666667,-0.00244730466100072,-0.000941596513393831,0.00167569745566002
9.8,-0.00244673589396604,-0.000941609805763017,0.00168130778285092
9.83333333333333,-0.00244616713771976,-0.000941622986311124,0.00168691706423578
9.86666666666667,-0.00244559839507905,-0.00094163605527848,0.00169252529698967
9.9,-0.00244502966860881,-0.000941649012935803,0.00169813247828419
9.93333333333333,-0.0024444609605999,-0.00094166185958518,0.00170373860529058
9.96666666666667,-0.00244389227305164,-0.00094167459556055,0.00170934367517658
10,-0.00244332360765992,-0.000941687221227547,0.00171494768510805
10.0333333333333,-0.00244275496580996,-0.000941699736982805,0.00172055063224547
10.0666666666667,-0.00244218634857497,-0.000941712143252657,0.00172615251374631
10.1,-0.00244161775671971,-0.000941724440491301,0.00173175332676087
10.1333333333333,-0.00244104919070967,-0.000941736629178428,0.00173735306843428
10.1666666666667,-0.00244048065072505,-0.000941748709816363,0.00174295173590246
10.2,-0.0024399121366797,-0.000941760682926764,0.00174854932629292
10.2333333333333,-0.00243934364824449,-0.000941772549046916,0.00175414583672095
10.2666666666667,-0.00243877518487469,-0.000941784308725717,0.00175974126428915
10.3,-0.00243820674584099,-0.000941795962519346,0.00176533560608375
10.3333333333333,-0.00243763833026342,-0.000941807510986782,0.00177092885917285
10.3666666666667,-0.00243706993714803,-0.00094181895468512,0.00177652102060285
10.4,-0.00243650156542501,-0.000941830294164882,0.00178211208739546
10.4333333333333,-0.00243593321398866,-0.000941841529965262,0.00178770205654431
10.4666666666667,-0.00243536488173804,-0.000941852662609439,0.00179329092501203
10.5,-0.00243479656761863,-0.000941863692599931,0.00179887868972494
10.5333333333333,-0.00243422827066256,-0.000941874620414226,0.00180446534757046
10.5666666666667,-0.00243365999002772,-0.000941885446500671,0.00181005089539313
10.6,-0.0024330917250337,-0.0009418961712748,0.0018156353299898
10.6333333333333,-0.00243252347519531,-0.000941906795116041,0.00182121864810884
10.6666666666667,-0.00243195524025162,-0.000941917318364995,0.00182680084644343
10.7,-0.00243138702019131,-0.000941927741321183,0.00183238192163259
10.7333333333333,-0.00243081881527276,-0.000941938064241448,0.00183796187025514
10.7666666666667,-0.0024302506260395,-0.000941948287338893,0.00184354068883171
10.8,-0.00242968245332987,-0.000941958410782495,0.00184911837381986
10.8333333333333,-0.00242911429828156,-0.000941968434697303,0.00185469492161746
10.8666666666667,-0.00242854616233033,-0.000941978359165282,0.00186027032855915
10.9,-0.00242797804720349,-0.000941988184226736,0.00186584459092129
10.9333333333333,-0.00242740995490782,-0.000941997909882329,0.00187141770492017
10.9666666666667,-0.00242684188771256,-0.00094200753609564,0.00187698966671813
11,-0.00242627384812762,-0.000942017062796226,0.00188256047242409
11.0333333333333,-0.00242570583887732,-0.000942026489883146,0.00188813011810067
11.0666666666667,-0.00242513786287039,-0.000942035817228885,0.00189369859976706
11.1,-0.00242456992316643,-0.000942045044683642,0.00189926591340706
11.1333333333333,-0.00242400202293974,-0.000942054172079898,0.00190483205497434
11.1666666666667,-0.0024234341654408,-0.000942063199237287,0.00191039702040033
11.2,-0.00242286635395639,-0.000942072125967608,0.00191596080560321
11.2333333333333,-0.00242229859176809,-0.000942080952080033,0.00192152340649644
11.2666666666667,-0.0024217308821102,-0.000942089677386326,0.00192708481899769
11.3,-0.00242116322812774,-0.000942098301706101,0.0019326450390378
11.3333333333333,-0.0024205956328364,-0.000942106824871837,0.00193820406257357
11.3666666666667,-0.00242002809908415,-0.000942115246733776,0.00194376188559414
11.4,-0.00241946062951651,-0.000942123567164429,0.00194931850413319
11.4333333333333,-0.00241889322654478,-0.000942131786062819,0.00195487391427628
11.4666666666667,-0.00241832589231906,-0.000942139903358221,0.00196042811217246
11.5,-0.0024177586287055,-0.000942147919013531,0.00196598109403951
11.5333333333333,-0.00241719143726915,-0.000942155833028041,0.00197153285617528
11.5666666666667,-0.00241662431926168,-0.000942163645439775,0.00197708339496078
11.6,-0.00241605727561523,-0.000942171356327186,0.00198263270687005
11.6333333333333,-0.00241549030694147,-0.000942178965810375,0.00198818078847099
11.6666666666667,-0.00241492341353665,-0.000942186474051669,0.00199372763643313
11.7,-0.00241435659539193,-0.000942193881255705,0.0019992732475263
11.7333333333333,-0.00241378985220925,-0.000942201187668932,0.00200481761862562
11.7666666666667,-0.00241322318342198,-0.000942208393578617,0.00201036074670793
11.8,-0.00241265658822032,-0.000942215499311352,0.00201590262885388
11.8333333333333,-0.0024120900655809,-0.000942222505231116,0.00202144326224229
11.8666666666667,-0.00241152361429978,-0.000942229411736924,0.0020269826441491
11.9,-0.00241095723302891,-0.000942236219260106,0.00203252077194
11.9333333333333,-0.00241039092031459,-0.000942242928261287,0.00203805764306629
11.9666666666667,-0.00240982467463815,-0.000942249539227077,0.00204359325505612
12,-0.00240925849445747,-0.000942256052666579,0.00204912760550755
12.0333333333333,-0.00240869237824992,-0.000942262469107654,0.00205466069207961
12.0666666666667,-0.00240812632455523,-0.000942268789093094,0.00206019251248131
12.1,-0.00240756033201761,-0.00094227501317671,0.00206572306446348
12.1333333333333,-0.00240699439942548,-0.000942281141919531,0.00207125234580514
12.1666666666667,-0.00240642852574898,-0.000942287175886038,0.00207678035430586
12.2,-0.00240586271017335,-0.000942293115640627,0.00208230708777282
12.2333333333333,-0.00240529695212898,-0.000942298961744228,0.00208783254401194
12.2666666666667,-0.00240473125131611,-0.000942304714751229,0.0020933567208158
12.3,-0.00240416560772511,-0.000942310375206644,0.00209887961595635
12.3333333333333,-0.00240360002165081,-0.00094231594364365,0.00210440122717312
12.3666666666667,-0.00240303449370163,-0.000942321420581415,0.00210992155216798
12.4,-0.00240246902480247,-0.000942326806523327,0.00211544058859245
12.4333333333333,-0.00240190361619235,-0.000942332101955474,0.00212095833405022
12.4666666666667,-0.00240133826941593,-0.000942337307345471,0.00212647478608729
12.5,-0.00240077298630926,-0.000942342423141602,0.00213198994218163
12.5333333333333,-0.00240020776898083,-0.000942347449772273,0.00213750379974556
12.5666666666667,-0.00239964261978742,-0.000942352387645782,0.00214301635612521
12.6,-0.00239907754130546,-0.000942357237150404,0.00214852760859529
12.6333333333333,-0.00239851253629842,-0.000942361998654716,0.00215403755436261
12.6666666666667,-0.00239794760768093,-0.00094236667250817,0.00215954619056493
12.7,-0.00239738275847987,-0.000942371259041856,0.00216505351427522
12.7333333333333,-0.00239681799179368,-0.00094237575856944,0.00217055952250355
12.7666666666667,-0.0023962533107497,-0.000942380171388227,0.00217606421220267
12.8,-0.00239568871846065,-0.000942384497780364,0.00218156758027142
12.8333333333333,-0.00239512421797996,-0.000942388738014133,0.00218706962356335
12.8666666666667,-0.00239455981225847,-0.000942392892345252,0.0021925703388909
12.9,-0.00239399550410221,-0.000942396961018121,0.00219806972303404
12.9333333333333,-0.00239343129613343,-0.000942400944266969,0.00220356777274732
12.9666666666667,-0.00239286719075417,-0.000942404842316882,0.0022090644847657
13,-0.00239230319011447,-0.000942408655384634,0.00221455985581388
13.0333333333333,-0.00239173929608449,-0.000942412383679364,0.00222005388261088
13.0666666666667,-0.0023911755102322,-0.000942416027402989,0.00222554656187881
13.1,-0.00239061183380601,-0.000942419586750431,0.00223103789034606
13.1333333333333,-0.00239004826772355,-0.000942423061909573,0.0022365278647551
13.1666666666667,-0.00238948481256588,-0.000942426453061006,0.00224201648186416
13.2,-0.00238892146857806,-0.000942429760377522,0.00224750373845316
13.2333333333333,-0.00238835823567523,-0.000942432984023416,0.0022529896313235
13.2666666666667,-0.00238779511345472,-0.000942436124153578,0.00225847415730212
13.3,-0.00238723210121342,-0.000942439180912421,0.00226395731323928
13.3333333333333,-0.0023866691979705,-0.000942442154432676,0.00226943909601027
13.3666666666667,-0.00238610640249473,-0.000942445044834066,0.00227491950251164
13.4,-0.00238554371333604,-0.000942447852221934,0.00228039852966036
13.4333333333333,-0.00238498112886094,-0.00094245057668582,0.00228587617438881
13.4666666666667,-0.00238441864729076,-0.000942453218298068,0.00229135243364165
13.5,-0.0023838562667426,-0.000942455777112476,0.00229682730436995
13.5333333333333,-0.00238329398527179,-0.00094245825316305,0.00230230078352595
13.5666666666667,-0.00238273180091587,-0.000942460646462868,0.00230777286805674
13.6,-0.00238216971173934,-0.000942462957003087,0.00231324355489893
13.6333333333333,-0.0023816077158788,-0.000942465184752127,0.00231871284096979
13.6666666666667,-0.00238104581158619,-0.000942467329655131,0.00232418072316145
13.7,-0.00238048399727062,-0.000942469391633748,0.00232964719833514
13.7333333333333,-0.00237992227153636,-0.000942471370586346,0.00233511226331315
13.7666666666667,-0.00237936063321797,-0.000942473266388652,0.00234057591487654
13.8,-0.00237879908141051,-0.000942475078894814,0.00234603814975875
13.8333333333333,-0.00237823761549535,-0.00094247680793886,0.00235149896464365
13.8666666666667,-0.00237767623516032,-0.00094247845333657,0.00235695835616131
13.9,-0.00237711494041458,-0.000942480014887752,0.00236241632088967
13.9333333333333,-0.00237655373159722,-0.000942481492378905,0.00236787285535155
13.9666666666667,-0.00237599260938036,-0.000942482885586266,0.00237332795601932
14,-0.00237543157476577,-0.00094248419427917,0.00237878161931479
14.0333333333333,-0.00237487062907604,-0.000942485418223759,0.00238423384161616
14.0666666666667,-0.0023743097739397,-0.000942486557186906,0.00238968461926086
14.1,-0.00237374901127121,-0.000942487610940418,0.00239513394855486
14.1333333333333,-0.00237318834324583,-0.000942488579265351,0.00240058182577838
14.1666666666667,-0.00237262777226988,-0.000942489461956496,0.00240602824719701
14.2,-0.00237206730094717,-0.000942490258826882,0.00241147320907009
14.2333333333333,-0.00237150693204174,-0.000942490969712325,0.00241691670766289
14.2666666666667,-0.0023709466684381,-0.00094249159447587,0.0024223587392575
14.3,-0.00237038651309905,-0.000942492133012181,0.00242779930016539
14.3333333333333,-0.00236982646902236,-0.000942492585251691,0.00243323838673997
14.3666666666667,-0.00236926653919571,-0.000942492951164635,0.00243867599538863
14.4,-0.00236870672655157,-0.000942493230764755,0.00244411212258744
14.4333333333333,-0.00236814703392243,-0.000942493424112739,0.00244954676489144
14.4666666666667,-0.00236758746399839,-0.00094249353131915,0.0024549799189505
14.5,-0.00236702801928684,-0.000942493552546986,0.00246041158151699
14.5333333333333,-0.00236646870207621,-0.000942493488013635,0.00246584174945906
14.5666666666667,-0.0023659095144031,-0.000942493337992339,0.00247127041976753
14.6,-0.00236535045802471,-0.000942493102813014,0.00247669758956628
14.6333333333333,-0.00236479153439587,-0.000942492782862511,0.00248212325611526
14.6666666666667,-0.00236423274465215,-0.000942492378584201,0.00248754741681829
14.7,-0.00236367408959819,-0.000942491890476962,0.00249297006922189
14.7333333333333,-0.0023631155697026,-0.000942491319093516,0.0024983912110194
14.7666666666667,-0.00236255718509836,-0.000942490665038153,0.00250381084004577
14.8,-0.00236199893558952,-0.00094248992896386,0.00250922895427732
14.8333333333333,-0.00236144082066344,-0.00094248911156887,0.00251464555182267
14.8666666666667,-0.00236088283950873,-0.000942488213592696,0.00252006063091813
14.9,-0.00236032499103817,-0.00094248723581164,0.00252547418991502
14.9333333333333,-0.00235976727391648,-0.000942486179033898,0.00253088622727063
14.9666666666667,-0.00235920968659226,-0.000942485044094226,0.00253629674153265
15,-0.00235865222733349,-0.000942483831848301,0.002541705731326
15.0333333333333,-0.00235809489426617,-0.000942482543166648,0.00254711319533573
15.0666666666667,-0.00235753768541516,-0.000942481178928351,0.00255251913228982
15.1,-0.00235698059874685,-0.000942479740014546,0.00255792354093936
15.1333333333333,-0.00235642363221269,-0.000942478227301916,0.00256332642004089
15.1666666666667,-0.00235586678379394,-0.000942476641656069,0.00256872776833682
15.2,-0.00235531005154603,-0.000942474983925067,0.00257412758453339
15.2333333333333,-0.00235475343364193,-0.000942473254933013,0.00257952586728363
15.2666666666667,-0.00235419692841275,-0.000942471455473999,0.00258492261516492
15.3,-0.00235364053438582,-0.000942469586306253,0.00259031782666425
15.3333333333333,-0.00235308425031844,-0.000942467648146781,0.00259571150015824
15.3666666666667,-0.00235252807522784,-0.000942465641666357,0.0026011036339002
15.4,-0.00235197200841562,-0.000942463567485091,0.00260649422600354
15.4333333333333,-0.00235141604948743,-0.000942461426168456,0.00261188327443323
15.4666666666667,-0.00235086019836647,-0.000942459218223965,0.00261727077699248
15.5,-0.00235030445530154,-0.000942456944098371,0.00262265673131925
15.5333333333333,-0.00234974882086874,-0.000942454604175556,0.00262804113487735
15.5666666666667,-0.00234919329596751,-0.000942452198774977,0.00263342398495781
15.6,-0.00234863788181056,-0.0009424497281508,0.00263880527867517
15.6333333333333,-0.00234808257990838,-0.000942447192491594,0.00264418501297347
15.6666666666667,-0.00234752739204821,-0.000942444591920682,0.0026495631846278
15.7,-0.0023469723202683,-0.000942441926497028,0.00265493979025468
15.7333333333333,-0.00234641736682755,-0.000942439196216721,0.00266031482631854
15.7666666666667,-0.00234586253417127,-0.000942436401014943,0.00266568828914593
15.8,-0.00234530782489383,-0.000942433540768458,0.00267106017493659
15.8333333333333,-0.00234475324169826,-0.000942430615298529,0.00267643047978033
15.8666666666667,-0.0023441987873544,-0.000942427624374235,0.00268179919967209
15.9,-0.00234364446465519,-0.000942424567716168,0.00268716633053091
15.9333333333333,-0.00234309027637243,-0.00094242144500045,0.00269253186821725
15.9666666666667,-0.00234253622521154,-0.000942418255863061,0.00269789580855463
16,-0.00234198231376802,-0.00094241499990436,0.00270325814734784
16.0333333333333,-0.00234142854448522,-0.000942411676693768,0.00270861888040431
16.0666666666667,-0.00234087491961557,-0.000942408285774513,0.00271397800355382
16.1,-0.00234032144118476,-0.000942404826668468,0.0027193355126659
16.1333333333333,-0.00233976811096067,-0.000942401298880916,0.00272469140367026
16.1666666666667,-0.00233921493042647,-0.000942397701905337,0.00273004567257094
16.2,-0.00233866190075964,-0.000942394035228039,0.00273539831546408
16.2333333333333,-0.00233810902281585,-0.000942390298332741,0.0027407493285486
16.2666666666667,-0.00233755629711951,-0.000942386490704924,0.00274609870814273
16.3,-0.00233700372385925,-0.000942382611836183,0.00275144645068264
16.3333333333333,-0.00233645130289074,-0.000942378661228386,0.00275679255274309
16.3666666666667,-0.00233589903374434,-0.0009423746383978,0.00276213701103502
16.4,-0.00233534691563903,-0.000942370542878909,0.00276747982241052
16.4333333333333,-0.00233479494750161,-0.000942366374228053,0.00277282098386151
16.4666666666667,-0.00233424312799109,-0.000942362132026744,0.00277816049252086
16.5,-0.00233369145552768,-0.000942357815884794,0.00278349834565566
16.5333333333333,-0.00233313992832572,-0.000942353425443105,0.00278883454066363
16.5666666666667,-0.00233258854443043,-0.000942348960376251,0.00279416907506299
16.6,-0.00233203730175717,-0.000942344420394739,0.00279950194648474
16.6333333333333,-0.00233148619813332,-0.00094233980524705,0.00280483315265969
16.6666666666667,-0.00233093523134123,-0.000942335114721375,0.00281016269140704
16.7,-0.00233038439916265,-0.000942330348647127,0.0028154905606196
16.7333333333333,-0.00232983369942345,-0.000942325506896126,0.00282081675825077
16.7666666666667,-0.00232928313003848,-0.000942320589383592,0.00282614128229668
16.8,-0.00232873268905427,-0.000942315596068861,0.00283146413078166
16.8333333333333,-0.00232818237468996,-0.00094231052695597,0.00283678530174263
16.8666666666667,-0.00232763218537423,-0.000942305382094017,0.00284210479321376
16.9,-0.00232708211977914,-0.000942300161577401,0.00284742260321318
16.9333333333333,-0.0023265321768487,-0.000942294865545886,0.00285273872972821
16.9666666666667,-0.00232598235582318,-0.000942289494184561,0.0028580531707058
17,-0.00232543265625732,-0.000942284047723652,0.00286336592404001
17.0333333333333,-0.00232488307803334,-0.000942278526438233,0.00286867698756614
17.0666666666667,-0.00232433362136766,-0.000942272930647822,0.00287398635905167
17.1,-0.00232378428681187,-0.000942267260715852,0.00287929403619451
17.1333333333333,-0.00232323507524752,-0.000942261517049053,0.00288460001661817
17.1666666666667,-0.00232268598787527,-0.000942255700096686,0.00288990429787386
17.2,-0.0023221370261982,-0.000942249810349677,0.00289520687744011
17.2333333333333,-0.00232158819200005,-0.000942243848339596,0.00290050775272895
17.2666666666667,-0.00232103948731845,-0.000942237814637509,0.00290580692108952
17.3,-0.00232049091441377,-0.000942231709852654,0.00291110437981761
17.3333333333333,-0.00231994247573426,-0.000942225534630966,0.00291640012616316
17.3666666666667,-0.00231939417387771,-0.000942219289653394,0.00292169415734234
17.4,-0.00231884601155091,-0.000942212975634053,0.00292698647054821
17.4333333333333,-0.00231829799152683,-0.000942206593318126,0.00293227706296439
17.4666666666667,-0.00231775011660093,-0.000942200143479594,0.00293756593177818
17.5,-0.0023172023895459,-0.000942193626918722,0.00294285307419401
17.5333333333333,-0.00231665481306685,-0.000942187044459355,0.00294813848744979
17.5666666666667,-0.00231610738975697,-0.000942180396945934,0.00295342216882896
17.6,-0.002315560122056,-0.000942173685240127,0.00295870411567734
17.6333333333333,-0.00231501301221085,-0.000942166910217065,0.00296398432541277
17.6666666666667,-0.00231446606224049,-0.00094216007276128,0.00296926279553754
17.7,-0.00231391927390446,-0.000942153173762364,0.00297453952364777
17.7333333333333,-0.00231337264867674,-0.000942146214110442,0.00297981450744295
17.7666666666667,-0.00231282618772429,-0.000942139194691386,0.00298508774472952
17.8,-0.00231227989189176,-0.000942132116381898,0.00299035923342749
17.8333333333333,-0.00231173376169146,-0.000942124980044406,0.00299562897156931
17.8666666666667,-0.00231118779729978,-0.000942117786521896,0.00300089695730183
17.9,-0.00231064199855913,-0.000942110536632638,0.00300616318888032
17.9333333333333,-0.00231009636498609,-0.00094210323116495,0.00301142766466555
17.9666666666667,-0.00230955089578493,-0.000942095870871925,0.00301669038311329
18,-0.00230900558986675,-0.000942088456466323,0.00302195134276644
18.0333333333333,-0.00230846044587335,-0.00094208098861551,0.00302721054224036
18.0666666666667,-0.00230791546220587,-0.000942073467936663,0.00303246798021065
18.1,-0.00230737063705728,-0.000942065894992141,0.00303772365539536
18.1333333333333,-0.00230682596844834,-0.000942058270285204,0.00304297756653879
18.1666666666667,-0.00230628145426645,-0.000942050594256004,0.0030482297123918
18.2,-0.00230573709230641,-0.000942042867278021,0.00305348009169277
18.2333333333333,-0.00230519288031304,-0.000942035089654858,0.00305872870314699
18.2666666666667,-0.00230464881602422,-0.000942027261617542,0.00306397554540585
18.3,-0.00230410489721532,-0.000942019383322243,0.00306922061704718
18.3333333333333,-0.00230356112174251,-0.000942011454848571,0.00307446391655262
18.3666666666667,-0.00230301748758527,-0.000942003476198375,0.00307970544228994
18.4,-0.00230247399288562,-0.000941995447295203,0.00308494519249192
18.4333333333333,-0.00230193063598505,-0.000941987367984313,0.00309018316524261
18.4666666666667,-0.00230138741545677,-0.000941979238033375,0.00309541935845962
18.5,-0.00230084433013442,-0.000941971057133776,0.00310065376988421
18.5333333333333,-0.00230030137913507,-0.000941962824902583,0.00310588639706851
18.5666666666667,-0.00229975856187759,-0.000941954540885139,0.00311111723737152
18.6,-0.00229921587809497,-0.000941946204558287,0.00311634628795148
18.6333333333333,-0.00229867332784119,-0.000941937815334198,0.00312157354576829
18.6666666666667,-0.00229813091149202,-0.000941929372564779,0.00312679900758217
18.7,-0.00229758862974025,-0.000941920875546646,0.00313202266996218
18.7333333333333,-0.002297046483585,-0.000941912323526593,0.00313724452929149
18.7666666666667,-0.00229650447431585,-0.000941903715707565,0.00314246458178171
18.8,-0.00229596260349173,-0.000941895051255021,0.00314768282348431
18.8333333333333,-0.0022954208729151,-0.00094188632930373,0.00315289925031039
18.8666666666667,-0.00229487928460206,-0.000941877548964858,0.0031581138580479
18.9,-0.0022943378407486,-0.000941868709333534,0.0031633266423849
18.9333333333333,-0.00229379654369407,-0.000941859809496703,0.00316853759893202
18.9666666666667,-0.00229325539588187,-0.000941850848541227,0.00317374672325015
19,-0.00229271439981883,-0.000941841825561964,0.00317895401087481
19.0333333333333,-0.00229217355803302,-0.000941832739669951,0.00318415945734485
19.0666666666667,-0.00229163287303105,-0.000941823590000427,0.00318936305822968
19.1,-0.00229109234725488,-0.000941814375720827,0.00319456480915912
19.1333333333333,-0.00229055198304018,-0.000941805096038463,0.0031997647058502
19.1666666666667,-0.00229001178257634,-0.00094179575020799,0.0032049627441347
19.2,-0.00228947174786984,-0.000941786337538403,0.00321015891998549
19.2333333333333,-0.00228893188071063,-0.000941776857399728,0.00321535322953829
19.2666666666667,-0.00228839218264318,-0.000941767309229068,0.00322054566911598
19.3,-0.0022878526549416,-0.00094175769253625,0.00322573623524445
19.3333333333333,-0.00228731329859051,-0.000941748006908746,0.00323092492467181
19.3666666666667,-0.00228677411427065,-0.000941738252016074,0.00323611173437785
19.4,-0.0022862351023507,-0.000941728427613422,0.00324129666158704
19.4333333333333,-0.00228569626288433,-0.000941718533544683,0.00324647970377089
19.4666666666667,-0.00228515759561329,-0.000941708569744683,0.00325166085865392
19.5,-0.00228461909997588,-0.000941698536240765,0.00325684012420882
19.5333333333333,-0.00228408077512096,-0.000941688433153579,0.00326201749865514
19.5666666666667,-0.0022835426199269,-0.000941678260697197,0.00326719298044769
19.6,-0.00228300463302537,-0.000941668019178475,0.00327236656826805
19.6333333333333,-0.00228246681282929,-0.000941657708995736,0.00327753826100684
19.6666666666667,-0.0022819291575645,-0.00094164733063676,0.00328270805774893
19.7,-0.00228139166530475,-0.00094163688467612,0.00328787595775065
19.7333333333333,-0.00228085433400897,-0.0009416263717719,0.0032930419604195
19.7666666666667,-0.00228031716156079,-0.000941615792661807,0.00329820606528796
19.8,-0.00227978014580891,-0.00094160514815876,0.00330336827198883
19.8333333333333,-0.00227924328460867,-0.000941594439145921,0.00330852858022702
19.8666666666667,-0.00227870657586367,-0.000941583666571289,0.00331368698975287
19.9,-0.00227817001756733,-0.000941572831441823,0.00331884350033155
19.9333333333333,-0.00227763360784228,-0.000941561934817249,0.00332399811171534
19.9666666666667,-0.00227709734497775,-0.000941550977803517,0.00332915082361618
20,-0.00227656122746333,-0.00094153996154606,0.00333430163567843
20.0333333333333,-0.00227602525401947,-0.000941528887222794,0.00333945054745541
20.0666666666667,-0.00227548942362303,-0.000941517756037053,0.0033445975583845
20.1,-0.00227495373552877,-0.000941506569210343,0.00334974266776923
20.1333333333333,-0.00227441818928494,-0.00094149532797514,0.00335488587475885
20.1666666666667,-0.00227388278474419,-0.000941484033567544,0.0033600271783362
20.2,-0.00227334752206826,-0.00094147268721987,0.0033651665773038
20.2333333333333,-0.00227281240172756,-0.000941461290153114,0.00337030407027709
20.2666666666667,-0.00227227742449487,-0.000941449843569651,0.0033754396556763
20.3,-0.0022717425914338,-0.000941438348646019,0.00338057333172833
20.3333333333333,-0.002271207903882,-0.000941426806526051,0.00338570509646433
20.3666666666667,-0.00227067336342955,-0.000941415218314172,0.00339083494772763
20.4,-0.00227013897189301,-0.000941403585069128,0.00339596288317865
20.4333333333333,-0.00226960473128534,-0.000941391907797948,0.003401088900308
20.4666666666667,-0.00226907064378263,-0.000941380187450407,0.00340621299644754
20.5,-0.00226853671168775,-0.000941368424913778,0.00341133516878803
20.5333333333333,-0.00226800293739215,-0.000941356621008137,0.00341645541439516
20.5666666666667,-0.00226746932333563,-0.000941344776482006,0.00342157373023048
20.6,-0.00226693587196577,-0.000941332892008573,0.00342669011317127
20.6333333333333,-0.00226640258569592,-0.000941320968182323,0.00343180456003272
20.6666666666667,-0.00226586946686395,-0.000941309005516238,0.00343691706759214
20.7,-0.00226533651769179,-0.000941297004439446,0.00344202763261074
20.7333333333333,-0.00226480374024766,-0.000941284965295386,0.0034471362518583
20.7666666666667,-0.00226427113641062,-0.000941272888340454,0.00345224292213314
20.8,-0.00226373870783927,-0.000941260773743142,0.00345734764028431
20.8333333333333,-0.00226320645594393,-0.000941248621583642,0.00346245040322936
20.8666666666667,-0.002262674381864,-0.000941236431853956,0.00346755120797288
20.9,-0.00226214248644975,-0.000941224204458447,0.00347265005161913
20.9333333333333,-0.0022616107702499,-0.000941211939214878,0.00347774693138629
20.9666666666667,-0.00226107923350419,-0.000941199635855898,0.00348284184461326
21,-0.00226054787614186,-0.000941187294030978,0.00348793478876845
21.0333333333333,-0.00226001669778532,-0.000941174913308801,0.00349302576145041
21.0666666666667,-0.00225948569775952,-0.000941162493180063,0.00349811476039058
21.1,-0.00225895487510617,-0.000941150033060724,0.00350320178344796
21.1333333333333,-0.0022584242286031,-0.000941137532295646,0.00350828682860566
21.1666666666667,-0.00225789375678795,-0.000941124990162657,0.00351336989396032
21.2,-0.00225736345798593,-0.000941112405876975,0.00351845097771288
21.2333333333333,-0.0022568333303412,-0.000941099778596038,0.00352353007815352
21.2666666666667,-0.00225630337185108,-0.000941087107424646,0.00352860719364759
21.3,-0.00225577358040284,-0.000941074391420497,0.00353368232261731
21.3333333333333,-0.00225524395381201,-0.000941061629599978,0.00353875546352412
21.3666666666667,-0.00225471448986215,-0.000941048820944317,0.00354382661484842
21.4,-0.00225418518634495,-0.000941035964405932,0.00354889577506957
21.4333333333333,-0.00225365604110116,-0.000941023058915081,0.00355396294264524
21.4666666666667,-0.00225312705206043,-0.000941010103386782,0.00355902811598999
21.5,-0.00225259821727986,-0.000940997096728222,0.0035640912934553
21.5333333333333,-0.00225206953497962,-0.000940984037846317,0.00356915247331112
21.5666666666667,-0.00225154100357603,-0.000940970925655451,0.00357421165372997
21.6,-0.00225101262171039,-0.00094095775908521,0.00357926883276954
21.6333333333333,-0.00225048438827414,-0.000940944537088203,0.0035843240083629
21.6666666666667,-0.00224995630242893,-0.000940931258647747,0.0035893771783059
21.7,-0.00224942836362216,-0.000940917922785564,0.00359442834025267
21.7333333333333,-0.00224890057159689,-0.000940904528569223,0.00359947749170917
21.7666666666667,-0.00224837292639685,-0.000940891075119487,0.00360452463003517
21.8,-0.00224784542836569,-0.000940877561617306,0.00360956975244418
21.8333333333333,-0.00224731807814121,-0.0009408639873106,0.00361461285601183
21.8666666666667,-0.0022467908766442,-0.00094085035152059,0.00361965393768257
21.9,-0.00224626382506253,-0.000940836653647826,0.00362469299428413
21.9333333333333,-0.0022457369248305,-0.00094082289317766,0.00362973002254041
21.9666666666667,-0.00224521017760406,-0.00094080906968532,0.00363476501909102
22,-0.00224468358523229,-0.000940795182840356,0.00363979798050989
22.0333333333333,-0.00224415714972556,-0.000940781232410599,0.00364482890332864
22.0666666666667,-0.00224363087322117,-0.000940767218265427,0.00364985778405945
22.1,-0.00224310475794668,-0.000940753140378464,0.00365488461922095
22.1333333333333,-0.00224257880618222,-0.000940738998829548,0.00365990940536391
22.1666666666667,-0.00224205302022135,-0.000940724793806073,0.00366493213909813
22.2,-0.00224152740233182,-0.000940710525603582,0.0036699528171186
22.2333333333333,-0.00224100195471593,-0.000940696194625686,0.00367497143623389
22.2666666666667,-0.00224047667947272,-0.000940681801383231,0.00367998799339135
22.3,-0.00223995157856175,-0.000940667346492724,0.00368500248570131
22.3333333333333,-0.00223942665377018,-0.000940652830674023,0.00369001491046072
22.3666666666667,-0.00223890190668256,-0.000940638254747286,0.00369502526517103
22.4,-0.00223837733865526,-0.000940623619629185,0.00370003354755813
22.4333333333333,-0.0022378529507945,-0.000940608926328412,0.00370503975558328
22.4666666666667,-0.00223732874393973,-0.000940594175940499,0.00371004388745654
22.5,-0.00223680471865146,-0.000940579369641953,0.00371504594164029
22.5333333333333,-0.00223628087520462,-0.000940564508683794,0.00372004591685502
22.5666666666667,-0.00223575721358674,-0.000940549594384452,0.00372504381207494
22.6,-0.00223523373350166,-0.000940534628122173,0.00373003962652554
22.6333333333333,-0.00223471043437788,-0.000940519611326856,0.00373503335967116
22.6666666666667,-0.00223418731538207,-0.000940504545471513,0.00374002501120451
22.7,-0.00223366437543682,-0.000940489432063252,0.00374501458102694
22.7333333333333,-0.0022331416132427,-0.000940474272634011,0.00375000206923009
22.7666666666667,-0.00223261902730405,-0.000940459068730752,0.00375498747607001
22.8,-0.00223209661595782,-0.000940443821905327,0.00375997080194254
22.8333333333333,-0.00223157437740545,-0.000940428533704053,0.00376495204735074
22.8666666666667,-0.00223105230974652,-0.000940413205657375,0.00376993121287625
22.9,-0.00223053041101443,-0.000940397839269429,0.0037749082991447
22.9333333333333,-0.00223000867921255,-0.000940382436007898,0.00377988330679208
22.9666666666667,-0.00222948711235149,-0.000940366997293915,0.00378485623642974
23,-0.00222896570848619,-0.000940351524492407,0.0037898270886098
23.0333333333333,-0.00222844446575279,-0.000940336018902673,0.00379479586378944
23.0666666666667,-0.00222792338240342,-0.000940320481749546,0.0037997625622966
23.1,-0.00222740245683911,-0.000940304914174963,0.00380472718429944
23.1333333333333,-0.00222688168763934,-0.000940289317230239,0.00380968972977514
23.1666666666667,-0.00222636107358859,-0.000940273691868893,0.00381465019848479
23.2,-0.00222584061369857,-0.000940258038940301,0.00381960858994726
23.2333333333333,-0.00222532030722649,-0.000940242359183977,0.00382456490342227
23.2666666666667,-0.00222480015368843,-0.000940226653224778,0.0038295191378911
23.3,-0.00222428015286826,-0.000940210921568821,0.00383447129204821
23.3333333333333,-0.00222376030482115,-0.000940195164600351,0.0038394213642905
23.3666666666667,-0.00222324060987266,-0.000940179382579396,0.00384436935271775
23.4,-0.00222272106861252,-0.00094016357564037,0.00384931525513093
23.4333333333333,-0.00222220168188391,-0.000940147743791493,0.00385425906904169
23.4666666666667,-0.00222168245076812,-0.000940131886915148,0.00385920079167948
23.5,-0.00222116337656507,-0.000940116004769049,0.00386414042000939
23.5333333333333,-0.00222064446077004,-0.000940100096988304,0.00386907795074763
23.5666666666667,-0.00222012570504688,-0.000940084163088269,0.00387401338038632
23.6,-0.0022196071111985,-0.000940068202468227,0.00387894670521643
23.6333333333333,-0.00221908868113482,-0.000940052214415825,0.00388387792135795
23.6666666666667,-0.00221857041683913,-0.000940036198112237,0.00388880702478871
23.7,-0.00221805232033295,-0.000940020152638037,0.00389373401137811
23.7333333333333,-0.00221753439364054,-0.000940004076979705,0.00389865887692013
23.7666666666667,-0.00221701663875254,-0.000939987970036776,0.00390358161716832
23.8,-0.00221649905759032,-0.000939971830629487,0.00390850222787271
23.8333333333333,-0.00221598165197113,-0.000939955657507028,0.00391342070481377
23.8666666666667,-0.00221546442357592,-0.000939939449356112,0.00391833704383905
23.9,-0.00221494737391918,-0.000939923204810082,0.00392325124089404
23.9333333333333,-0.00221443050432262,-0.000939906922458212,0.00392816329205499
23.9666666666667,-0.00221391381589192,-0.000939890600855418,0.00393307319355571
24,-0.00221339730949819,-0.000939874238532059,0.00393798094181498
24.0333333333333,-0.00221288098576326,-0.000939857834004084,0.00394288653345661
24.0666666666667,-0.00221236484505011,-0.000939841385783378,0.00394778996532981
24.1,-0.00221184888745769,-0.000939824892388504,0.00395269123452171
24.1333333333333,-0.00221133311282087,-0.000939808352355305,0.00395759033837153
24.1666666666667,-0.00221081752071482,-0.000939791764247542,0.00396248727447265
24.2,-0.00221030211046432,-0.000939775126667199,0.00396738204067852
24.2333333333333,-0.00220978688115725,-0.000939758438264686,0.00397227463509748
24.2666666666667,-0.00220927183166232,-0.000939741697748568,0.00397716505608929
24.3,-0.00220875696065047,-0.00093972490389506,0.00398205330225234
24.3333333333333,-0.00220824226661969,-0.000939708055556901,0.00398693937241232
24.3666666666667,-0.00220772774792275,-0.00093969115167188,0.00399182326560269
24.4,-0.0022072134027972,-0.000939674191270626,0.00399670498104653
24.4333333333333,-0.00220669922939743,-0.00093965717348393,0.00400158451813184
24.4666666666667,-0.00220618522582784,-0.000939640097549245,0.00400646187638795
24.5,-0.00220567139017701,-0.000939622962816619,0.00401133705545742
24.5333333333333,-0.00220515772055203,-0.000939605768753724,0.00401621005506948
24.5666666666667,-0.00220464421511328,-0.00093958851495028,0.00402108087500731
24.6,-0.00220413087210797,-0.000939571201121452,0.00402594951508145
24.6333333333333,-0.00220361768990247,-0.000939553827110633,0.00403081597509966
24.6666666666667,-0.00220310466701185,-0.000939536392891282,0.00403568025483679
24.7,-0.00220259180212712,-0.000939518898567966,0.00404054235401005
24.7333333333333,-0.00220207909413865,-0.000939501344376536,0.00404540227225258
24.7666666666667,-0.00220156654215639,-0.000939483730683507,0.00405026000909287
24.8,-0.00220105414552557,-0.000939466057984578,0.00405511556393372
24.8333333333333,-0.00220054190383845,-0.000939448326902371,0.00405996893603824
24.8666666666667,-0.00220002981694133,-0.000939430538183357,0.00406482012451521
24.9,-0.00219951788493714,-0.000939412692694024,0.00406966912831267
24.9333333333333,-0.00219900610818326,-0.000939394791416296,0.00407451594621057
24.9666666666667,-0.00219849448728508,-0.000939376835442228,0.00407936057682221
25,-0.0021979830230849,-0.000939358825968042,0.0040842030185946
25.0333333333333,-0.00219747171664695,-0.000939340764287469,0.00408904326981716
25.0666666666667,-0.00219696056923844,-0.000939322651784541,0.00409388132862966
25.1,-0.00219644958230712,-0.000939304489925745,0.00409871719303745
25.1333333333333,-0.00219593875745592,-0.000939286280251714,0.00410355086092607
25.1666666666667,-0.00219542809641479,-0.00093926802436837,0.00410838233008163
25.2,-0.00219491760101063,-0.000939249723937703,0.0041132115982108
25.2333333333333,-0.00219440727313547,-0.000939231380668079,0.00411803866296492
25.2666666666667,-0.00219389711471382,-0.000939212996304308,0.00412286352196374
25.3,-0.00219338712766917,-0.000939194572617327,0.00412768617282137
25.3333333333333,-0.00219287731389042,-0.00093917611139367,0.00413250661317132
25.3666666666667,-0.0021923676751984,-0.000939157614424337,0.004137324840695
25.4,-0.00219185821331408,-0.000939139083493577,0.00414214085314544
25.4333333333333,-0.0021913489298284,-0.000939120520367449,0.00414695464837163
25.4666666666667,-0.00219083982617504,-0.000939101926782623,0.00415176622434197
25.5,-0.00219033090360578,-0.000939083304435137,0.00415657557916242
25.5333333333333,-0.00218982216316975,-0.00093906465496951,0.00416138271109586
25.5666666666667,-0.00218931360569612,-0.000939045979968005,0.004166187618574
25.6,-0.00218880523178124,-0.000939027280940376,0.00417099030021008
25.6333333333333,-0.00218829704177971,-0.000939008559313924,0.00417579075480351
25.6666666666667,-0.00218778903580018,-0.000938989816424184,0.00418058898134511
25.7,-0.00218728121370529,-0.000938971053506049,0.00418538497901376
25.7333333333333,-0.00218677357511622,-0.000938952271685667,0.00419017874717359
25.7666666666667,-0.00218626611942117,-0.000938933471972896,0.00419497028536271
25.8,-0.00218575884578815,-0.000938914655254634,0.00419975959328267
25.8333333333333,-0.00218525175318131,-0.000938895822288823,0.00420454667077974
25.8666666666667,-0.0021847448403807,-0.000938876973699412,0.00420933151782716
25.9,-0.00218423810600519,-0.000938858109972073,0.00421411413450057
25.9333333333333,-0.00218373154853779,-0.000938839231450943,0.00421889452095398
25.9666666666667,-0.00218322516635333,-0.000938820338336182,0.004223672677391
26,-0.00218271895774756,-0.000938801430682572,0.00422844860403619
26.0333333333333,-0.00218221292096771,-0.000938782508398995,0.00423322230110385
26.0666666666667,-0.00218170705424336,-0.000938763571248933,0.00423799376876683
26.1,-0.00218120135581808,-0.000938744618851877,0.00424276300712469
26.1333333333333,-0.00218069582398068,-0.000938725650685663,0.00424753001617186
26.1666666666667,-0.00218019045709614,-0.00093870666608982,0.0042522947957656
26.2,-0.00217968525363445,-0.000938687664269748,0.00425705734559701
26.2333333333333,-0.00217918021219789,-0.000938668644301829,0.00426181766516407
26.2666666666667,-0.00217867533154518,-0.000938649605139353,0.00426657575374543
26.3,-0.00217817061061318,-0.000938630545619301,0.0042713316103813
26.3333333333333,-0.00217766604853468,-0.000938611464469857,0.00427608523385318
26.3666666666667,-0.00217716164465302,-0.000938592360318698,0.00428083662267299
26.4,-0.00217665739853228,-0.0009385732317019,0.00428558577507109
26.4333333333333,-0.00217615330996392,-0.000938554077073539,0.00429033268899469
26.4666666666667,-0.00217564937896888,-0.000938534894815773,0.00429507736210481
26.5,-0.0021751456057958,-0.00093851568324952,0.00429981979178443
26.5333333333333,-0.00217464199091502,-0.000938496440645473,0.00430455997514508
26.5666666666667,-0.00217413853500877,-0.000938477165235604,0.00430929790904406
26.6,-0.00217363523895762,-0.000938457855224858,0.00431403359010052
26.6333333333333,-0.00217313210382351,-0.000938438508803369,0.00431876701472099
26.6666666666667,-0.00217262913082967,-0.000938419124159019,0.00432349817912341
26.7,-0.00217212632133786,-0.000938399699490336,0.00432822707937107
26.7333333333333,-0.00217162367682331,-0.000938380233019225,0.00433295371140323
26.7666666666667,-0.00217112119884777,-0.000938360723003771,0.00433767807107263
26.8,-0.00217061888903131,-0.000938341167750658,0.00434240015418243
26.8333333333333,-0.00217011674902304,-0.000938321565627485,0.00434711995652601
26.8666666666667,-0.00216961478047172,-0.000938301915074539,0.00435183747392667
26.9,-0.00216911298499565,-0.000938282214616289,0.0043565527022776
26.9333333333333,-0.00216861136415351,-0.000938262462872143,0.00436126563758391
26.9666666666667,-0.00216810991941594,-0.00093824265856681,0.00436597627599993
27,-0.00216760865213944,-0.000938222800539741,0.00437068461386886
27.0333333333333,-0.00216710756354215,-0.000938202887754044,0.00437539064775476
27.0666666666667,-0.00216660665468279,-0.00093818291930437,0.00438009437447662
27.1,-0.00216610592644231,-0.000938162894424106,0.00438479579113395
27.1333333333333,-0.00216560537950941,-0.000938142812491478,0.00438949489513279
27.1666666666667,-0.0021651050143693,-0.00093812267303485,0.00439419168420215
27.2,-0.00216460483129671,-0.000938102475736867,0.00439888615641128
27.2333333333333,-0.00216410483035237,-0.000938082220437713,0.00440357831017562
27.2666666666667,-0.0021636050113838,-0.000938061907137188,0.00440826814426396
27.3,-0.00216310537402961,-0.000938041535995835,0.00441295565779383
27.3333333333333,-0.00216260591772777,-0.000938021107334905,0.00441764085022821
27.3666666666667,-0.00216210664172714,-0.00093800062163532,0.00442232372136071
27.4,-0.00216160754510245,-0.000937980079535529,0.0044270042713021
27.4333333333333,-0.00216110862677207,-0.000937959481828348,0.00443168250045639
27.4666666666667,-0.00216060988551843,-0.000937938829456756,0.00443635840949805
27.5,-0.00216011132001068,-0.0009379181235087,0.00444103199934061
27.5333333333333,-0.002159612928829,-0.000937897365210953,0.0044457032711062
27.5666666666667,-0.00215911471049051,-0.000937876555922009,0.0044503722260886
27.6,-0.00215861666347575,-0.000937855697124165,0.00445503886571699
27.6333333333333,-0.00215811878625606,-0.000937834790414704,0.00445970319151579
27.6666666666667,-0.00215762107732068,-0.00093781383749638,0.00446436520506525
27.7,-0.00215712353520425,-0.000937792840167129,0.00446902490795805
27.7333333333333,-0.00215662615851307,-0.000937771800309182,0.00447368230175961
27.7666666666667,-0.00215612894595027,-0.000937750719877543,0.004478337387968
27.8,-0.00215563189633867,-0.00093772960088809,0.0044829901679732
27.8333333333333,-0.00215513500864169,-0.000937708445405056,0.00448764064302299
27.8666666666667,-0.00215463828198115,-0.000937687255528351,0.00449228881418754
27.9,-0.00215414171565248,-0.000937666033380403,0.00449693468233122
27.9333333333333,-0.00215364530913624,-0.000937644781092735,0.00450157824808464
27.9666666666667,-0.00215314906210656,-0.000937623500791947,0.00450621951182496
28,-0.00215265297443571,-0.000937602194585783,0.00451085847365477
28.0333333333333,-0.00215215704619531,-0.000937580864549116,0.00451549513339339
28.0666666666667,-0.00215166127765371,-0.000937559512710306,0.00452012949056585
28.1,-0.00215116566927002,-0.000937538141037664,0.00452476154440286
28.1333333333333,-0.00215067022168461,-0.000937516751426496,0.00452939129384046
28.1666666666667,-0.00215017493570657,-0.000937495345686431,0.00453401873752971
28.2,-0.00214967981229815,-0.000937473925529512,0.00453864387384576
28.2333333333333,-0.00214918485255652,-0.000937452492558753,0.00454326670090635
28.2666666666667,-0.00214869005769345,-0.000937431048257608,0.0045478872165895
28.3,-0.00214819542901278,-0.000937409593980069,0.00455250541855931
28.3333333333333,-0.00214770096788666,-0.000937388130941801,0.00455712130429073
28.3666666666667,-0.0021472066757305,-0.000937366660212041,0.00456173487110057
28.4,-0.00214671255397747,-0.000937345182706626,0.00456634611617772
28.4333333333333,-0.00214621860405248,-0.000937323699181912,0.00457095503661754
28.4666666666667,-0.0021457248273463,-0.000937302210229876,0.0045755616294547
28.5,-0.00214523122518995,-0.000937280716274168,0.0045801658917004
28.5333333333333,-0.00214473779883065,-0.000937259217567422,0.0045847678203762
28.5666666666667,-0.00214424454940912,-0.000937237714189546,0.00458936741254791
28.6,-0.00214375147793939,-0.000937216206047274,0.00459396466535783
28.6333333333333,-0.00214325858529072,-0.000937194692874743,0.00459855957605381
28.6666666666667,-0.00214276587217272,-0.000937173174235262,0.00460315214201745
28.7,-0.0021422733391232,-0.000937151649524156,0.0046077423607859
28.7333333333333,-0.00214178098649955,-0.000937130117972709,0.00461233023007362
28.7666666666667,-0.00214128881447323,-0.000937108578653177,0.00461691574778618
28.8,-0.00214079682302797,-0.000937087030484814,0.00462149891203369
28.8333333333333,-0.00214030501196108,-0.000937065472240917,0.00462607972113583
28.8666666666667,-0.00213981338088836,-0.000937043902556778,0.00463065817362663
28.9,-0.00213932192925201,-0.000937022319938587,0.00463523426825017
28.9333333333333,-0.00213883065633163,-0.000937000722773115,0.00463980800395666
28.9666666666667,-0.002138339561258,-0.000936979109338255,0.00464437937988982
29,-0.00213784864302926,-0.000936957477814197,0.0046489483953745
29.0333333333333,-0.00213735790052934,-0.000936935826295357,0.0046535150498969
29.0666666666667,-0.00213686733254814,-0.000936914152802775,0.00465807934308512
29.1,-0.00213637693780327,-0.000936892455297137,0.00466264127468372
29.1333333333333,-0.0021358867149627,-0.000936870731692102,0.00466720084452879
29.1666666666667,-0.00213539666266826,-0.000936848979868116,0.00467175805251906
29.2,-0.0021349067795593,-0.000936827197686412,0.0046763128985874
29.2333333333333,-0.0021344170642966,-0.000936805383003682,0.00468086538267021
29.2666666666667,-0.00213392751558584,-0.000936783533686915,0.00468541550467726
29.3,-0.00213343813220055,-0.000936761647628415,0.00468996326446283
29.3333333333333,-0.0021329489130033,-0.000936739722760523,0.00469450866179435
29.3666666666667,-0.00213245985696544,-0.000936717757070247,0.00469905169632795
29.4,-0.00213197096318446,-0.00093669574861336,0.00470359236758274
29.4333333333333,-0.0021314822308992,-0.000936673695528282,0.00470813067492038
29.4666666666667,-0.0021309936595021,-0.00093665159604917,0.00471266661752557
29.5,-0.00213050524854883,-0.000936629448518601,0.00471720019439394
29.5333333333333,-0.00213001699776471,-0.000936607251399311,0.00472173140431965
29.5666666666667,-0.00212952890704819,-0.000936585003285327,0.00472626024589228
29.6,-0.00212904097647098,-0.000936562702912022,0.00473078671749319
29.6333333333333,-0.00212855320627533,-0.000936540349165405,0.00473531081730122
29.6666666666667,-0.00212806559686803,-0.000936517941090219,0.00473983254329848
29.7,-0.00212757814881172,-0.000936495477897153,0.00474435189328469
29.7333333333333,-0.00212709086281333,-0.000936472958968782,0.00474886886489177
29.7666666666667,-0.00212660373971016,-0.000936450383864514,0.00475338345560617
29.8,-0.00212611678045375,-0.000936427752324238,0.00475789566279106
29.8333333333333,-0.00212562998609171,-0.0009364050642709,0.00476240548371508
29.8666666666667,-0.00212514335774818,-0.000936382319811775,0.00476691291558097
29.9,-0.00212465689660294,-0.00093635951923863,0.0047714179555585
29.9333333333333,-0.00212417060386978,-0.000936336663026611,0.00477592060081752
29.9666666666667,-0.00212368448077425,-0.000936313751831993,0.00478042084856327
30,-0.00212319852853154,-0.000936290786488744,0.00478491869607158
