0,0,0.00863921965811998,0
0.0333333333333333,-0.00264427221084621,0.00415406052942356,3.44965809254663
0.0666666666666667,-0.00268179576457477,0.00399788742135269,3.11634816184625
0.1,-0.00274351579059923,0.00375329740906308,2.64971865589019
0.133333333333333,-0.0028208719700232,0.00343821841902172,2.13957492861624
0.166666666666667,-0.00289571385847567,0.00307054350123019,1.65692192787091
0.2,-0.00294364456646418,0.00266620441478909,1.2421826275993
0.233333333333333,-0.00293985182668582,0.00223897522832899,0.908831632385358
0.266666666666667,-0.00286400158019984,0.00180096698237684,0.653166733627668
0.3,-0.00270277970587656,0.00136311705752292,0.463428326014807
0.333333333333333,-0.00245038000793981,0.000935450792933415,0.325819321004451
0.366666666666667,-0.0021078041442222,0.000527138083842366,0.227605172861774
0.4,-0.00168169748351682,0.000146426315590068,0.158284429655503
0.433333333333333,-0.00118312854610843,-0.000199483431936162,0.109733266477096
0.466666666666667,-0.000626476028905993,-0.000504575237864913,0.0759098262078422
0.5,-2.84569841735716e-05,-0.000764147133241627,0.0524332995534586
0.533333333333333,0.000592720973645518,-0.00097491541699725,0.0361798620547581
0.566666666666667,0.00121811027931747,-0.00113508467119115,0.0249468918402737
0.6,0.00182869783979465,-0.00124437812121923,0.017193014432913
0.633333333333333,0.00240601490974017,-0.00130402543248866,0.0118451341834876
0.666666666666667,0.00293268665342388,-0.00131670750570525,0.008158795300633
0.7,0.00339292103564533,-0.00128645971785206,0.00561876743640617
0.733333333333333,0.00377293415784667,-0.0012185366103629,0.00386907009260775
0.766666666666667,0.00406130935390436,-0.00111924199118554,0.00266401878275456
0.8,0.00424928677353205,-0.000995729416702025,0.00183418790079796
0.833333333333333,0.00433098158760717,-0.000855778297256551,0.00126279219226848
0.866666666666667,0.00430352876950985,-0.000707552004405871,0.000869367023115394
0.9,0.00416712254274933,-0.000559344093678883,0.000598492418067847
0.933333333333333,0.00392305106476712,-0.000419377658543948,0.000411999194006169
0.966666666666667,0.00357697448083131,-0.000295627274236417,0.000283602912556672
1,0.00313909241003204,-0.000195392663263749,0.000195213676321533
1.03333333333333,0.00262240923723295,-0.000125023167277171,0.000134357149830009
1.06666666666667,0.00204229326929162,-8.96931214315728e-05,9.24586061033123e-05
1.1,0.00141593487428937,-9.32294077405464e-05,6.36116969541896e-05
1.13333333333333,0.000761768851024217,-0.000137978118039174,4.3750217257275e-05
1.16666666666667,9.88658579509448e-05,-0.000224729536884837,3.00766139056102e-05
1.2,-0.000553676999125348,-0.000352696602707672,2.06633584116541e-05
1.23333333333333,-0.0011773242598625,-0.000519543410029916,1.41831433145317e-05
1.26666666666667,-0.00175465172227806,-0.000721464747575533,9.72252197157906e-06
1.3,-0.00226984773275189,-0.000953312120518679,6.65201152012142e-06
1.33333333333333,-0.00270914546327008,-0.00120875906408368,4.53846226326342e-06
1.36666666666667,-0.00306119107546197,-0.00148050298256344,3.08310503926899e-06
1.4,-0.00331732335594922,-0.00176048674238956,2.08081892409122e-06
1.43333333333333,-0.0034717896567577,-0.00204014636099562,1.38985408053926e-06
1.46666666666667,-0.00352187280081087,-0.00231066946015158,9.12921261025332e-07
1.5,-0.00346680888104557,-0.00256322580530853,5.82866713877109e-07
1.53333333333333,-0.0033088908589969,-0.00278909316002688,3.53769278625481e-07
1.56666666666667,-0.00305507207892961,-0.00297922037664274,1.94287874063114e-07
1.6,-0.00271547589233916,-0.00312579501042678,8.31140809050588e-08
1.63333333333333,-0.00230293756989704,-0.00322238239836104,5.89960942106577e-09
1.66666666666667,-0.00183252573733485,-0.00326390417629065,-4.70069764000831e-08
1.7,0.000303327901973325,0.00138736479039579,-2.98112450210678
1.73333333333333,-0.000760127454345152,0.00168509456004829,-2.17570905803595
1.76666666666667,-0.00145162041522166,0.00187525032201369,-1.65752053000292
1.8,-0.00188627818461888,0.00200311859011042,-1.30460523531367
1.83333333333333,-0.00212933663041136,0.0020918378110638,-1.0534808649325
1.86666666666667,-0.0022213833904109,0.00215401533694078,-0.868457357265392
1.9,-0.00219004882603895,0.00219683678833082,-0.728218587607396
1.93333333333333,-0.00205587131464087,0.00222451363326517,-0.619396303634977
1.96666666666667,-0.00183540705373312,0.00223927242874395,-0.533262058529669
2,-0.00154292180731254,0.00224209380001314,-0.46392083567454
2.03333333333333,-0.00119137209637099,0.00223379102461632,-0.407274911987577
2.06666666666667,-0.000792942306562204,0.00221479516905966,-0.360404254263115
2.1,-0.000359314126428305,0.00218529153779147,-0.321182526014683
2.13333333333333,9.82174297087234e-05,0.00214531510274128,-0.288031612897162
2.16666666666667,0.0005687215858924,0.00209481581708611,-0.259760356609855
2.2,0.00104166578402714,0.00203370521234914,-0.23545602873576
2.23333333333333,0.00150698193935402,0.00196189084932818,-0.214409740694808
2.26666666666667,0.00195514940520674,0.00187930262323663,-0.19606415875927
2.3,0.00237728408127588,0.00178591328040815,-0.179976218058818
2.33333333333333,0.00276522649072142,0.00168175457498068,-0.165790126210081
2.36666666666667,0.00311162463876616,0.00156693005343826,-0.153217511690659
2.4,0.00341000822150738,0.00144162495762414,-0.142022659552512
2.43333333333333,0.00365485306749274,0.00130611375324074,-0.132011375362688
2.46666666666667,0.00384163418690093,0.00116076541195514,-0.123022514497501
2.5,0.00396686788243575,0.00100604682496358,-0.114921450866272
2.53333333333333,0.00402814218045497,0.000842524391898065,-0.107595008668392
2.56666666666667,0.00402413593947461,0.000670863983529219,-0.100947488109035
2.6,0.00395422110558771,0.000491828405710194,-0.094897524576782
2.63333333333333,0.0038170151698723,0.000306259420682587,-0.089375585764346
2.66666666666667,0.00361449985787962,0.000115075786020258,-0.0843219660059387
2.7,0.00335032189305616,-8.07072205660221e-05,-0.079685167123447
2.73333333333333,0.00302931086428352,-0.000279985895785686,-0.0754205785106304
2.76666666666667,0.00265736580077451,-0.000481573378672479,-0.0714894023274264
2.8,0.00224131840689786,-0.000684209102234182,-0.0678577666299513
2.83333333333333,0.00178878046446761,-0.000886568853708283,-0.0644959942503412
2.86666666666667,0.00130797895189185,-0.00108727608854812,-0.0613779943959915
2.9,0.000807583465909203,-0.00128491438126696,-0.0584807546301143
2.93333333333333,0.000296531251586547,-0.0014780406591403,-0.0557839150693067
2.96666666666667,-0.00021614386986783,-0.00166519890027106,-0.0532694111290012
3,-0.000721482664243222,-0.00184493444129068,-0.0509211675247645
3.03333333333333,-0.0012107554042875,-0.00201580800067977,-0.0487248432154807
3.06666666666667,-0.00167561192794265,-0.00217641005841598,-0.0466676103547286
3.1,-0.0021082149185564,-0.00232537470359916,-0.0447379670268655
3.13333333333333,-0.00250135786004754,-0.00246139288143541,-0.0429255767571246
3.16666666666667,-0.00284857214809382,-0.00258322553811548,-0.0412211288267491
3.2,-0.00314421580260552,-0.00268971579746324,-0.0396162187180135
3.23333333333333,-0.00338354802607095,-0.00277980053234644,-0.0381032442283002
3.26666666666667,-0.00356278858957056,-0.00285252091068618,-0.0366753154176722
3.3,-0.00367916415544435,-0.00290703240423028,-0.0353261757805113
3.33333333333333,-0.00373093988718056,-0.00294261356708362,-0.0340501337848844
3.36666666666667,-0.00371604148120151,-0.00295815614642533,-0.0328420026441044
3.4,-0.00363359492489945,-0.00295240454709702,-0.0316970475654309
3.43333333333333,-0.00348538717318756,-0.00292505755968672,-0.0306109390476131
3.46666666666667,-0.00327445928232286,-0.00287602304605588,-0.0295797121274431
3.5,-0.00300503424485454,-0.0028054125813561,-0.0285997300574854
3.53333333333333,-0.00268242054797655,-0.0027135423520664,-0.0276676523257428
3.56666666666667,-0.00231289073614356,-0.00260093186956073,-0.0267804061053124
3.6,-0.00190354241230107,-0.00246829926732418,-0.0259351610124229
3.63333333333333,-0.00146214387163674,-0.00231655416037777,-0.0251293064834493
3.66666666666667,-0.000996971273879647,-0.00214678780017185,-0.0243604316941285
3.7,-0.00051663930825767,-0.00196026100843497,-0.0236263074936936
3.73333333333333,-2.99329427702146e-05,-0.00175838999026067,-0.0229248703073764
3.76666666666667,0.000454359343846036,-0.00154273041703667,-0.022254207600509
3.8,0.000927603537167455,-0.00131496012054735,-0.0216125448779713
3.83333333333333,0.0013814704817411,-0.00107686061207503,-0.0209982339028515
3.86666666666667,0.00180807237544549,-0.000830297996608833,-0.0204097421217963
3.9,0.00220008797078939,-0.000577203277578396,-0.0198456430497124
3.93333333333333,0.00255087141403105,-0.00031955278842899,-0.0193046076105162
3.96666666666667,0.0028545482329626,-5.93485282099627e-05,-0.0187853962392129
4,0.00310609462025559,0.000201400762095729,-0.0182868517480077
4.03333333333333,0.00330140378007328,0.000460698203695616,-0.0178078928021975
4.06666666666667,0.00343733650345806,0.000716576182904453,-0.01734750801221
4.1,0.00351175935440281,0.000967113137180078,-0.0169047505187666
4.13333333333333,0.00352356841942964,0.00121044884043084,-0.016478733079477
4.16666666666667,0.00347234341821146,0.00144479848455477,-0.0160686235331851
4.2,0.00335732611448749,0.00166846038722141,-0.0156736406346633
4.23333333333333,0.00318057972489005,0.00187982938610768,-0.0152930505057305
4.26666666666667,0.00294560849086986,0.00207741305135598,-0.0149261630986152
4.3,0.0026570171047724,0.00225984294761859,-0.0145723290222105
4.33333333333333,0.00232040677622596,0.00242588189880607,-0.0142309366697985
4.36666666666667,0.00194225034143594,0.00257443101716946,-0.0139014095750743
4.4,0.00152975184769844,0.00270453487790935,-0.0135832040041089
4.43333333333333,0.00109069326458214,0.00281538535161044,-0.0132758067371418
4.46666666666667,0.00063327509221903,0.00290632392909493,-0.0129787330456721
4.5,0.00016595229882011,0.00297684297418315,-0.0126915248261571
4.53333333333333,-0.000302727124296169,0.00302658563210378,-0.0124137488944099
4.56666666666667,-0.000764281009180835,0.00305534482390179,-0.0121449954077889
4.6,-0.00121044240213292,0.00306306120913646,-0.011884876418441
4.63333333333333,-0.00163329941896799,0.00304930330751275,-0.0116330245291475
4.66666666666667,-0.00202541725143165,0.0030134467579359,-0.0113890916541389
4.7,-0.00237995879608727,0.00295591438059126,-0.0111527478666279
4.73333333333333,-0.00269079066104092,0.00287732100091996,-0.0109236803312624
4.76666666666667,-0.00295257245755575,0.00277844953574733,-0.0107015922998599
4.8,-0.0031608289944113,0.00266024026969151,-0.0104862021755786
4.83333333333333,-0.00331201121718264,0.00252377833140537,-0.0102772426291464
4.86666666666667,-0.00340354163570816,0.00237028019803369,-0.0100744597707964
4.9,-0.00343340519690123,0.00220107935875174,-0.00987761239662795
4.93333333333333,-0.0033993422242828,0.00201761524713415,-0.00968647131416216
4.96666666666667,-0.00330182300412584,0.00182141575057352,-0.00950081843398
5,-0.00314271991479271,0.00161407705942682,-0.00932044619867868
5.03333333333333,-0.00292508946348615,0.00139724557898847,-0.00914515696553062
5.06666666666667,-0.00265310210740591,0.00117260216191586,-0.00897476241518252
5.1,-0.00233194740005121,0.000941845747831587,-0.00880908299180912
5.13333333333333,-0.00196771830864578,0.000706678153661475,-0.00864794738012595
5.16666666666667,-0.00156727764270806,0.000468789644946308,-0.00849119201336832
5.2,-0.00113811225492028,0.000229845813013598,-0.00833866061670912
5.23333333333333,-0.000688177268268113,-8.52464150184387e-06,-0.00819020378084802
5.26666666666667,-0.000225737159957906,-0.000244740600960381,-0.00804567856926725
5.3,0.000240795222566967,-0.000477278201963938,-0.00790494815399723
5.33333333333333,0.000703014752547761,-0.000704679023132813,-0.0077678814823754
5.36666666666667,0.00115267563523428,-0.000925557203441753,-0.00763435296961591
5.4,0.00158183217039166,-0.0011386052356158,-0.00750424221872072
5.43333333333333,0.00198297054578462,-0.00134259873264567,-0.00737743376256365
5.46666666666667,0.00234912628084913,-0.00153640009210853,-0.00725381682891702
5.5,0.00267399031779976,-0.00171896123494011,-0.00713328512340076
5.53333333333333,0.00295199946519794,-0.00188932549311097,-0.00701573663062377
5.56666666666667,0.00317841475129454,-0.00204662870261312,-0.00690107342881804
5.6,0.00334938437077269,-0.00219009969458461,-0.00678920151800426
5.63333333333333,0.00346199472193314,-0.00231906013066422,-0.00668003065747361
5.66666666666667,0.00351430700502186,-0.00243292396358483,-0.00657347421262756
5.7,0.00350508307217184,-0.00253119658486135,-0.00646944898616462
5.73333333333333,0.00343259670380536,-0.0026134768300145,-0.00636787498909406
5.76666666666667,0.00329784659456423,-0.00267945475526358,-0.00626867552968628
5.8,0.00310334481855995,-0.00272890672816272,-0.00617177699611534
5.83333333333333,0.00285274086234582,-0.00276169137408626,-0.00607710869867618
5.86666666666667,0.00255073877701872,-0.00277774813235846,-0.00598460273553702
5.9,0.00220299170785384,-0.00277707118876041,-0.00589419385849034
5.93333333333333,0.00181597552548519,-0.00275899169598313,-0.00580581934135684
5.96666666666667,0.00139684783193242,-0.00272334131412448,-0.00571941885035153
6,0.000953300855818557,-0.00267042984815725,-0.00563493431379149
6.03333333333333,0.000493407582825133,-0.00260067221248619,-0.00555230979528638
6.06666666666667,2.54633346612278e-05,-0.00251458458736402,-0.0054714913731482
6.1,-0.000442172264675701,-0.00241278007066091,-0.00539242702535417
6.13333333333333,-0.000901226185215848,-0.00229596378868035,-0.00531506652230185
6.16666666666667,-0.00134365749070594,-0.00216492749428645,-0.00523936132772356
6.2,-0.00176179093572659,-0.00202054375004877,-0.00516526450907138
6.23333333333333,-0.00214844081670927,-0.00186375971698214,-0.00509273065745814
6.26666666666667,-0.00249702024490933,-0.00169559058926032,-0.00502171581781146
6.3,-0.00280163879622694,-0.00151711278133679,-0.00495217742883547
6.33333333333333,-0.00305718474223371,-0.00132945684098774,-0.00488407427273843
6.36666666666667,-0.00325939526446281,-0.00113380026226434,-0.00481736643383397
6.4,-0.00340491174333006,-0.000931360120721725,-0.00475201526535993
6.43333333333333,-0.0034913233339903,-0.000723385749349101,-0.00468798336320799
6.46666666666667,-0.00351703807242938,-0.000511151240238868,-0.00462523455648519
6.5,-0.00347983450694441,-0.000295945773321332,-0.00456373399017887
6.53333333333333,-0.00337992098287951,-7.90662383299642e-05,-0.0045034478947933
6.56666666666667,-0.00321921202173287,0.000138187471427999,-0.00444434363809686
6.6,-0.00300077877960289,0.000354516906605391,-0.00438638975287355
6.63333333333333,-0.00272877889311968,0.000568631806876617,-0.00432955592542275
6.66666666666667,-0.00240836294178215,0.000779256406711793,-0.00427381298187179
6.7,-0.00204555980165705,0.00098513515681195,-0.00421913286926968
6.73333333333333,-0.00164714597530456,0.0011850387790195,-0.00416548863116764
6.76666666666667,-0.00122050133331243,0.00137777004123108,-0.00411285437649509
6.8,-0.000773457534230527,0.00156216949636948,-0.00406120524168392
6.83333333333333,-0.00031414082480612,0.00173712112407952,-0.00401051734563115
6.86666666666667,0.000149183986591385,0.00190155784209062,-0.00396076773832066
6.9,0.000608267989176914,0.00205446694412757,-0.00391193434332654
6.93333333333333,0.00105502456276997,0.00219489533314627,-0.00386399589576465
6.96666666666667,0.00148166876126143,0.00232195470147394,-0.00381693187643676
7,0.00188084402758393,0.00243482641938247,-0.00377072244422275
7.03333333333333,0.00224573855548594,0.00253276638513959,-0.00372534836777973
7.06666666666667,0.00257018670764354,0.00261510950262019,-0.00368079095877916
7.1,0.00284875861023151,0.00268127412393508,-0.00363703200781425
7.13333333333333,0.0030768343821606,0.0027307660508326,-0.00359405372506564
7.16666666666667,0.00325066633999669,0.00276318249182541,-0.00355183868670298
7.2,0.00336742652799261,0.00277821453219805,-0.00351036978869133
7.23333333333333,0.00342524392145951,0.00277502616485928,-0.00346963020883742
7.26666666666667,0.00342320906921882,0.00275298944934458,-0.00342960337588838
7.3,0.0033600148529192,0.00271214793541624,-0.00339027284944639
7.33333333333333,0.00323603069442342,0.00265268544259212,-0.00335162245220867
7.36666666666667,0.00305368121681392,0.00257492803908209,-0.00331363629444914
7.4,0.00281649743338084,0.00247934374116292,-0.00327629871962287
7.43333333333333,0.00252903631564482,0.00236654001300823,-0.00323959432128165
7.46666666666667,0.00219677955792299,0.00223725899156331,-0.00320350796664425
7.5,0.00182601276556887,0.0020923718896373,-0.0031680248251131
7.53333333333333,0.00142369106117071,0.00193287175200981,-0.00313313039973093
7.56666666666667,0.000997293032091793,0.00175986504403062,-0.00309881055984138
7.6,0.000554669514128593,0.00157456208461946,-0.00306505157281276
7.63333333333333,0.000103888438704335,0.00137826649655394,-0.00303184013321957
7.66666666666667,-0.000346917455436676,0.00117236385470183,-0.00299916338763401
7.7,-0.000789700151639932,0.000958309627822951,-0.00296700895386258
7.73333333333333,-0.00121663674746623,0.000737616729928264,-0.00293536493336404
7.76666666666667,-0.00162026219591162,0.000511842636508289,-0.0029042199163169
7.8,-0.0019935889118613,0.000282576523440491,-0.00287356297882486
7.83333333333333,-0.00233021585169275,5.14262291588221e-05,-0.00284338367240992
7.86666666666667,-0.00262442264535856,-0.000179994394659602,-0.00281367200605268
7.9,-0.00287125202651018,-0.000410078084751525,-0.00278441842153479
7.93333333333333,-0.00306657715242262,-0.000637236085992505,-0.00275561376300017
7.96666666666667,-0.00320715711912005,-0.000859909848993288,-0.0027272492419258
8,-0.00329067811498529,-0.00107658183616509,-0.00269931639887088
8.03333333333333,-0.00331572363020527,-0.00128578595944099,-0.0026718070677004
8.06666666666667,-0.00328043430084544,-0.0014861156155573,-0.00264471343504263
8.1,-0.00318488623393752,-0.00167623203267985,-0.00261802783733979
8.13333333333333,-0.00303095447492443,-0.00185487426972144,-0.00259174272745332
8.16666666666667,-0.0028216269919509,-0.00202086767088196,-0.0025658506860304
8.2,-0.00256093697256953,-0.00217313078299976,-0.00254034439533161
8.23333333333333,-0.0022538725977633,-0.00231068135939923,-0.00251521661925793
8.26666666666667,-0.00190626708504773,-0.00243264149824575,-0.00249046019104262
8.3,-0.00152467230225456,-0.00253824213541358,-0.00246606800817764
8.33333333333333,-0.00111622106083045,-0.0026268264769546,-0.0024420330344658
8.36666666666667,-0.000688480058240289,-0.00269785289948465,-0.00241834830825482
8.4,-0.000249299958504922,-0.00275089689476758,-0.00239500695610028
8.43333333333333,0.000193336575012603,-0.00278565245987247,-0.00237200221035301
8.46666666666667,0.000631462264928583,-0.00280193270410627,-0.00234932742955355
8.5,0.00105726839382175,-0.00279950085242947,-0.00232697611969084
8.53333333333333,0.00146323573796032,-0.00277753216839014,-0.00230494195326217
8.56666666666667,0.00184226029911924,-0.00273611005634127,-0.00228321878950485
8.6,0.00218776568231125,-0.00267559991371472,-0.00226180069500985
8.63333333333333,0.00249380592897548,-0.00259651643834483,-0.00224068195656024
8.66666666666667,0.00275515070347159,-0.00249951756259046,-0.00221985708896318
8.7,0.00296735990454686,-0.0023853968132843,-0.00219932083684669
8.73333333333333,0.00312684373488841,-0.00225507454897114,-0.0021790681702059
8.76666666666667,0.00323091088128475,-0.00210958787783498,-0.00215909427356469
8.8,0.00327780286246287,-0.00195007983662942,-0.0021393945292903
8.83333333333333,0.00326638789343975,-0.00177778767354751,-0.00211996447238896
8.86666666666667,0.00319527754776504,-0.00159403238100684,-0.00210079970483693
8.9,0.00306559931803015,-0.00140020507431493,-0.00208189606028581
8.93333333333333,0.0028798153589665,-0.00119775297473289,-0.00206324948140385
8.96666666666667,0.00264145292975194,-0.000988164650604433,-0.00204485596876997
9,0.00235502541914481,-0.00077295756164822,-0.00202671154549572
9.03333333333333,0.00202593237015136,-0.000553664947835992,-0.00200881222366684
9.06666666666667,0.00166034242071432,-0.000331823359072975,-0.00199115397507402
9.1,0.00126506172617134,-0.000108960731092882,-0.00197373270724975
9.13333333333333,0.000847393456409086,0.000113414689816918,-0.00195654424617058
9.16666666666667,0.000414990077440353,0.000333824865087633,-0.00193958432650204
9.2,-2.42951744685986e-05,0.000550831418148015,-0.00192284858981263
9.23333333333333,-0.000462557082717875,0.00076304441841955,-0.00190633259098817
9.26666666666667,-0.000891981145750042,0.000969130109357605,-0.00189003181240844
9.3,-0.00130498100162789,0.00116781788193884,-0.00187394168545218
9.33333333333333,-0.00169432484304717,0.00135790627822493,-0.00185805761813337
9.36666666666667,-0.00205325290161482,0.0015382682242596,-0.00184237502791118
9.4,-0.00237558117657178,0.00170785542403441,-0.00182688937795548
9.43333333333333,-0.00265579436276226,0.00186570201453965,-0.00181159621560267
9.46666666666667,-0.00288912411653143,0.00201092753780219,-0.00179649121106778
9.5,-0.00307161596153797,0.0021427392351384,-0.00178157019508114
9.53333333333333,-0.00320018183231956,0.00226043381947162,-0.00176682919360643
9.56666666666667,-0.0032726413542524,0.00236339864553549,-0.00175226445846476
9.6,-0.00328744638067592,0.00245111262529929,-0.00173787251373558
9.63333333333333,-0.00324271331167405,0.00252314811752812,-0.00172365024317645
9.66666666666667,-0.0031390306666774,0.00257917028530898,-0.00170959470776999
9.7,-0.00297835211574205,0.00261893589075294,-0.00169570323256143
9.73333333333333,-0.00276371370266245,0.00264229128308672,-0.00168197341928909
9.76666666666667,-0.00249916570533616,0.00264917176703057,-0.00166840313413362
9.8,-0.00218968205061117,0.00263919513736105,-0.00165499048836733
9.83333333333333,-0.00184104974276826,0.00261184761663161,-0.00164173381383764
9.86666666666667,-0.00145974579982877,0.00256736599876484,-0.00162863162946508
9.9,-0.00105280253618679,0.00250611052801614,-0.00161568260168406
9.93333333333333,-0.000627665275656144,0.00242855306050563,-0.00160288550320571
9.96666666666667,-0.000192043998093094,0.00233527249795655,-0.00159023916965236
10,0.000246233010893739,0.00222694941589276,-0.00157774245655721
10.0333333333333,0.000679364259512647,0.00210435994339635,-0.00156539419800959
10.0666666666667,0.00109971272701689,0.00196836907976681,-0.00155319316874156
10.1,0.00149993697225306,0.00181992343584,-0.00154113805077839
10.1333333333333,0.00187311052163484,0.00166004354557199,-0.00152922740605294
10.1666666666667,0.00221283166197793,0.00148981581329453,-0.00151745965559356
10.2,0.00251331928340432,0.0013103841768662,-0.0015058330660975
10.2333333333333,0.00276949770006183,0.00112294161395357,-0.00149434574394721
10.2666666666667,0.00297706700671194,0.000928721514721077,-0.0014829956368023
10.3,0.00313256210020681,0.000728989090080079,-0.00147178054229978
10.3333333333333,0.00323339772914476,0.000525032789796442,-0.00146069812335548
10.3666666666667,0.00327790237775834,0.000318155922079378,-0.00144974592917269
10.4,0.00326502355455127,0.000109668298023142,-0.00143892139807982
10.4333333333333,0.0031934156844305,-9.91231468256552e-05,-0.00142822181516019
10.4666666666667,0.00306421588278585,-0.000306921300310571,-0.00141764453853135
10.5,0.0028798817530512,-0.000512445489899379,-0.00140718695696205
10.5333333333333,0.00264391085213494,-0.000714437056583195,-0.0013968465059852
10.5666666666667,0.00236076277450312,-0.000911666196932688,-0.00138662069708045
10.6,0.00203576105281032,-0.00110293806613453,-0.00137650714310628
10.6333333333333,0.00167497757650981,-0.00128709830372415,-0.00136650357869258
10.6666666666667,0.00128510439167374,-0.00146303854456033,-0.00135660787493031
10.7,0.000873314936661159,-0.00162970147420107,-0.00134681804811652
10.7333333333333,0.000447120654957721,-0.00178608563355185,-0.00133713226221846
10.7666666666667,1.42241711637897e-05,-0.00193124995669448,-0.00132754882551034
10.8,-0.000417624726829825,-0.00206431799684909,-0.00131806618160554
10.8333333333333,-0.000840770358770899,-0.00218448195249741,-0.00130868289583474
10.8666666666667,-0.00124778381034255,-0.00229100635725578,-0.00129939763763601
10.9,-0.00163158831958327,-0.00238323162558468,-0.0012902091602254
10.9333333333333,-0.00198557232578159,-0.00246057723089505,-0.0012811162784595
10.9666666666667,-0.00230369255449719,-0.00252254478459171,-0.00127211784626572
11,-0.00258056303041009,-0.00256872071513649,-0.00126321273458674
11.0333333333333,-0.00281153297360922,-0.00259877887452853,-0.00125439981111793
11.0666666666667,-0.00299275039057754,-0.00261248271283755,-0.00124567792263005
11.1,-0.00312121487655372,-0.00260927761476478,-0.00123704588099963
11.1333333333333,-0.00319481718672507,-0.00258851241664845,-0.00122850245289656
11.1666666666667,-0.00321229343310298,-0.00255026675022394,-0.00122004635799768
11.2,-0.00317196821297866,-0.00249475340357789,-0.00121167635744966
11.2333333333333,-0.00307409379021344,-0.00242231144345147,-0.00120339109261599
11.2666666666667,-0.00292057331522181,-0.00233340410044738,-0.00119518911713492
11.3,-0.00271436454772577,-0.00222861725630179,-0.00118706895339962
11.3333333333333,-0.00245941292385606,-0.00210865445121039,-0.00117902911356865
11.3666666666667,-0.00216056416994526,-0.00197433121871601,-0.00117106812442986
11.4,-0.00182345865590553,-0.00182656866360995,-0.00116318455398038
11.4333333333333,-0.00145441025580239,-0.00166638585201599,-0.00115537703844655
11.4666666666667,-0.00106027483698458,-0.00149489135173149,-0.00114764430814846
11.5,-0.00064831006459473,-0.00131327407924055,-0.00113998521063058
11.5333333333333,-0.000226032673150157,-0.00112279347641538,-0.00113239872977529
11.5666666666667,0.000198926083949659,-0.000924769188872904,-0.00112488399961602
11.6,0.000618960566304538,-0.00072057042342397,-0.00111744031210872
11.6333333333333,0.00102662698202263,-0.000511604988953399,-0.00111006711809572
11.6666666666667,0.00141476999064542,-0.000299308348836365,-0.0011027640214376
11.7,0.00177664139564517,-8.51325426629115e-05,-0.00109553076616123
11.7333333333333,0.00210600604311855,0.000129464585651823,-0.00108836721732489
11.7666666666667,0.00239723754281315,0.000343030127414641,-0.0010812733360372
11.8,0.0026453998857696,0.000554126299936861,-0.00107424914992664
11.8333333333333,0.00284631799536567,0.00076134047697495,-0.0010672947199571
11.8666666666667,0.00299663417945092,0.000963294491526679,-0.00106041010525943
11.9,0.00309385342013217,0.0011586536894791,-0.00105359532713783
11.9333333333333,0.00313637522686146,0.00134613514222553,-0.00104685033402737
11.9666666666667,0.00312324310406932,0.00152451548062472,-0.00104017494962586
12,0.00305327230029064,0.00169263678463381,-0.00103356878434013
12.0333333333333,0.0029275979446516,0.00184941384169343,-0.00102703138781036
12.0666666666667,0.00274863657899936,0.00199384027211806,-0.00102056215053394
12.1,0.00251981100299719,0.00212499538343443,-0.00101416027527467
12.1333333333333,0.00224547430985256,0.00224204831217674,-0.0010078247718337
12.1666666666667,0.00193081432861362,0.00234426237227718,-0.00100155445950105
12.2,0.00158174218863267,0.00243099869551228,-0.000995347977671288
12.2333333333333,0.00120476723679124,0.0025017192361293,-0.000989203804029874
12.2666666666667,0.000806863695811166,0.00255598909212842,-0.000983120279592071
12.3,0.000395330483085375,0.00259347839532689,-0.00097709563970949
12.3333333333333,-2.23496790883131e-05,0.00261396350011,-0.000971128049614589
12.3666666666667,-0.000438651480177089,0.00261728777318137,-0.000965215643224123
12.4,-0.000846141659927696,0.00260272273736479,-0.000959356562282534
12.4333333333333,-0.00123760893817076,0.00257012469710348,-0.00095354899609124
12.4666666666667,-0.00160618597433469,0.00251975807648894,-0.000947791223289572
12.5,-0.0019454614594894,0.00245202391094979,-0.000942081648657242
12.5333333333333,-0.00224957925219287,0.0023674554744344,-0.000936418834562901
12.5666666666667,-0.00251332700123011,0.0022667126077707,-0.000930801526794387
12.6,-0.0027322109873256,0.00215057486971921,-0.00092522867332437
12.6333333333333,-0.0029025199436594,0.00201993348318151,-0.000919699435649336
12.6666666666667,-0.00302137503949873,0.00187578250523253,-0.000914213192217582
12.7,-0.00308676894815082,0.00171920897138563,-0.000908769534078614
12.7333333333333,-0.0030973582178173,0.00155138265993389,-0.000903368269850583
12.7666666666667,-0.00305153222179508,0.00137354607074898,-0.000898009478697116
12.8,-0.00294991209081928,0.00118700266272266,-0.000892693312390296
12.8333333333333,-0.0027944294720258,0.000993105084138957,-0.000887420026147935
12.8666666666667,-0.00258803714516801,0.00079324234292643,-0.000882189961936557
12.9,-0.00233464334664445,0.000588828409615294,-0.000877003513067107
12.9333333333333,-0.00203902583072097,0.000381290967432072,-0.000871861088565001
12.9666666666667,-0.00170672803675107,0.000172059984852239,-0.000866763079157331
13,-0.00134394164294896,-3.74427239280168e-05,-0.000861709826273527
13.0333333333333,-0.000957377509900205,-0.000245813757143196,-0.000856701595070144
13.0666666666667,-0.000554130517202664,-0.000451677501870516,-0.000851738552703625
13.1,-0.000141539526049445,-0.000653695042215471,-0.000846820752234912
13.1333333333333,0.000272951512452694,-0.000850572174034992,-0.000841948122826136
13.1666666666667,0.000681931223926389,-0.00104106684188201,-0.000837120466019625
13.2,0.00107815140976916,-0.00122399570522455,-0.000832337458159476
13.2333333333333,0.00145465173762216,-0.00139824007207092,-0.000827598658219788
13.2666666666667,0.00180487332122136,-0.00156275104260454,-0.000822903520591495
13.3,0.00212276340313659,-0.00171655400713402,-0.000818251411720842
13.3333333333333,0.00240286679193793,-0.00185875246820401,-0.000813641629806321
13.3666666666667,0.00264040692848207,-0.0019885312371919,-0.00080907342627396
13.4,0.00283135310163059,-0.00210515908310933,-0.000804546028087445
13.4333333333333,0.00297247685413679,-0.00220799079691018,-0.000800058659639532
13.4666666666667,0.00306139487074996,-0.00229646883498313,-0.000795610563320076
13.5,0.00309660107131486,-0.00237012442871225,-0.000791201017707091
13.5333333333333,0.00307690018995796,-0.00242857860707624,-0.000786829310760702
13.5666666666667,0.00300137462295627,-0.00247154338909047,-0.000782494746394514
13.6,0.00287139542088903,-0.00249882134523693,-0.000778196794808623
13.6333333333333,0.00268941280616827,-0.00251030457230597,-0.000773935011321102
13.6666666666667,0.00245885569194897,-0.00250579283854526,-0.000769709029457973
13.7,0.0021840551786039,-0.00248466614993226,-0.000765518553264685
13.7333333333333,0.00187015097017977,-0.0024470471320756,-0.000761363344310782
13.7666666666667,0.00152298098132286,-0.0023932424423783,-0.000757243203122487
13.8,0.00114896062219215,-0.00232367012921373,-0.000753157948325509
13.8333333333333,0.000754950522620258,-0.00223885538417643,-0.000749107394386815
13.8666666666667,0.000348120707015957,-0.00213942553386207,-0.000745091329010188
13.9,-6.41882347304491e-05,-0.0020261041675941,-0.000741109491760718
13.9333333333333,-0.000474601536188428,-0.00189970466810614,-0.000737161555004641
13.9666666666667,-0.000875843920372838,-0.00176112308241557,-0.000733247108432401
14,-0.00126086520703422,-0.00161133054007062,-0.000729365647916459
14.0333333333333,-0.00162295912504212,-0.00145136522838763,-0.000725516569588004
14.0666666666667,-0.00195587051296812,-0.00128232407261329,-0.000721699169332939
14.1,-0.00225389317986841,-0.00110535419291121,-0.000717912648097145
14.1333333333333,-0.00251195446476709,-0.000921644224428933,-0.000714156122613256
14.1666666666667,-0.00272568929662839,-0.000732415620810541,-0.000710428641428424
14.2,-0.00289150062939747,-0.000538913970087382,-0.000706729205323885
14.2333333333333,-0.0030066091011877,-0.00034240047450513,-0.000703056791570449
14.2666666666667,-0.00306908951327845,-0.000144143573315294,-0.000699410380736988
14.3,-0.00307768846456449,5.45891732137301e-05,-0.000695788999722167
14.3333333333333,-0.0030308604262317,0.000252539792178933,-0.000692191816211404
14.3666666666667,-0.00292923001184481,0.000448466817307541,-0.000688617994148322
14.4,-0.00277472988715958,0.000641152454765592,-0.000685066788368111
14.4333333333333,-0.00257029070702843,0.000829407749512552,-0.000681537588457591
14.4666666666667,-0.00231977596810243,0.00101207928477451,-0.000678029938875136
14.5,-0.002027897245392,0.00118805492561665,-0.000674543554233135
14.5333333333333,-0.00170011266162552,0.00135626899837157,-0.00067107832805766
14.5666666666667,-0.00134251094288644,0.00151570732163613,-0.0006676343348842
14.6,-0.000961685859662192,0.00166541180059816,-0.000664211825348226
14.6333333333333,-0.000564602704493845,0.00180448467829351,-0.000660811214292044
14.6666666666667,-0.000158462473592776,0.00193209246843696,-0.000657433062363046
14.7,0.000249435521837844,0.00204746958871306,-0.000654078051625797
14.7333333333333,0.000651826843367985,0.00214992165738221,-0.000650746956278845
14.7666666666667,0.00104161135280492,0.00223882857024714,-0.000647440609397463
14.8,0.00141197355233239,0.00231364721958622,-0.000644159867217527
14.8333333333333,0.00175649539841081,0.00237391405467511,-0.000640905572097184
14.8666666666667,0.00206925703160368,0.00241924726396748,-0.000637678515839838
14.9,0.00234492781334829,0.002449348841146,-0.000634479404529043
14.9333333333333,0.00257884398444713,0.00246400624944826,-0.000631308826462008
14.9666666666667,0.00276707588821465,0.00246286543821292,-0.000628167224279576
15,0.00290648243754684,0.00244525024249123,-0.000625054872806638
15.0333333333333,0.00299475344723933,0.0024112065517063,-0.000621971860854235
15.0666666666667,0.0030304393391958,0.00236093816857783,-0.000618918080075478
15.1,0.00301258964634121,0.00229476621986207,-0.000615893195213717
15.1333333333333,0.00294024007428821,0.00221312599255812,-0.00061289660856033
15.1666666666667,0.00281467092633796,0.00211656415723535,-0.000609927628778836
15.2,0.00263828665539654,0.00200573454826373,-0.000606985412588061
15.2333333333333,0.00241444623353987,0.00188139394844322,-0.000604068981268816
15.2666666666667,0.00214738934443401,0.00174439539570995,-0.000601177249972586
15.3,0.00184214404648629,0.00159568138030637,-0.000598309060582278
15.3333333333333,0.00150441969589004,0.00143627625970812,-0.000595463216343314
15.3666666666667,0.00114048709275738,0.00126727792649987,-0.000592638517107408
15.4,0.000757050989717053,0.00108984899228938,-0.000589833793453242
15.4333333333333,0.00036111624960263,0.000905207535946874,-0.000587047938569966
15.4666666666667,-4.01465565463049e-05,0.00071461754483025,-0.000584279936417517
15.5,-0.000439535802358433,0.000519379114365134,-0.000581528885405361
15.5333333333333,-0.000829947969725718,0.000320818619135813,-0.00057879401653416
15.5666666666667,-0.00120450215522194,0.000120278787046607,-0.000576074705737795
15.6,-0.0015566547191864,-8.08909931700265e-05,-0.000573370479927182
15.6333333333333,-0.00188030594013719,-0.000281344332724422,-0.000570681016993589
15.6666666666667,-0.00216989428020137,-0.000479747052344649,-0.000568006139845608
15.7,-0.00242048082419722,-0.000674786257491976,-0.000565345805191512
15.7333333333333,-0.00262782036665638,-0.000865178796341605,-0.000562700087632174
15.7666666666667,-0.00278842195782573,-0.00104967951171746,-0.000560069160095621
15.8,-0.00289959618515184,-0.00122708876464476,-0.000557453271521004
15.8333333333333,-0.0029594917840245,-0.00139625971002727,-0.000554852722968886
15.8666666666667,-0.00296695414705151,-0.00155610474923236,-0.000552267855154421
15.9,-0.0029205800951782,-0.00170560100040793,-0.000549699095908222
15.9333333333333,-0.00282098783673206,-0.00184379625033128,-0.000547146778912423
15.9666666666667,-0.0026700892972198,-0.0019698138029945,-0.00054461117094768
16,-0.0024707651528628,-0.00208285815757579,-0.000542092476085902
16.0333333333333,-0.00222680116607463,-0.00218221882698256,-0.000539590825215322
16.0666666666667,-0.00194280570969932,-0.00226727364181711,-0.000537106270695295
16.1,-0.00162411041611216,-0.00233749206528652,-0.000534638786427553
16.1333333333333,-0.00127665812272027,-0.00239243751679665,-0.000532188273088733
16.1666666666667,-0.000906879858330704,-0.00243176948395101,-0.000529754567897868
16.2,-0.000521566155982724,-0.00245524496587586,-0.000527337458342772
16.2333333333333,-0.000127733706187683,-0.00246271888930199,-0.000524936698756066
16.2666666666667,0.000267506520743676,-0.00245365747883518,-0.000522552028145219
16.3,0.000657079814539067,-0.00242770990885051,-0.000520183187809907
16.3333333333333,0.00103407260565702,-0.00238507519213339,-0.000517829942652781
16.3666666666667,0.0013918524161117,-0.00232607908449794,-0.000515492100118344
16.4,0.00172417630933495,-0.00225117063280583,-0.000513169525515157
16.4333333333333,0.00202529066253918,-0.00216091767335467,-0.000510862154008774
16.4666666666667,0.00229001889344693,-0.00205600121052655,-0.000508569998337415
16.5,0.00251383901587944,-0.0019372086610848,-0.000506293151665181
16.5333333333333,0.00269294790926344,-0.00180542632731752,-0.000504031785564355
16.5666666666667,0.00282431521446104,-0.00166163088720346,-0.000501786142873751
16.6,0.00290572411122496,-0.0015068803987229,-0.000499556525946926
16.6333333333333,0.00293580158481575,-0.00134230453409509,-0.000497343280542248
16.6666666666667,0.00291344060664856,-0.00116909482104889,-0.000495146734790713
16.7,0.00283796943084758,-0.000988494672667442,-0.000492967191522825
16.7333333333333,0.00271079201610522,-0.000801788682086312,-0.000490805016571917
16.7666666666667,0.00253431635812337,-0.000610291343199534,-0.000488660534848072
16.8,0.00231187675083329,-0.000415336201611069,-0.000486534003071261
16.8333333333333,0.00204766110260524,-0.000218265712411861,-0.000484425585037194
16.8666666666667,0.00174662059126448,-2.0421168446941e-05,-0.000482335330046208
16.9,0.00141436424469321,0.00017686713334739,-0.000480263155575786
16.9333333333333,0.0010570427152499,0.00037228891543721,-0.000478208835098705
16.9666666666667,0.000681222879548726,0.000564562704842723,-0.000476171991857581
17,0.000293758606401626,0.000752443785635667,-0.000474152098989074
17.0333333333333,-9.83415042617098e-05,0.000934731721280019,-0.000472148486228561
17.0666666666667,-0.000488043762949608,0.00111027707671053,-0.000470160352919075
17.1,-0.000868416708973195,0.00127798762030606,-0.000468186787026236
17.1333333333333,-0.00123275072503124,0.00143683377658174,-0.000466226789249942
17.1666666666667,-0.00157467134861288,0.00158585352074025,-0.00046427930149932
17.2,-0.00188824153839667,0.00172415661011976,-0.00046234323836279
17.2333333333333,-0.00216805516980762,0.00185092825089781,-0.000460417520566814
17.2666666666667,-0.00240931781187408,0.00196543220816075,-0.000458501108834013
17.3,-0.00260791753941852,0.0020670133672358,-0.000456593037056665
17.3333333333333,-0.00276048262224704,0.00215509984954705,-0.000454692443227706
17.3666666666667,-0.00286442886814197,0.00222920460879822,-0.000452798597156703
17.4,-0.00291799416631873,0.00228892668574368,-0.000450910923671998
17.4333333333333,-0.00291993677172392,0.0023339520498908,-0.000449029043679309
17.4666666666667,-0.00286897397842267,0.00236405478313818,-0.000447152827182672
17.5,-0.00276593593294389,0.00237909669355204,-0.000445282250316147
17.5333333333333,-0.00261276502473865,0.00237896675100642,-0.000443417466419697
17.5666666666667,-0.00241234721106386,0.00236307855072131,-0.000441558807778536
17.6,-0.00216844938225937,0.00233141383083867,-0.000439706772694559
17.6333333333333,-0.00188563653617662,0.00228423150107401,-0.000437862004459872
17.6666666666667,-0.00156917601898117,0.00222189897396145,-0.000436025265676087
17.7,-0.00122492626184296,0.00214488842155772,-0.000434197408445876
17.7333333333333,-0.000859216857676652,0.00205377222483379,-0.000432379341673255
17.7666666666667,-0.000478721720814794,0.00194921753044939,-0.000430571996848563
17.8,-9.0329816784122e-05,0.00183198021772319,-0.000428776293779177
17.8333333333333,0.000298985417522144,0.00170289814562236,-0.000426993107443946
17.8666666666667,0.00068229266373408,0.00156288395231341,-0.000425223237482619
17.9,0.00105282579216351,0.00141291735171562,-0.000423467381195628
17.9333333333333,0.00140409832789401,0.00125403713337153,-0.000421726111254686
17.9666666666667,0.00173001084477128,0.00108733287989563,-0.000419999858608427
18,0.00202494690951215,0.000913936542063263,-0.000418288901297196
18.0333333333333,0.00228385986831822,0.000735013940686113,-0.000416593359205001
18.0666666666667,0.00250234689076919,0.000551756272095048,-0.000414913194914781
18.1,0.00267671292856687,0.000365371726368654,-0.000413248220255469
18.1333333333333,0.00280402175658333,0.00017707723731954,-0.000411598108186965
18.1666666666667,0.00288213667314435,-1.19095016066307e-05,-0.000409962409258329
18.2,0.00290974868933915,-0.000200377786249658,-0.000408340571865987
18.2333333333333,0.00288577304388812,-0.000387131481765925,-0.000406731920090353
18.2666666666667,0.00280962047591867,-0.000570996442670143,-0.000405135692058605
18.3,0.00268271488509268,-0.000750826979560539,-0.000403551175158351
18.3333333333333,0.00250745538784146,-0.000925511573701235,-0.000401977662907755
18.3666666666667,0.00228714633711057,-0.00109397810789092,-0.000400414476898113
18.4,0.0020259255458238,-0.00125519965113765,-0.00039886098725886
18.4333333333333,0.00172867502828779,-0.00140819918800793,-0.000397316629252523
18.4666666666667,0.00140091800175431,-0.00155205412730058,-0.000395780915254974
18.5,0.00104870402668421,-0.00168590047618505,-0.000394253442090159
18.5333333333333,0.000678487033286035,-0.00180893661508127,-0.000392733893404533
18.5666666666667,0.000296997519512081,-0.00192042675686356,-0.000391222037474215
18.6,-8.88857083648111e-05,-0.00201970406980654,-0.000389717720632277
18.6333333333333,-0.000472263915071067,-0.00210617352304701,-0.000388220857112528
18.6666666666667,-0.000846341591058364,-0.00217931439504005,-0.000386731415841911
18.7,-0.0012045451216331,-0.00223868257083905,-0.000385249405243515
18.7333333333333,-0.00154063211019057,-0.00228391248549442,-0.000383774856763355
18.7666666666667,-0.00184879305926274,-0.00231471890853398,-0.000382307808266314
18.8,-0.00212374128243776,-0.00233089835401967,-0.00038084828802187
18.8333333333333,-0.00236079344345475,-0.00233222516326313,-0.000379396300383822
18.8666666666667,-0.0025559380130872,-0.00231805294826489,-0.000377951814161552
18.9,-0.00270589227150863,-0.0022883553792577,-0.00037651475259869
18.9333333333333,-0.00280814779155083,-0.00224331672671031,-0.000375084986281379
18.9666666666667,-0.00286100346487027,-0.00218323107146825,-0.000373662331139055
19,-0.00286337917218323,-0.00210849999979925,-0.000372246565407111
19.0333333333333,-0.00281404170995265,-0.00201962891703824,-0.000370837490422537
19.0666666666667,-0.00271374265124057,-0.00191722343942075,-0.000369434789668965
19.1,-0.00256439943948236,-0.00180198419177142,-0.000368038102642733
19.1333333333333,-0.00236885144573561,-0.00167470212552929,-0.000366647057172248
19.1666666666667,-0.00213079780082143,-0.00153625182833317,-0.000365261289821758
19.2,-0.00185471744095852,-0.00138758438168337,-0.00036388046770267
19.2333333333333,-0.00154577331372884,-0.00122971995779233,-0.000362504310221423
19.2666666666667,-0.00120970469746217,-0.00106373963981879,-0.000361132609659086
19.3,-0.000852709253192994,-0.000890777001562157,-0.000359765249351471
19.3333333333333,-0.000481319819986559,-0.000712009355901599,-0.000358402218427157
19.3666666666667,-0.000102276886831009,-0.000528648798410629,-0.000357043622141525
19.4,0.000277597804055067,-0.00034193319326039,-0.00035568968721647
19.4333333333333,0.000651526572209486,-0.000153117084371496,-0.000354340761617945
19.4666666666667,0.00101289473810824,3.65372249013519e-05,-0.000352997308766046
19.5,0.00135536427273593,0.00022576855444921,-0.000351659896091167
19.5333333333333,0.00167297743056863,0.00041332536172575,-0.000350329178518228
19.5666666666667,0.00196025232018753,0.000597974132821898,-0.000349005877255042
19.6,0.00221226644998885,0.000778507246642434,-0.000347690754951372
19.6333333333333,0.0024247307289564,0.000953750656247019,-0.000346384587963339
19.6666666666667,0.00259405075591757,0.00112257093180321,-0.000345088137094674
19.7,0.00271737797799564,0.00128388208602824,-0.000343802117751608
19.7333333333333,0.00279264828386265,0.00143665169567267,-0.000342527170970409
19.7666666666667,0.00281861030135941,0.00157990679172787,-0.000341263836280363
19.8,0.00279427944214661,0.0017127388545852,-0.000340012488349177
19.8333333333333,0.0027191350914122,0.00183430838948612,-0.000338773331599327
19.8666666666667,0.00259459436115807,0.00194384930562003,-0.000337546484868434
19.9,0.00242302667497269,0.00204067334612674,-0.000336331900399815
19.9333333333333,0.00220768189993725,0.00212417380268423,-0.000335129358668277
19.9666666666667,0.00195261999442346,0.00219382828369646,-0.000333938470411018
20,0.00166262412724451,0.00224920128635409,-0.000332758685188952
20.0333333333333,0.00134309955359697,0.00228994642251391,-0.000331589306138565
20.0666666666667,0.000999962399873205,0.00231580794708627,-0.000330429510261835
20.1,0.000639519764874715,0.00232662207081987,-0.000329278373593651
20.1333333333333,0.000268346454022166,0.00232205323074873,-0.00032813489982871
20.1666666666667,-0.000106840919832868,0.0023015989893823,-0.000326998050551337
20.2,-0.00047930795050837,0.00226539368619533,-0.000325866779252238
20.2333333333333,-0.00084242436777606,0.00221370534321012,-0.000324740066313187
20.2666666666667,-0.00118977901731165,0.00214691763402037,-0.000323616951450884
20.3,-0.00151528776070044,0.0020655262234877,-0.000322496563880918
20.3333333333333,-0.00181329150899641,0.00197013403777777,-0.000321378148719087
20.3666666666667,-0.00207864581523329,0.00186144548336179,-0.00032026108880328
20.4,-0.00230679815763348,0.00174025989951175,-0.000319144920990982
20.4333333333333,-0.00249385575519524,0.00160746408157784,-0.000318029346586528
20.4666666666667,-0.00263664069086339,0.00146402429259623,-0.000316914235450392
20.5,-0.00273273501240033,0.00131097752098447,-0.00031579962391602
20.5333333333333,-0.0027805134217907,0.00114942249442295,-0.000314685706640872
20.5666666666667,-0.00277884665818731,0.000980510203777895,-0.000313572846018676
20.6,-0.0027266532508156,0.000805434876023945,-0.00031246159064166
20.6333333333333,-0.00262482169200645,0.000625423734230139,-0.000311352517934913
20.6666666666667,-0.00247527935572984,0.000441727449027203,-0.000310246270095799
20.7,-0.00228085074724176,0.000255609486388676,-0.000309143533469809
20.7333333333333,-0.00204519605384665,6.83371914351446e-05,-0.000308045010657963
20.7666666666667,-0.00177273218478839,-0.000118827588547249,-0.000306951393451139
20.8,-0.00146853931111377,-0.000304637308626124,-0.000305863338126381
20.8333333333333,-0.00113825474076485,-0.000487867166634062,-0.000304781443717282
20.8666666666667,-0.000787958519422471,-0.000667322911965379,-0.000303706234311717
20.9,-0.000424052024672243,-0.000841848301914707,-0.000302638145700142
20.9333333333333,-5.31347182462365e-05,-0.00101033181226205,-0.000301577516932966
20.9666666666667,0.000318120530550371,-0.00117171293397881,-0.000300524586631849
21,0.000683088248291821,-0.00132498775064368,-0.000299479494152146
21.0333333333333,0.00103530790572269,-0.00146921404092592,-0.000298442284999245
21.0666666666667,0.00136859324979269,-0.00160351573130099,-0.000297412920194563
21.1,0.00167713500685594,-0.00172708684636686,-0.000296391288677974
21.1333333333333,0.00195559262908047,-0.00183919489909247,-0.000295377222164259
21.1666666666667,0.00219917737737995,-0.00193918377540018,-0.000294370511386818
21.2,0.00240372315579121,-0.00202647615715345,-0.00029337092302281
21.2333333333333,0.00256574771003511,-0.00210057545095421,-0.00029237821624722
21.2666666666667,0.00268250133128564,-0.00216106735112172,-0.000291392158240367
21.3,0.00275200558000766,-0.0022076209269799,-0.000290412537758964
21.3333333333333,0.00277307953526886,-0.00223998942844297,-0.000289439176234577
21.3666666666667,0.00274456702294908,-0.0022580109288853,-0.000288471879537196
21.4,0.00266626132401171,-0.00226160061622058,-0.000287510507152435
21.4333333333333,0.00253963183991101,-0.00225028965963637,-0.000286555025434632
21.4666666666667,0.00236705897954088,-0.00222390423245369,-0.000285605453002576
21.5,0.00215178077803177,-0.00218266053629157,-0.000284661853298462
21.5333333333333,0.00189782442921201,-0.00212687988452349,-0.00028372432269571
21.5666666666667,0.0016099201174181,-0.00205698511102447,-0.000282792975822276
21.6,0.00129340170833129,-0.00197349655148311,-0.000281867928673155
21.6333333333333,0.000954097010884542,-0.00187702707716445,-0.000280949280593695
21.6666666666667,0.000598211121594996,-0.0017682765123407,-0.000280037096231133
21.7,0.000232204397143243,-0.00164802532820993,-0.00027913138857629
21.7333333333333,-0.000137329893307019,-0.00151712788929858,-0.000278232104041817
21.7666666666667,-0.000503788025985391,-0.00137650515153743,-0.000277339110607029
21.8,-0.000860673273887123,-0.00122713707024673,-0.000276452189640921
21.8333333333333,-0.0012017091195297,-0.00107005467154695,-0.000275571032124183
21.8666666666667,-0.00152094357422088,-0.000906331980761261,-0.000274695239423945
21.9,-0.0018128462649211,-0.00073707782196262,-0.000273824328929899
21.9333333333333,-0.00207239429519945,-0.000563427613830825,-0.000272957744206556
21.9666666666667,-0.0022951491569351,-0.000386535224113226,-0.000272094869546309
22,-0.00247732142576832,-0.000207564943326358,-0.000271235048132909
22.0333333333333,-0.00261582573756691,-2.76836749118688e-05,-0.000270377603339068
22.0666666666667,-0.00270832346997206,0.00015194665533408,-0.000269521862049827
22.1,-0.00275325544339986,0.00033017635139739,-0.000268667179290542
22.1333333333333,-0.00274952465724869,0.000505874971329924,-0.000267812986511377
22.1666666666667,-0.00269612275610952,0.000677938327741912,-0.000266958840187341
22.2,-0.00259397489096542,0.000845294303857848,-0.000266104316594635
22.2333333333333,-0.00244501021020011,0.00100690865622326,-0.000265249101007655
22.2666666666667,-0.00225203528191288,0.00116178965348908,-0.0002643930100775
22.3,-0.00201867338484453,0.00130899328520523,-0.000263536004211079
22.3333333333333,-0.00174928682280446,0.00144762773399116,-0.000262678194773221
22.3666666666667,-0.0014488844774585,0.0015768573580748,-0.000261819845590738
22.4,-0.00112301819233844,0.00169590649576091,-0.000260961368684841
22.4333333333333,-0.000777669598597611,0.00180406280163947,-0.000260103314216194
22.4666666666667,-0.000419132046474291,0.00190068029326785,-0.000259246355021476
22.5,-5.38885761176625e-05,0.00198518207622801,-0.00025839126619095
22.5333333333333,0.000311508984643376,0.0020570627466912,-0.000257538900573244
22.5666666666667,0.000670559799930784,0.00211589054126053,-0.000256690160972625
22.6,0.00101692772792121,0.00216130915625425,-0.0002558459702875
22.6333333333333,0.00134454993020025,0.00219303936723475,-0.000255007240526411
22.6666666666667,0.00164773594570367,0.00221088030088399,-0.000254174842100442
22.7,0.00192125904000156,0.0022146771776572,-0.000253349574355464
22.7333333333333,0.00216043655888424,0.00220386683715991,-0.000252532139183923
22.7666666666667,0.00236120003670647,0.00217832672469164,-0.000251723117375994
22.8,0.00252015467560104,0.00213821911359389,-0.000250922947554969
22.8333333333333,0.00263462649675218,0.00208380975937253,-0.000250131911705256
22.8666666666667,0.00270269933643102,0.00201546575748593,-0.000249350126578234
22.9,0.00272324158012587,0.00193365272939451,-0.000248577540953439
22.9333333333333,0.00269525985166756,0.00183893079009457,-0.000247813891370851
22.9666666666667,0.00261848684842757,0.00173194996071315,-0.000247058748931808
23,0.00249438220868487,0.00161344469872879,-0.000246311604592648
23.0333333333333,0.00232529829355578,0.00148422861742594,-0.000245571832713598
23.0666666666667,0.00211442627889014,0.00134518809519597,-0.000244838714272365
23.1,0.00186572755049307,0.00119727499736434,-0.000244111463239383
23.1333333333333,0.00158384957044343,0.0010414993327199,-0.000243389254423112
23.1666666666667,0.00127402832868389,0.000878921464808675,-0.000242671251772831
23.2,0.000941981347336566,0.000710643978788476,-0.000241956635839327
23.2333333333333,0.00059379255180874,0.000537803434839181,-0.000241244629477261
23.2666666666667,0.000235793884562869,0.000361561992003675,-0.000240534520610087
23.3,-0.000125555743257584,0.000183098991943128,-0.000239825681478292
23.3333333333333,-0.00048378903251249,3.60265064258167e-06,-0.00023911758351446
23.3666666666667,-0.000832546753136439,-0.000175738204141931,-0.000238409807672629
23.4,-0.00116568719262886,-0.000353742099762855,-0.000237702049789927
23.4333333333333,-0.00147738986837836,-0.000529242765144967,-0.000236994121227669
23.4666666666667,-0.00176224919338265,-0.000701096530176725,-0.000236285944815719
23.5,-0.0020153600872022,-0.000868189553686341,-0.000235577546710154
23.5333333333333,-0.00223239194353345,-0.00102944449214406,-0.00023486904456926
23.5666666666667,-0.00240965332168186,-0.00118382696807938,-0.000234160632908847
23.6,-0.00254414450720774,-0.00133035140744371,-0.000233452566306233
23.6333333333333,-0.00263360029006041,-0.00146808666606758,-0.000232745141422602
23.6666666666667,-0.00267652078294225,-0.00159616099024275,-0.000232038678634414
23.7,-0.00267189358714676,-0.0017137667147129,-0.000231333525686428
23.7333333333333,-0.00261878923829681,-0.00182016395172187,-0.000230630073109715
23.7666666666667,-0.00251813386020889,-0.00191468478950136,-0.00022992861403049
23.8,-0.00237184085908683,-0.00199673638086094,-0.000229229390786144
23.8333333333333,-0.00218267899332487,-0.00206580478634133,-0.000228532593482211
23.8666666666667,-0.00195421259244106,-0.00212145700248312,-0.0002278383562516
23.9,-0.0016907251909255,-0.00216334325005181,-0.00022714675761685
23.9333333333333,-0.00139712954836017,-0.00219119871300793,-0.000226457824918775
23.9666666666667,-0.00107886567075342,-0.00220484489056292,-0.000225771542247748
24,-0.00074179114253877,-0.00220406800303838,-0.000225087861314257
24.0333333333333,-0.000392065289566665,-0.00218832527649485,-0.000224406713344082
24.0666666666667,-3.60305844801479e-05,-0.0021576615166917,-0.000223728023701715
24.1,0.00031990617393439,-0.00211229767918039,-0.000223051728720975
24.1333333333333,0.000669390642990284,-0.00205256366197949,-0.000222377790774359
24.1666666666667,0.0010062330859551,-0.00197889527918341,-0.000221706211953835
24.2,0.00132451311937908,-0.00189183023427476,-0.000221037045602932
24.2333333333333,0.00161867832871347,-0.00179200312111876,-0.000220370404682873
24.2666666666667,0.00188363214906539,-0.00168013966292382,-0.000219706466722128
24.3,0.00211481356500556,-0.00155705008049346,-0.000219045474711663
24.3333333333333,0.00230826499659842,-0.00142362192987785,-0.000218387734016596
24.3666666666667,0.00246069088019757,-0.00128081221285296,-0.000217733605119623
24.4,0.00256950417605174,-0.00112963920348588,-0.000217083492661997
24.4333333333333,0.00263286315561108,-0.000971173718518117,-0.000216437830998891
24.4666666666667,0.00264969285948273,-0.000806530347516399,-0.000215797066834531
24.5,0.00261892227512223,-0.000636858587971036,-0.000215161585935577
24.5333333333333,0.00254052743521336,-0.000463333794067708,-0.000214531768016257
24.5666666666667,0.00241598763963744,-0.000287148007608131,-0.000213907993861655
24.6,0.00224765019152609,-0.000109501022117376,-0.000213290579454084
24.6333333333333,0.00203867952639641,6.84088998178905e-05,-0.000212679756214334
24.6666666666667,0.00179298953700134,0.000245393057706892,-0.000212075653287593
24.7,0.00151516039139816,0.000420280612653201,-0.000211478283442318
24.7333333333333,0.00121034346138782,0.00059192616030254,-0.000210887533285319
24.7666666666667,0.000884155717250851,0.000759217031866995,-0.000210303158359253
24.8,0.0005425680248074,0.00092107994121483,-0.000209724783517298
24.8333333333333,0.000191788276431806,0.00107648727760027,-0.000209151908745962
24.8666666666667,-0.000161855687071758,0.00122446271814546,-0.000208583920236421
24.9,-0.000512033285941724,0.00136408644033348,-0.000208020106465467
24.9333333333333,-0.000852523570265678,0.00149449969590443,-0.000207459678556115
24.9666666666667,-0.00117732362467381,0.00161490894514079,-0.000206901794320169
25,-0.00148074842625757,0.00172458942826138,-0.000206345584859309
25.0333333333333,-0.00175752386957057,0.00182288827804942,-0.000205790182896737
25.0666666666667,-0.0020028689958426,0.00190922715754734,-0.000205234751513753
25.1,-0.0022125696954933,0.00198310443572559,-0.000204678512393017
25.1333333333333,-0.00238304061708516,0.00204409697708279,-0.000204120772251427
25.1666666666667,-0.0025113777355834,0.00209186147469554,-0.000203560946652776
25.2,-0.00259539898722768,0.0021261354779252,-0.00020299858008659
25.2333333333333,-0.00263367523096522,0.00214673797190028,-0.000202433361724503
25.2666666666667,-0.00262511592075316,0.00215356981424184,-0.000201865166954706
25.3,-0.00256896459940077,0.00214632482548318,-0.000201294065242513
25.3333333333333,-0.00246624316916109,0.00212467387518284,-0.000200720220991631
25.3666666666667,-0.00231888089833497,0.00208879249435145,-0.000200143949116959
25.4,-0.00212964216028233,0.00203895986399511,-0.000199565705473409
25.4333333333333,-0.0019020675937184,0.0019755533861913,-0.000198986070359569
25.4666666666667,-0.00164039831503465,0.00189904502553052,-0.000198405727558059
25.5,-0.00134948694994893,0.0018099967315639,-0.000197825439954907
25.5333333333333,-0.00103469804694609,0.00170905538950411,-0.000197246022800278
25.5666666666667,-0.000701799464634606,0.0015969469323819,-0.000196668315564548
25.6,-0.000356849298598644,0.00147447005433199,-0.000196093153717821
25.6333333333333,-6.07907931350125e-06,0.00134248933274168,-0.000195521341338102
25.6666666666667,0.000344221875963904,0.00120192806482465,-0.00019495362580677
25.7,0.000687821024935465,0.00105376072252373,-0.000194390675296487
25.7333333333333,0.00101865133746569,0.000899005264419939,-0.000193833060053682
25.7666666666667,0.00133091519861756,0.000738715265700195,-0.000193281237850722
25.8,0.00161917919103173,0.000573972039349597,-0.000192735544224306
25.8333333333333,0.00187846152256455,0.000405876761509466,-0.000192196187492761
25.8666666666667,0.00210430844641476,0.000235542705488273,-0.000191663248727467
25.9,0.002292861906633,6.40876405717948e-05,-0.000191136686306754
25.9333333333333,0.00244091543506118,-0.000107373564491951,-0.000190616344806407
25.9666666666667,0.00254596062557441,-0.000277736045327348,-0.000190101967565918
26,0.00260622185516748,-0.000445911769646672,-0.000189593212345078
26.0333333333333,0.00262067174792901,-0.000610835981555039,-0.000189089668544692
26.0666666666667,0.0025882444302184,-0.000771473596146071,-0.00018859081813475
26.1,0.00250901678300823,-0.000926824794858773,-0.000188096135666153
26.1333333333333,0.00238447968241625,-0.00107593028400116,-0.000187605130299542
26.1666666666667,0.00221697397891637,-0.00121787608500114,-0.000187117327806002
26.2,0.00200963993969827,-0.00135179767367495,-0.000186632286340851
26.2333333333333,0.00176635023982609,-0.00147688424023221,-0.000186149609581681
26.2666666666667,0.00149162824722825,-0.00159238234475532,-0.000185668956135533
26.3,0.00119055388956294,-0.00169759922223075,-0.000185190045202407
26.3333333333333,0.000868660575592509,-0.00179190581133967,-0.000184712658319935
26.3666666666667,0.000531824558434839,-0.00187473939307225,-0.000184236637476835
26.4,0.000186151284273332,-0.00194560595092126,-0.000183761879774808
26.4333333333333,-0.000162140669229767,-0.00200408222982736,-0.000183288329300235
26.4666666666667,-0.000506833252871106,-0.0020498174909897,-0.000182815966647238
26.5,-0.000841820496141051,-0.00208253502903059,-0.000182344796980872
26.5333333333333,-0.00116121335270037,-0.0021020333680426,-0.000181874837217858
26.5666666666667,-0.00145943901191457,-0.00210818448780633,-0.000181406103285098
26.6,-0.00173133090811733,-0.0021005513926163,-0.000180938598397565
26.6333333333333,-0.00197221033964218,-0.00207889969727863,-0.000180472302801433
26.6666666666667,-0.00217795800792836,-0.00204336953194866,-0.000180007163736237
26.7,-0.00234507477334366,-0.00199419905601793,-0.000179543088780566
26.7333333333333,-0.00247073187499197,-0.00193172246589991,-0.000179079942719403
26.7666666666667,-0.00255281187694725,-0.00185636742941638,-0.00017861754769181
26.8,-0.00258993749420207,-0.00176865155779911,-0.000178155686619605
26.8333333333333,-0.00258113039387771,-0.00166917818283133,-0.000177694135343849
26.8666666666667,-0.00252564646211482,-0.00155863114294531,-0.000177232683220078
26.9,-0.00242449454327567,-0.00143776948832931,-0.00017677103940248
26.9333333333333,-0.00227958987220569,-0.00130742133637295,-0.000176308908712021
26.9666666666667,-0.00209366481590472,-0.00116847798035112,-0.000175846012013427
27,-0.00187021034165305,-0.00102188651507832,-0.000175382104269562
27.0333333333333,-0.00161340173046273,-0.00086864267305684,-0.000174916992484049
27.0666666666667,-0.00132801147485208,-0.000709783325118964,-0.0001744505523742
27.1,-0.0010193108719601,-0.000546378732580242,-0.000173982742949797
27.1333333333333,-0.000692964369164091,-0.000379524737631598,-0.000173513618092242
27.1666666666667,-0.000354917690573732,-0.000210334900418451,-0.00017304333438455
27.2,-1.12844613800718e-05,-3.99326947154015e-05,-0.000172572154713171
27.2333333333333,0.000331768385686169,0.000130556234645109,-0.000172100447202147
27.2666666666667,0.000668131598414982,0.000300011586517384,-0.000171628679484121
27.3,0.000991861585534244,0.000467325793260425,-0.000171157408259813
27.3333333333333,0.00129728087990719,0.000631411034633963,-0.000170687264640582
27.3666666666667,0.00157907249923945,0.000791206083695145,-0.000170218935599955
27.4,0.00183236427087732,0.000945682664431307,-0.000169753142436179
27.4333333333333,0.00205280511600673,0.00109385161726706,-0.000169290616861401
27.4666666666667,0.00223663004347522,0.00123476849972176,-0.000168832075877493
27.5,0.00238071609046621,0.00136753898731204,-0.000168378196215211
27.5333333333333,0.00248262664345451,0.00149132366649625,-0.000167929589571689
27.5666666666667,0.00254064625698462,0.00160534263178604,-0.000167486779438275
27.6,0.00255379686400894,0.00170887945962109,-0.000167050180138049
27.6333333333333,0.00252110101543677,0.00180128473547039,-0.000166620026990478
27.6666666666667,0.00244266356505608,0.00188197938690278,-0.000166196439239017
27.7,0.00231997175196656,0.0019504576188245,-0.000165779429639993
27.7333333333333,0.00215534278184822,0.00200628943676831,-0.000165368863141471
27.7666666666667,0.00195187393879777,0.00204912328454573,-0.000164964458742576
27.8,0.0017133767887908,0.00207868747264703,-0.00016456579644499
27.8333333333333,0.00144429668832013,0.0020947917491529,-0.00016417232939872
27.8666666666667,0.00114962111429428,0.00209728687735871,-0.000163783400632337
27.9,0.000834778420047946,0.00208566832642743,-0.000163398263129491
27.9333333333333,0.000505529810046062,0.00205987447163728,-0.000163016103243376
27.9666666666667,0.000167858125154822,0.00202008656157775,-0.000162636068226112
28,-0.000172145830091171,0.0019665888118702,-0.000162257294417133
28.0333333333333,-0.000508395476823196,0.00189976587355381,-0.000161878935369463
28.0666666666667,-0.000834916109010255,0.00182009938508479,-0.00016150018903708
28.1,-0.00114594917363352,0.00172816362338621,-0.000161120323039029
28.1333333333333,-0.00143604804002433,0.00162462039691787,-0.000160738696857195
28.1666666666667,-0.00170016732591021,0.00151021312806115,-0.000160354780383579
28.2,-0.00193374182970704,0.00138576038880103,-0.000159968167975829
28.2333333333333,-0.00213275723431437,0.00125214874272007,-0.000159578587767485
28.2666666666667,-0.00229380943835313,0.00111032526886071,-0.00015918590583321
28.3,-0.00241415482074599,0.000961289538481243,-0.000158790125331524
28.3333333333333,-0.00249174894255533,0.000806085502130229,-0.000158391380687018
28.3666666666667,-0.00252527579715703,0.000645792988867318,-0.000157989927282452
28.4,-0.0025137270590355,0.000481519426410875,-0.000157586158983766
28.4333333333333,-0.00245651424867314,0.000314391398224304,-0.000157180587060918
28.4666666666667,-0.00235469827862996,0.000145546295312952,-0.00015677373241774
28.5,-0.00221019750046781,-2.38762513446266e-05,-0.000156366156315297
28.5333333333333,-0.00202572748091845,-0.000192742659486225,-0.000155958439547193
28.5666666666667,-0.00180474312573091,-0.000359932997184899,-0.000155551160685047
28.6,-0.00155136571867186,-0.000524348395103587,-0.000155144876063968
28.6333333333333,-0.0012702968118683,-0.000684918226422972,-0.000154740102183742
28.6666666666667,-0.000966722332899604,-0.000840606574547976,-0.00015433730125067
28.7,-0.000646208178397401,-0.000990418498552355,-0.000153936870180304
28.7333333333333,-0.000314591642470559,-0.00113340561705742,-0.000153539133513001
28.7666666666667,2.21306904505342e-05,-0.00126867136648581,-0.000153144340112283
28.8,0.000357913841752715,-0.00139537563601001,-0.000152752663743394
28.8333333333333,0.000686774345100143,-0.00151273902076518,-0.000152364207029396
28.8666666666667,0.00100289450261644,-0.0016200465124562,-0.000151979008560225
28.9,0.00130072208063361,-0.00171665077965495,-0.000151597052383717
28.9333333333333,0.0015750612108226,-0.00180197496206274,-0.00015121827943301
28.9666666666667,0.00182115629562302,-0.00187551503939305,-0.00015084259998673
29,0.00203476528922345,-0.0019368417963647,-0.000150469906622541
29.0333333333333,0.00221222457047533,-0.00198560235636291,-0.000150100086770901
29.0666666666667,0.00235050243532189,-0.00202152138868362,-0.000149733034362782
29.1,0.00244724349079191,-0.00204440188286432,-0.000149368659816008
29.1333333333333,0.00250080161176594,-0.00205412566229675,-0.000149006897994013
29.1666666666667,0.00251022566782884,-0.00205050563196309,-0.000148647710936505
29.2,0.0024744964947469,-0.00203313343324728,-0.000148291035740362
29.2333333333333,0.0023939206460035,-0.00200212043274309,-0.000147936883263371
29.2666666666667,0.00227000651716633,-0.00195770790481228,-0.000147585326200398
29.3,0.00210507495138388,-0.00190023153373398,-0.000147236466314396
29.3333333333333,0.00190220861305979,-0.00183011849797988,-0.000146890424424129
29.3666666666667,0.0016651867129194,-0.00174788353280214,-0.000146547327801565
29.4,0.00139840609170455,-0.00165412411762232,-0.000146207296018733
29.4333333333333,0.00110679024980875,-0.0015495151024182,-0.000145870426024114
29.4666666666667,0.000795690163661324,-0.0014348028590993,-0.000145536777322711
29.5,0.00047077795354138,-0.00131079881191596,-0.000145206358217399
29.5333333333333,0.000137937788628914,-0.00117837270749452,-0.000144879113890342
29.5666666666667,-0.000196845443529446,-0.00103844545032472,-0.00014455491716532
29.6,-0.000527595105999575,-0.000891981801850428,-0.000144233562462407
29.6333333333333,-0.000848449755428904,-0.00073998284713537,-0.000143914763528722
29.6666666666667,-0.00115376363123157,-0.000583478450119057,-0.000143598155062401
29.7,-0.00143820187065054,-0.000423519660059115,-0.00014328329847269
29.7333333333333,-0.00169682649009781,-0.000261171219246019,-0.000142969691463769
29.7666666666667,-0.00192517495698397,-9.7504183297359e-05,-0.000142656781331262
29.8,-0.00211932800270826,6.64112651880655e-05,-0.000142343981275958
29.8333333333333,-0.00227596883675824,0.000229512758101827,-0.000142030689322617
29.8666666666667,-0.00239243104950629,0.000390752421106813,-0.000141716308875476
29.9,-0.00246673735096606,0.000549103208981875,-0.000141400270296823
29.9333333333333,-0.00249762703952239,0.000703564933685877,-0.000141082052416544
29.9666666666667,-0.00248409424309254,0.000853170003219586,-0.000140761236797558
30,-0.00242564452234419,0.000996988759867519,-0.00014043750774202
