0,0,0,0
0.0333333333333333,-1.46105632511254e-06,2.33415258488618e-06,0.00197262350293264
0.0666666666666667,-5.83127587873236e-06,9.29400129810634e-06,0.00775836476624324
0.1,-1.30786728213888e-05,2.07537726431213e-05,0.0169943224793651
0.133333333333333,-2.31664606638451e-05,3.65103183378377e-05,0.0291704814598497
0.166666666666667,-3.60620402199285e-05,5.62921538586787e-05,0.0437266417132272
0.2,-5.17324976281542e-05,7.9770776893276e-05,0.0601302422799595
0.233333333333333,-7.0127470762284e-05,0.000106573201201143,0.0779216599126382
0.266666666666667,-9.11560473561204e-05,0.000136294746370944,0.09673011845868
0.3,-0.000114664836540377,0.000168511389459564,0.116270428849827
0.333333333333333,-0.000140421854119847,0.000202791262093787,0.136330479702547
0.366666666666667,-0.000168108039656889,0.000238705090592957,0.156756188188048
0.4,-0.000197316317443745,0.000275835489875574,0.177437454389371
0.433333333333333,-0.000227557172277944,0.000313785075821074,0.198296504874138
0.466666666666667,-0.000258269427185058,0.00035218337668894,0.219278835941772
0.5,-0.000288834938363663,0.000390692511218022,0.240346462913862
0.533333333333333,-0.000318596052003588,0.000429011610299713,0.261473013059776
0.566666666666667,-0.000346874818733628,0.000466879947912868,0.282640224473357
0.6,-0.000372993093389639,0.000504078769146312,0.303835474441942
0.633333333333333,-0.00039629274773785,0.00054043181673921,0.325050049024784
0.666666666666667,-0.000416155314695794,0.000575804583821322,0.346277937876878
0.7,-0.000432020462678954,0.000610102348672028,0.36751499783384
0.733333333333333,-0.000443402761063074,0.000643267080053512,0.388758374155833
0.766666666666667,-0.000449906299131209,0.000675273323397346,0.41000610031322
0.8,-0.000451236762282364,0.000706123213682539,0.431256821932002
0.833333333333333,-0.00044721067207823,0.000735840769498179,0.45250960630221
0.866666666666667,-0.000437761547858285,0.000764465674930304,0.473763811204279
0.9,-0.000422942848827731,0.000792046732373294,0.495018994478408
0.933333333333333,-0.000402927886015244,0.000818635200370342,0.516274851692918
0.966666666666667,-0.000378008014761773,0.000844278184208399,0.537531173253338
1,-0.000348586773980413,0.000869012200759576,0.558787814929868
1.03333333333333,-0.000315168383065063,0.000892857545121503,0.580044677278174
1.06666666666667,-0.000278344455666355,0.000915813064360529,0.601301691946421
1.1,-0.000238777108512722,0.000937852233526511,0.622558811846042
1.13333333333333,-0.000197180682498886,0.000958920098104601,0.643816004571913
1.16666666666667,-0.000154301812934255,0.000978931573268434,0.665073247796836
1.2,-0.000110898933585678,0.000997771132548763,0.686330526114683
1.23333333333333,-6.77217716638204e-05,0.00101529366960011,0.707587828878625
1.26666666666667,-2.54914698006086e-05,0.00103132667391487,0.728845148706793
1.3,1.5118271919447e-05,0.00104567366330827,0.750102480448901
1.33333333333333,5.34981545569589e-05,0.00105811865784194,0.771359820482225
1.36666666666667,8.91183442009403e-05,0.00106843177018535,0.792617166225234
1.4,0.0001215405479302,0.00107637524887968,0.813874515809385
1.43333333333333,0.000150427757934407,0.00108171053246671,0.835131867854385
1.46666666666667,0.000175550686704395,0.00108420546529573,0.856389221321115
1.5,0.000196791039642799,0.0010836417581257,0.877646575412737
1.53333333333333,0.0002141425912905,0.00107982239867665,0.898903929511845
1.56666666666667,0.000227709099115948,0.00107257902994619,0.920161283138334
1.6,0.000237697422018657,0.00106177951993421,0.941418635923958
1.63333333333333,0.000244407075103508,0.00104733463711373,0.962675987593841
1.66666666666667,0.000248217020563841,0.00102920334058711,0.983933337954024
1.7,0.000249413626108828,0.00100815840546636,1.00471200366238
1.73333333333333,0.000247329613630008,0.000988763402516336,1.02264466214931
1.76666666666667,0.000241713177974009,0.000971897566546697,1.03813383675912
1.8,0.00023247448172964,0.000957665155529388,1.05176626664055
1.83333333333333,0.000219592842657691,0.000946135702806967,1.06393983019442
1.86666666666667,0.000203127290750346,0.000937355781432516,1.07493680220172
1.9,0.000183218075786891,0.000931355061367132,1.08496471035075
1.93333333333333,0.000160083779965317,0.000928149528759192,1.09418059852727
1.96666666666667,0.000134015936309684,0.000927743184153142,1.10270618063855
2,0.000105372022679574,0.00093012860768299,1.11063770261832
2.03333333333333,7.45672989007045e-05,0.000935286913193699,1.11805258678544
2.06666666666667,4.20657577448067e-05,0.000943187807794735,1.1250140415977
2.1,8.37040107237623e-06,0.000953789567038299,1.13157434127957
2.13333333333333,-2.59869571001919e-05,0.000967038935501766,1.13777721064828
2.16666666666667,-6.04561731926227e-05,0.000982870999866196,1.14365959354316
2.2,-9.44793602730347e-05,0.00100120906679768,1.14925298666718
2.23333333333333,-0.000127501387565341,0.00102196457036002,1.1545844601339
2.26666666666667,-0.000158980134349984,0.00104503702639645,1.15967745001034
2.3,-0.000188396334524365,0.00107031404864778,1.1645523812154
2.33333333333333,-0.000215262855125751,0.00109767143834209,1.16922716189533
2.36666666666667,-0.00023913329837036,0.00112697335503112,1.17371758109339
2.4,-0.000259609778262637,0.00115807257826115,1.17803763010756
2.43333333333333,-0.000276349804625137,0.0011908108612623,1.18219976586413
2.46666666666667,-0.000289072145302473,0.00122501938687301,1.18621512690808
2.5,-0.000297561645981515,0.0012605193202202,1.19009371348411
2.53333333333333,-0.000301672912540611,0.00129712246393602,1.19384453743485
2.56666666666667,-0.000301332833619743,0.00133463201330206,1.19747574830795
2.6,-0.000296541930480692,0.00137284340941399,1.20099473995347
2.63333333333333,-0.000287375166496873,0.00141154525910453,1.204408241263
2.66666666666667,-0.000273982814083883,0.00145052046497628,1.20772239353359
2.7,-0.000256588524857406,0.00148954711662095,1.21094281679366
2.73333333333333,-0.000235485090409463,0.00152839991519105,1.21407466742924
2.76666666666667,-0.000211029090562232,0.00156685123739915,1.21712268759437
2.8,-0.000183634240040467,0.00160467255829095,1.22009124857738
2.83333333333333,-0.000153763764741665,0.00164163582375292,1.22298438837146
2.86666666666667,-0.000121921905314304,0.0016775148793665,1.22580584473141
2.9,-8.86447138410744e-05,0.00171208695103482,1.22855908426185
2.93333333333333,-5.4490371637841e-05,0.00174513414600665,1.23124732802494
2.96666666666667,-2.00293453293777e-05,0.00177644494763852,1.23387357394191
3,1.41659159228849e-05,0.00180581576127668,1.23644061740093
3.03333333333333,4.75307363985445e-05,0.00183305237030357,1.23895106865721
3.06666666666667,7.95181168475398e-05,0.00185797143650973,1.24140736911214
3.1,0.000109607991510958,0.00188040191623256,1.24381180549108
3.13333333333333,0.000137315855677029,0.00190018640459112,1.24616652248817
3.16666666666667,0.000162200956017333,0.00191718246500774,1.24847353449749
3.2,0.000183873462314218,0.00193126384272844,1.25073473590418
3.23333333333333,0.000202000776743381,0.00194232160633465,1.25295191045209
3.26666666666667,0.000216312806397877,0.00195026515619582,1.25512673966644
3.3,0.000226606233501023,0.00195502316438459,1.25726081058082
3.33333333333333,0.00023274759319951,0.00195654434755028,1.2593556226442
3.36666666666667,0.000234675430520122,0.00195479818075511,1.26141259410788
3.4,0.000232402335281899,0.00194977606888123,1.26343306774843
3.43333333333333,0.000226015976326345,0.00194149234495011,1.26541831617671
3.46666666666667,0.000215677271845147,0.00192998468587411,1.26736954661136
3.5,0.000201616923431513,0.00191531415518914,1.2692879053191
3.53333333333333,0.000184130858347341,0.00189756490419825,1.2711744816203
3.56666666666667,0.000163574323048014,0.00187684381531722,1.27303031162534
3.6,0.000140354970629416,0.00185327986311067,1.27485638161497
3.63333333333333,0.000114924977135719,0.00182702329306233,1.27665363120251
3.66666666666667,8.77724792092386e-05,0.00179824459781565,1.27842295620313
3.7,5.94123568084356e-05,0.00176713331199935,1.28016521132527
3.73333333333333,3.03767399733224e-05,0.0017338966338303,1.28188121262
3.76666666666667,1.20520919746098e-06,0.00169875788415521,1.2835717397848
3.8,-2.7564890745456e-05,0.00166195483624704,1.28523753826624
3.83333333333333,-5.54080948728009e-05,0.00162373790320384,1.28687932124301
3.86666666666667,-8.18199995227423e-05,0.0015843682470735,1.2884977714409
3.9,-0.000106326085273008,0.0015441157711569,1.29009354284886
3.93333333333333,-0.000128489789068052,0.00150325708568215,1.29166726229383
3.96666666666667,-0.000147919950664419,0.0014620733863628,1.29321953093299
4,-0.000164277291483405,0.00142084835562706,1.29475092562652
4.03333333333333,-0.000177280057904383,0.00137986600838923,1.29626200024085
4.06666666666667,-0.000186708552904927,0.00133940860514498,1.29775328684983
4.1,-0.000192408680665612,0.00129975454136231,1.29922529687685
4.13333333333333,-0.00019429430403583,0.0012611763425844,1.30067852214903
4.16666666666667,-0.000192348540862722,0.00122393866648338,1.30211343590063
4.2,-0.000186624397496681,0.00118829645567405,1.30353049370036
4.23333333333333,-0.000177245202078016,0.001154493015538,1.30493013433462
4.26666666666667,-0.000164402647974295,0.00112275854939358,1.30631278062411
4.3,-0.000148352849174386,0.00109330831860073,1.30767884020215
4.33333333333333,-0.000129411289595645,0.00106634131745853,1.30902870623447
4.36666666666667,-0.000107946627727263,0.00104203893137529,1.31036275810551
4.4,-8.43735702706576e-05,0.00102056374498035,1.31168136205366
4.43333333333333,-5.91448741084476e-05,0.00100205850529854,1.31298487177726
4.46666666666667,-3.27427862483006e-05,0.000986645250018456,1.31427362899607
4.5,-5.66992409269443e-06,0.000974424564330907,1.3155479639876
4.53333333333333,2.15600224066345e-05,0.000965475018651414,1.31680819608469
4.56666666666667,4.84318070775921e-05,0.000959852743690734,1.31805463415177
4.6,7.4437952204626e-05,0.000957591172678843,1.31928757702772
4.63333333333333,9.90879530320882e-05,0.000958700883941109,1.32050731395079
4.66666666666667,0.000121917003766169,0.000963169092274176,1.32171412495485
4.7,0.00014249424503292,0.000970959025268033,1.32290828125059
4.73333333333333,0.00016043026253405,0.00098201020157064,1.32409004558231
4.76666666666667,0.000175383996334423,0.000996239101298485,1.32525967257248
4.8,0.00018706853791631,0.00101353992825743,1.32641740904526
4.83333333333333,0.000195256147212403,0.00103378559686957,1.32756349433989
4.86666666666667,0.000199782138334005,0.00105682884289885,1.32869816060579
4.9,0.000200547789498541,0.00108250351491369,1.32982163308899
4.93333333333333,0.000197522675527029,0.00111062595260906,1.33093413040247
4.96666666666667,0.000190746792637432,0.00114099659638022,1.33203586478855
5,0.000180330289811558,0.0011734014189309,1.33312704236703
5.03333333333333,0.000166451320121213,0.00120761385334813,1.33420786337584
5.06666666666667,0.000149352666935633,0.00124339643097628,1.33527852239834
5.1,0.000129337118287984,0.00128050262134821,1.33633920858346
5.13333333333333,0.000106761725518401,0.00131867867276939,1.33739010585288
5.16666666666667,8.20310270927964e-05,0.00135766547331113,1.33843139310129
5.2,5.55894745260726e-05,0.00139720038140856,1.33946324438419
5.23333333333333,2.79130961123657e-05,0.00143701907746798,1.34048582909886
5.26666666666667,-4.9927270875217e-07,0.00147685734338454,1.34149931215347
5.3,-2.91351979027609e-05,0.00151645283570259,1.34250385412955
5.33333333333333,-5.74779130554434e-05,0.00155554677303933,1.3434996114335
5.36666666666667,-8.50156900881771e-05,0.00159388558560405,1.3444867364418
5.4,-0.000111250913947268,0.00163122247187789,1.34546537763632
5.43333333333333,-0.000135708945613318,0.00166731889145051,1.3464356797341
5.46666666666667,-0.000157946383402386,0.00170194596174286,1.34739778380831
5.5,-0.000177558835058922,0.00173488577038716,1.34835182740468
5.53333333333333,-0.000194187845475758,0.00176593259153453,1.34929794465044
5.56666666666667,-0.000207527107791774,0.00179489400238155,1.35023626635974
5.6,-0.000217327655793255,0.00182159190601497,1.35116692013291
5.63333333333333,-0.000223402166561434,0.0018458634436589,1.35209003045328
5.66666666666667,-0.000225628137155238,0.0018675618170873,1.35300571877906
5.7,-0.000223950069379959,0.00188655699362476,1.35391410363375
5.73333333333333,-0.000218380979529466,0.0019027363467889,1.35481530069264
5.76666666666667,-0.000209003853626238,0.00191600503671377,1.35570942286882
5.8,-0.000195970814655752,0.00192628666947632,1.35659658039551
5.83333333333333,-0.00017950025670584,0.00193352333764593,1.35747688090869
5.86666666666667,-0.000159872788445746,0.00193767594580706,1.35835042952671
5.9,-0.000137426002936386,0.00193872432559637,1.35921732892975
5.93333333333333,-0.000112548191551345,0.00193666734436529,1.36007767943699
5.96666666666667,-8.56711928617542e-05,0.0019315234987004,1.36093157908312
6,-5.72623395852943e-05,0.00192333121810232,1.3617791236926
6.03333333333333,-2.78159818583305e-05,0.00191214853493587,1.36262040695304
6.06666666666667,2.15545992821438e-06,0.00189805261905468,1.36345552048566
6.1,3.21307880454607e-05,0.00188113921194826,1.36428455391443
6.13333333333333,6.15892357837538e-05,0.00186152193708648,1.36510759493178
6.16666666666667,9.00197212808834e-05,0.0018393314987102,1.36592472936231
6.2,0.000116929720658173,0.0018147147804409,1.36673604122271
6.23333333333333,0.000141853850128087,0.00178783384745846,1.36754161277924
6.26666666666667,0.000164361790475066,0.00175886485795339,1.36834152460116
6.3,0.000184065658431362,0.00172799689878841,1.36913585561143
6.33333333333333,0.000200626495838192,0.001695430742529,1.36992468313347
6.36666666666667,0.000213759996157011,0.00166137754912476,1.3707080829351
6.4,0.00022324119320793,0.00162605750371468,1.37148612926884
6.43333333333333,0.000228908230545587,0.00158969841906508,1.37225889490983
6.46666666666667,0.000230665012940907,0.00155253429060025,1.3730264511904
6.5,0.000228483201489659,0.00151480379884373,1.37378886803297
6.53333333333333,0.000222404188218364,0.00147674899065973,1.37454621398002
6.56666666666667,0.000212539158176998,0.0014386134856802,1.3752985562234
6.6,0.000199066905119165,0.00140064123243477,1.37604596063151
6.63333333333333,0.000182230420070834,0.00136307496244726,1.37678849177637
6.66666666666667,0.000162332295566613,0.00132615466567464,1.37752621295981
6.7,0.000139728986175693,0.00129011618758961,1.3782591862399
6.73333333333333,0.000114824138453871,0.00125518978410946,1.3789874724572
6.76666666666667,8.80610357041307e-05,0.00122159873705592,1.37971113126182
6.8,5.99144407040264e-05,0.00118955800936753,1.38043022114066
6.83333333333333,3.08818547963721e-05,0.00115927294301689,1.38114479944579
6.86666666666667,1.47454169552321e-06,0.00113093802064571,1.38185492242303
6.9,-2.77917051452978e-05,0.00110473567654076,1.38256064524164
6.93333333333333,-5.64056700631214e-05,0.00108083518930641,1.3832620220241
6.96666666666667,-8.38697567123946e-05,0.00105939162823747,1.38395910587667
7,-0.000109708580238209,0.00104054489942001,1.3846519489196
7.03333333333333,-0.000133477200550801,0.00102441884913638,1.38534060231763
7.06666666666667,-0.000154768637957129,0.00101112048269843,1.38602511630961
7.1,-0.000173220782078184,0.00100073924474098,1.38670554023777
7.13333333333333,-0.00018852238048535,0.000993346427678033,1.38738192257562
7.16666666666667,-0.000200418225249211,0.000988994646478797,1.38805431095472
7.2,-0.000208713283828601,0.000987717451192709,1.38872275218976
7.23333333333333,-0.000213275900393325,0.000989528937648132,1.38938729230199
7.26666666666667,-0.000214039793571375,0.000994422996711061,1.39004797654069
7.3,-0.000211005374357212,0.00100237267046959,1.39070484940278
7.33333333333333,-0.00020424079100133,0.00101333009266256,1.39135795465013
7.36666666666667,-0.000193881683322314,0.00102722688364618,1.39200733532496
7.4,-0.000180128525538227,0.00104397454142547,1.3926530337629
7.43333333333333,-0.000163242696138132,0.0010634648955162,1.39329509160468
7.46666666666667,-0.000143541473395612,0.00108557090041661,1.39393354980586
7.5,-0.000121391933697479,0.00111014745392407,1.39456844864581
7.53333333333333,-9.72040186887191e-05,0.00113703239704189,1.39519982773547
7.56666666666667,-7.14227931105767e-05,0.00116604763495579,1.39582772602496
7.6,-4.45201978921263e-05,0.00119700037704455,1.3964521818108
7.63333333333333,-1.69862994418224e-05,0.00122968449050928,1.3970732327437
7.66666666666667,1.06796038223977e-05,0.00126388194519133,1.39769091583666
7.7,3.7978055815627e-05,0.00129936435518057,1.39830526747414
7.73333333333333,6.44183117778661e-05,0.00133589457568909,1.39891632342219
7.76666666666667,8.95270753452936e-05,0.00137322838126644,1.39952411883992
7.8,0.000112856722709633,0.0014111161607763,1.4001286882921
7.83333333333333,0.000133993114845823,0.00144930467606773,1.40073006576326
7.86666666666667,0.000152562646937828,0.00148753880051474,1.40132828467277
7.9,0.000168238652119169,0.0015255633016884,1.4019233778912
7.93333333333333,0.000180746857891096,0.00156312457020831,1.40251537775729
7.96666666666667,0.000189870015364718,0.00159997237228729,1.40310431609567
8,0.000195451462557254,0.0016358615190182,1.40369022423467
8.03333333333333,0.000197397735718843,0.00167055353891255,1.40427313302417
8.06666666666667,0.000195680297010447,0.00170381821315142,1.40485307285293
8.1,0.000190337241088186,0.00173543522847569,1.40543007366511
8.13333333333333,0.000181473439725812,0.00176519548829023,1.40600416497581
8.16666666666667,0.00016925841387239,0.00179290250897766,1.40657537588538
8.2,0.000153923037456159,0.00181837373313625,1.40714373509191
8.23333333333333,0.000135755091415842,0.0018414416750529,1.40770927090221
8.26666666666667,0.000115093743862317,0.00186195497911347,1.40827201124068
8.3,9.23230704887476e-05,0.00187977938975352,1.40883198365653
8.33333333333333,6.78648299757037e-05,0.00189479856596476,1.40938921532893
8.36666666666667,4.21705242017845e-05,0.00190691481494556,1.40994373307067
8.4,1.57130606509294e-05,0.00191604967068359,1.41049556333015
8.43333333333333,-1.10219950713558e-05,0.0019221443711718,1.41104473219226
8.46666666666667,-3.75452105144393e-05,0.00192516019249486,1.41159126537825
8.5,-6.33721710811793e-05,0.0019250786751494,1.41213518824503
8.53333333333333,-8.80320664599006e-05,0.0019219019786432,1.41267652578419
8.56666666666667,-0.000111076131439637,0.00191565359798539,1.4132153026211
8.6,-0.000132085349985879,0.00190637843627289,1.41375154301444
8.63333333333333,-0.000150677915561841,0.0018941423812841,1.4142852708565
8.66666666666667,-0.000166515711462678,0.00187903177346754,1.41481650967456
8.7,-0.000179310153483166,0.00186115269578232,1.41534528263372
8.73333333333333,-0.000188827077804241,0.00184063013582822,1.41587161254097
8.76666666666667,-0.000194890751244255,0.00181760697972611,1.41639552185093
8.8,-0.000197386815566252,0.00179224291186049,1.41691703267308
8.83333333333333,-0.00019626428428132,0.00176471315995013,1.41743616678048
8.86666666666667,-0.00019153690673543,0.00173520718861613,1.41795294561974
8.9,-0.000183284339964668,0.00170392716155789,1.41846739032238
8.93333333333333,-0.000171651137385084,0.0016710866438514,1.4189795217166
8.96666666666667,-0.000156843959682821,0.00163690879356512,1.41948936034004
9,-0.00013912767187522,0.00160162486099847,1.41999692645229
9.03333333333333,-0.000118820333144203,0.0015654725109368,1.42050224004745
9.06666666666667,-9.62872237758605e-05,0.00152869413609931,1.42100532086609
9.1,-7.19339772579172e-05,0.0014915351641472,1.42150618840635
9.13333333333333,-4.61990660131513e-05,0.00145424239108724,1.42200486193402
9.16666666666667,-1.95456619249642e-05,0.00141706229841233,1.42250136049112
9.2,7.54680432115251e-06,0.00138023943493795,1.42299570290313
9.23333333333333,3.45914020705219e-05,0.00134401480665625,1.42348790778446
9.26666666666667,6.11024133507696e-05,0.00130862434223096,1.42397799354239
9.3,8.66040542400598e-05,0.00127429739565599,1.42446597837942
9.33333333333333,0.000110638829731458,0.00124125533106616,1.42495188029407
9.36666666666667,0.000132775609917644,0.0012097101690839,1.42543571708043
9.4,0.000152617067964255,0.00117986331939923,1.42591750632669
9.43333333333333,0.000169806590841014,0.00115190439479332,1.42639726541275
9.46666666666667,0.000184034340463837,0.00112601011310848,1.4268750115074
9.5,0.000195042586986484,0.00110234329632611,1.42735076156531
9.53333333333333,0.000202630045131758,0.00108105195753955,1.42782453232401
9.56666666666667,0.000206655333251382,0.00106226849668297,1.42829634030142
9.6,0.000207039369437155,0.00104610898288251,1.42876620179394
9.63333333333333,0.000203767257985375,0.00103267253185807,1.42923413287546
9.66666666666667,0.000196889954580504,0.00102204090099314,1.42970014939734
9.7,0.000186523883136695,0.0010142778815141,1.43016426698985
9.73333333333333,0.000172848682648003,0.00100942919141012,1.43062650106472
9.76666666666667,0.000156103850710226,0.00100752221064413,1.43108686681935
9.8,0.00013658424787779,0.00100856581776084,1.43154537924203
9.83333333333333,0.000114634580196656,0.0010125500102552,1.43200205311856
9.86666666666667,9.06429602000021e-05,0.00101944537175219,1.43245690303964
9.9,6.50336893969286e-05,0.00102920324565103,1.43290994340934
9.93333333333333,3.8259522955301e-05,0.00104175615309749,1.43336118845407
9.96666666666667,1.07933222044258e-05,0.00105701829739231,1.43381065223172
10,-1.68804455843974e-05,0.00107488620011377,1.43425834864072
10.0333333333333,-4.42744465364909e-05,0.00109523946179242,1.43470429142874
10.0666666666667,-7.09070939467757e-05,0.00111794162406406,1.43514849420062
10.1,-9.63110793112873e-05,0.00114284113990089,1.43559097042539
10.1333333333333,-0.000120041469527518,0.0011697724353379,1.4360317334421
10.1666666666667,-0.000141683452089656,0.001198557056687,1.43647079646432
10.2,-0.000160859389780478,0.0012290048958977,1.43690817258319
10.2333333333333,-0.000177235291018133,0.00126091547857902,1.437343874769
10.2666666666667,-0.00019052639751501,0.00129407931417919,1.43777791587136
10.3,-0.000200502003117501,0.00132827928614233,1.438210308618
10.3333333333333,-0.00020698926119295,0.00136329208662993,1.43864106561235
10.3666666666667,-0.000209876089881026,0.00139888966945005,1.43907019933016
10.4,-0.000209113017833649,0.00143484072923406,1.43949772211539
10.4333333333333,-0.000204714516493215,0.00147091219850883,1.4399236461756
10.4666666666667,-0.000196760088354113,0.00150687062807079,1.44034798357734
10.5,-0.000185393276356092,0.00154248385616059,1.44077074624128
10.5333333333333,-0.000170818862206947,0.00157752226220397,1.44119194593816
10.5666666666667,-0.000153299000368162,0.00161176026419449,1.44161159428516
10.6,-0.000133148282789952,0.00164497772229831,1.4420297027433
10.6333333333333,-0.00011072780996487,0.00167696125234616,1.44244628261618
10.6666666666667,-8.6438478158379e-05,0.00170750554134358,1.44286134504991
10.7,-6.07135194985271e-05,0.00173641458611023,1.44327490103454
10.7333333333333,-3.40105778646543e-05,0.00176350287524087,1.44368696140695
10.7666666666667,-6.80332730486783e-06,0.00178859651103362,1.44409753685515
10.8,2.04270312904863e-05,0.00181153425120392,1.44450663792387
10.8333333333333,4.72004251981447e-05,0.00183216848780067,1.44491427502138
10.8666666666667,7.30463572902975e-05,0.00185036613091146,1.4453204584271
10.9,9.75122097611386e-05,0.00186600942730132,1.44572519830001
10.9333333333333,0.000120171049328728,0.00187899667013242,1.44612850468736
10.9666666666667,0.000140629024380371,0.00188924284214263,1.44653038753352
11,0.000158532027072014,0.00189668013865159,1.44693085668853
11.0333333333333,0.000173571726660426,0.00190125842226441,1.4473299219162
11.0666666666667,0.000185490693051909,0.00190294554904664,1.44772759290133
11.1,0.000194086727286477,0.00190172766501865,1.44812387925594
11.1333333333333,0.000199216131896124,0.00189760975321709,1.44851879052426
11.1666666666667,0.000200796138495759,0.00189061627327386,1.44891233618642
11.2,0.000198806453179544,0.00188079108357526,1.44930452566054
11.2333333333333,0.000193290737338414,0.00186819730461071,1.44969536830287
11.2666666666667,0.000184356551287362,0.00185291665340463,1.450084873407
11.3,0.000172173244960598,0.00183504914572863,1.45047305020103
11.3333333333333,0.000156968654211202,0.00181471234768626,1.45085990784395
11.3666666666667,0.000139024747628955,0.00179204054205075,1.45124545542082
11.4,0.000118672267971966,0.00176718383825529,1.45162970193725
11.4333333333333,9.62844574515082e-05,0.00174030712538287,1.45201265631345
11.4666666666667,7.22700906559354e-05,0.0017115889242489,1.45239432737815
11.5,4.70658362523724e-05,0.0016812201507926,1.45277472386283
11.5333333333333,2.11282521597495e-05,0.00164940278822501,1.45315385439636
11.5666666666667,-5.07459726353863e-06,0.00161634848202587,1.45353172750062
11.6,-3.10715545663386e-05,0.00158227708051053,1.45390835158706
11.6333333333333,-5.63968588432777e-05,0.00154741510820156,1.45428373495457
11.6666666666667,-8.05983491619567e-05,0.00151199422007827,1.45465788578873
11.7,-0.000103245458674304,0.00147624960251124,1.4550308121625
11.7333333333333,-0.00012393664831625,0.00144041838841598,1.45540252203834
11.7666666666667,-0.000142306379777828,0.00140473803454453,1.45577302327168
11.8,-0.000158031310031287,0.00136944474377915,1.45614232361568
11.8333333333333,-0.000170835818678191,0.00133477186581642,1.45651043072695
11.8666666666667,-0.000180496600496825,0.00130094837000856,1.45687735217217
11.9,-0.000186846433948412,0.00126819731311666,1.45724309543513
11.9333333333333,-0.000189776920059915,0.00123673440209344,1.45760766792415
11.9666666666667,-0.000189240306469427,0.00120676656819218,1.45797107697938
12,-0.000185250666187467,0.00117849066922458,1.45833332987977
12.0333333333333,-0.000177884876440778,0.00115209211585022,1.45869443384962
12.0666666666667,-0.000167281587478604,0.00112774390368475,1.459054396064
12.1,-0.000153638501979293,0.0011056052907604,1.4594132236533
12.1333333333333,-0.000137208592654318,0.00108582090888463,1.4597709237063
12.1666666666667,-0.000118295276162557,0.00106851984614243,1.46012750327203
12.2,-9.72466832022749e-05,0.0010538148338586,1.4604829693602
12.2333333333333,-7.44490813305454e-05,0.0010418015488153,1.46083732894029
12.2666666666667,-5.03196953520778e-05,0.00103255803655666,1.46119058893937
12.3,-2.52989377729702e-05,0.00102614422368027,1.46154275623893
12.3333333333333,1.57636664656136e-07,0.00102260156654822,1.46189383767069
12.3666666666667,2.55876743924409e-05,0.00102195279545056,1.46224384001193
12.4,5.05303120033107e-05,0.00102420165348869,1.4625927699803
12.4333333333333,7.45344733353562e-05,0.00102933228897014,1.46294063422869
12.4666666666667,9.7166812387322e-05,0.00103730894659919,1.46328743934006
12.5,0.000118019368873701,0.00104807628945531,1.46363319182303
12.5333333333333,0.000136716637565797,0.00106155983208051,1.46397789810798
12.5666666666667,0.000152922101666881,0.00107766651266824,1.46432156454441
12.6,0.000166343967966056,0.00109628540372372,1.46466419739925
12.6333333333333,0.000176740193740447,0.00111728857302263,1.46500580285664
12.6666666666667,0.000183922557016571,0.00114053203839747,1.46534638701887
12.7,0.000187759886189489,0.00116585686936624,1.46568595590881
12.7333333333333,0.000188180264914112,0.00119309035484981,1.46602451547347
12.7666666666667,0.00018517268491653,0.00122204727865144,1.46636207158868
12.8,0.000178788453535608,0.00125253136833669,1.46669863006462
12.8333333333333,0.00016914074673925,0.00128433653060208,1.4670341966522
12.8666666666667,0.000156402403596557,0.00131724850455113,1.46736877704983
12.9,0.000140802660921967,0.00135104633893525,1.4677023769103
12.9333333333333,0.000122622829384063,0.00138550390321884,1.46803500184754
12.9666666666667,0.00010219097721485,0.00142039150984929,1.46836665744284
13,7.98758040928657e-05,0.00145547745281224,1.46869734925035
13.0333333333333,5.60797449117592e-05,0.00149052959917242,1.46902708280158
13.0666666666667,3.12315621687149e-05,0.00152531692158607,1.46935586360868
13.1,5.77843616495385e-06,0.00155961103533846,1.4696836971665
13.1333333333333,-1.98221288006489e-05,0.00159318766888323,1.47001058895311
13.1666666666667,-4.51106097546422e-05,0.00162582811234306,1.47033654442911
13.2,-6.96336329301569e-05,0.00165732059001675,1.47066156903539
13.2333333333333,-9.29520663491116e-05,0.00168746158673503,1.47098566818987
13.2666666666667,-0.000114648684982631,0.00171605709296703,1.47130884728304
13.3,-0.000134335498941865,0.00174292378238645,1.47163111167274
13.3333333333333,-0.000151660413176618,0.00176789010555463,1.47195246667833
13.3666666666667,-0.000166313327544188,0.0017907972984037,1.47227291757457
13.4,-0.000178031385318804,0.00181150030596723,1.47259246958548
13.4333333333333,-0.000186603485678285,0.00182986860703818,1.47291112787848
13.4666666666667,-0.000191873821997568,0.00184578695446486,1.47322889755903
13.5,-0.00019374455655705,0.00185915600607355,1.47354578366619
13.5333333333333,-0.000192177508396162,0.0018698928780227,1.47386179116903
13.5666666666667,-0.000187195516230174,0.0018779315547021,1.47417692496444
13.6,-0.000178883205370446,0.00188322325051182,1.47449118987615
13.6333333333333,-0.000167385663570274,0.00188573668938928,1.47480459065506
13.6666666666667,-0.000152905642221736,0.00188545816159146,1.47511713198108
13.7,-0.000135699770324794,0.00188239188025735,1.47542881846615
13.7333333333333,-0.000116073785372014,0.00187656052366383,1.47573965465841
13.7666666666667,-9.43767352521521e-05,0.00186800520190911,1.47604964504774
13.8,-7.09946004695657e-05,0.00185678511599683,1.47635879407196
13.8333333333333,-4.63431042309879e-05,0.00184297709960656,1.47666710612374
13.8666666666667,-2.086013321034e-05,0.0018266750521106,1.47697458555779
13.9,5.00225209813663e-06,0.00180798923869906,1.47728123669802
13.9333333333333,3.07859267496515e-05,0.00178704549422172,1.47758706384445
13.9666666666667,5.60349334822754e-05,0.00176398431495753,1.47789207127946
14,8.0303508288798e-05,0.00173895986334607,1.47819626327329
14.0333333333333,0.000103163958368016,0.00171213888211993,1.47849964408844
14.0666666666667,0.000124214054614373,0.00168369953425018,1.4788022179829
14.1,0.0001430840266465,0.00165383017523249,1.47910398921199
14.1333333333333,0.000159442847897328,0.0016227280661006,1.47940496202895
14.1666666666667,0.000173003913952605,0.00159059804207246,1.47970514068408
14.2,0.000183529844561018,0.00155765113843272,1.4800045294226
14.2333333333333,0.000190836516685,0.00152410319461659,1.48030313248144
14.2666666666667,0.000194796114342696,0.00149017343292416,1.48060095408494
14.3,0.000195339307606157,0.00145608303653126,1.48089799843986
14.3333333333333,0.000192456760900456,0.00142205370031562,1.48119426972979
14.3666666666667,0.000186200512986482,0.00138830632309911,1.48148977210921
14.4,0.000176683489824465,0.00135505939283915,1.48178450969774
14.4333333333333,0.000164077329619326,0.00132252783382905,1.48207848657451
14.4666666666667,0.000148609125898553,0.00129092157860365,1.48237170677323
14.5,0.000130557143787707,0.00126044426020935,1.48266417427808
14.5333333333333,0.000110245603945966,0.00123129199282918,1.48295589302052
14.5666666666667,8.8038604172779e-05,0.00120365216317793,1.48324686687723
14.6,6.43333908802383e-05,0.00117770229709862,1.48353709966936
14.6333333333333,3.95530075055204e-05,0.00115360898835268,1.48382659516292
14.6666666666667,1.41386030437665e-05,0.00113152689724191,1.48411535707045
14.7,-1.14586036501981e-05,0.00111159781896015,1.48440338905383
14.7333333333333,-3.67853793823108e-05,0.00109394983802054,1.48469069472809
14.7666666666667,-6.13945898594982e-05,0.00107869655194851,1.48497727766601
14.8,-8.48530314237493e-05,0.0010659363951612,1.48526314140337
14.8333333333333,-0.000106749049307369,0.00105575203224291,1.48554828944458
14.8666666666667,-0.000126699613421176,0.00104820986241407,1.48583272526839
14.9,-0.000144356941863248,0.0010433595936564,1.48611645233346
14.9333333333333,-0.000159414374259975,0.00104123393637226,1.48639947408357
14.9666666666667,-0.000171611598542856,0.00104184834973314,1.48668179395221
15,-0.000180738971240708,0.00104520064424101,1.48696341536636
15.0333333333333,-0.000186641037322448,0.00105127036214676,1.48724434174937
15.0666666666667,-0.000189219114746533,0.00106001876216352,1.48752457652268
15.1,-0.000188432890535029,0.00107138907711101,1.48780412310626
15.1333333333333,-0.000184301592770916,0.00108530689221076,1.48808298491794
15.1666666666667,-0.000176904780858422,0.00110168059150651,1.48836116537149
15.2,-0.000166381117794081,0.00112040211992057,1.48863866787358
15.2333333333333,-0.00015292566348408,0.00114134755263397,1.48891549581988
15.2666666666667,-0.000136786167699829,0.00116437805002134,1.48919165259024
15.3,-0.000118258362853769,0.0011893408038549,1.48946714154351
15.3333333333333,-9.76804090669951e-05,0.00121607008199869,1.48974196601207
15.3666666666667,-7.54265380530241e-05,0.00124438838431157,1.49001612929647
15.4,-5.19001326403812e-05,0.00127410766726879,1.49028963466034
15.4333333333333,-2.75262536194472e-05,0.00130503064150201,1.49056248532595
15.4666666666667,-2.74391325843488e-06,0.0013369521257886,1.4908346844705
15.5,2.20019243552159e-05,0.00136966045717771,1.49110623522355
15.5333333333333,4.62682831413237e-05,0.00140293892621684,1.49137714066547
15.5666666666667,6.96221066398303e-05,0.00143656725734902,1.49164740382723
15.6,9.16478408451567e-05,0.00147032308255791,1.49191702769144
15.6333333333333,0.000111954747034131,0.0015039834476092,1.49218601519458
15.6666666666667,0.000130183620343776,0.0015373262822548,1.49245436923047
15.7,0.000146013011372831,0.00157013188952184,1.49272209265468
15.7333333333333,0.000159164662414255,0.00160218437284083,1.49298918828982
15.7666666666667,0.000169408263336665,0.00163327306840705,1.49325565893138
15.8,0.000176565289368769,0.00166319389305447,1.493521507354
15.8333333333333,0.000180512022495209,0.00169175068352903,1.49378673631772
15.8666666666667,0.000181181590212466,0.00171875643310126,1.49405134857409
15.9,0.000178565408208237,0.00174403448137742,1.49431534687188
15.9333333333333,0.000172714393026324,0.00176741973081849,1.49457873396182
15.9666666666667,0.000163738495404382,0.00178875949098707,1.49484151260082
16,0.000151804540570932,0.00180791460690579,1.49510368555483
16.0333333333333,0.000137133038905914,0.00182476028948832,1.4953652556006
16.0666666666667,0.000119994005928723,0.00183918684656014,1.49562622552613
16.1,0.000100701837818787,0.00185110041181012,1.49588659812974
16.1333333333333,7.96094249269232e-05,0.00186042349351808,1.49614637621793
16.1666666666667,5.71015352927323e-05,0.00186709546833527,1.49640556260201
16.2,3.35877206965723e-05,0.00187107294208009,1.49666416009376
16.2333333333333,9.494748020535e-06,0.00187233002338773,1.49692217150018
16.2666666666667,-1.47411350130866e-05,0.00187085853499699,1.49717959961777
16.3,-3.86821420635937e-05,0.00186666851090842,1.49743644722636
16.3333333333333,-6.18967129553862e-05,0.00185978860251048,1.49769271708295
16.3666666666667,-8.3967260887265e-05,0.00185026589389913,1.49794841191567
16.4,-0.000104497477275242,0.00183816552546707,1.49820353441829
16.4333333333333,-0.000123119283466631,0.00182357021062843,1.4984580872455
16.4666666666667,-0.000139499175352224,0.00180657962065687,1.49871207300917
16.5,-0.000153344010573722,0.00178730962751496,1.49896549427571
16.5333333333333,-0.000164405975564488,0.00176589145484166,1.49921835356475
16.5666666666667,-0.000172486846749553,0.00174247069119411,1.49947065334906
16.6,-0.000177441311979788,0.00171720623586981,1.49972239605584
16.6333333333333,-0.000179179461277639,0.00169026911998199,1.49997358406922
16.6666666666667,-0.000177668336026306,0.0016618412929348,1.50022421973391
16.7,-0.000172933163223823,0.00163211426300815,1.50047430535986
16.7333333333333,-0.00016505791106609,0.00160128778940352,1.50072384322773
16.7666666666667,-0.000154183897621988,0.00156956846648077,1.50097283559471
16.8,-0.000140507054324046,0.00153716822086416,1.5012212847008
16.8333333333333,-0.000124274250253038,0.00150430289028796,1.50146919277483
16.8666666666667,-0.000105778655164307,0.00147119074564308,1.50171656204025
16.9,-8.53542289528754e-05,0.00143805098489151,1.50196339472037
16.9333333333333,-6.33695260199413e-05,0.00140510229225164,1.50220969304279
16.9666666666667,-4.02208423098812e-05,0.00137256136789141,1.50245545924288
17,-1.63249684791524e-05,0.00134064152703311,1.50270069556608
17.0333333333333,7.88845327438099e-06,0.00130955130697128,1.50294540426915
17.0666666666667,3.1984657463736e-05,0.00127949314668505,1.50318958762004
17.1,5.55316050283913e-05,0.00125066210025351,1.50343324789675
17.1333333333333,7.8107621197414e-05,0.00122324462854117,1.50367638738494
17.1666666666667,9.93088889731374e-05,0.00119741744624172,1.50391900837471
17.2,0.000118756467997791,0.00117334645037436,1.50416111315646
17.2333333333333,0.000136102930331729,0.00115118572281309,1.50440270401633
17.2666666666667,0.000151038307383564,0.00113107661537504,1.50464378323115
17.3,0.000163295453739782,0.00111314692426632,1.50488435306337
17.3333333333333,0.000172654563547911,0.00109751014683902,1.5051244157561
17.3666666666667,0.000178946948413544,0.00108426483962044,1.50536397352852
17.4,0.000182057866495627,0.00107349405749998,1.50560302857191
17.4333333333333,0.000181928525886868,0.00106526490163586,1.50584158304644
17.4666666666667,0.000178557527999246,0.0010596281444228,1.50607963907883
17.5,0.000172002022236994,0.00105661802305825,1.50631719876101
17.5333333333333,0.000162376959072809,0.00105625192553764,1.50655426414999
17.5666666666667,0.000149852880673258,0.00105853035609175,1.50679083726875
17.6,0.000134652785432365,0.00106343633176314,1.50702692010827
17.6333333333333,0.000117047831438375,0.00107093527148415,1.50726251463056
17.6666666666667,9.73523758955124e-05,0.00108097529534582,1.50749762277259
17.7,7.59180823381027e-05,0.0010934876225573,1.50773224645088
17.7333333333333,5.31274301821894e-05,0.00110838707902229,1.5079663875666
17.7666666666667,2.93866738081061e-05,0.00112557273673628,1.50820004801075
17.8,5.11846606421936e-06,0.0011449286420776,1.50843322966934
17.8333333333333,-1.92458273297766e-05,0.00116632465994221,1.50866593442822
17.8666666666667,-4.32738221305544e-05,0.00118961739813865,1.50889816417746
17.9,-6.65398559535449e-05,0.0012146512264068,1.50912992081478
17.9333333333333,-8.86324491521862e-05,0.00124125936454508,1.50936120624827
17.9666666666667,-0.000109161553503856,0.00126926504248206,1.50959202239793
18,-0.000127765273348928,0.00129848271596929,1.50982237119609
18.0333333333333,-0.000144116147352521,0.00132871933102949,1.51005225458676
18.0666666666667,-0.000157926704440372,0.00135977562896421,1.51028167452372
18.1,-0.00016895439390018,0.00139144747735537,1.51051063296777
18.1333333333333,-0.000177005647174649,0.00142352722565121,1.51073913188285
18.1666666666667,-0.000181939172482616,0.00145580506524903,1.5109671732316
18.2,-0.000183668295182536,0.00148807039790856,1.5111947589703
18.2333333333333,-0.000182162495668171,0.00152011319902196,1.5114218910435
18.2666666666667,-0.000177448562883144,0.00155172531896635,1.51164857137871
18.3,-0.000169611110893497,0.00158270185487927,1.51187480188115
18.3333333333333,-0.000158791130148928,0.00161284244775028,1.51210058442888
18.3666666666667,-0.000145183280989984,0.0016419524370183,1.51232592086869
18.4,-0.000129032247909142,0.00166984414635657,1.51255081301266
18.4333333333333,-0.000110628137131085,0.00169633800764299,1.51277526263585
18.4666666666667,-9.03010760914306e-05,0.00172126365215584,1.51299927147507
18.5,-6.84150613032085e-05,0.00174446094928485,1.5132228412289
18.5333333333333,-4.53612748040336e-05,0.00176578096877475,1.51344597355878
18.5666666666667,-2.15508872717935e-05,0.00178508687759309,1.51366867009145
18.6,2.59237227878257e-06,0.00180225475782745,1.51389093242228
18.6333333333333,2.66398937323965e-05,0.00181717435222546,1.51411276211963
18.6666666666667,5.01657974879332e-05,0.00182974971930603,1.51433416072992
18.7,7.27545248656183e-05,0.00183989981638703,1.51455512978322
18.7333333333333,9.40080871725491e-05,0.00184755898087353,1.51477567079917
18.7666666666667,0.000113553044187489,0.0018526773403347,1.51499578529288
18.8,0.000131046906968512,0.00185522111214837,1.51521547478071
18.8333333333333,0.000146184053886387,0.00185517283862464,1.51543474078555
18.8666666666667,0.000158700895858614,0.00185253167584684,1.51565358484147
18.9,0.000168380331673481,0.00184731396630037,1.51587200849757
18.9333333333333,0.000175055444555886,0.00183955333877333,1.51609001332087
18.9666666666667,0.000178612233563928,0.00182930048819727,1.51630760089784
19,0.000178991529777572,0.00181662282422883,1.51652477283486
19.0333333333333,0.000176190340519384,0.001801604009733,1.5167415307574
19.0666666666667,0.000170262891482065,0.00178434346954989,1.51695787630781
19.1,0.00016132000667884,0.0017649555341611,1.51717381114235
19.1333333333333,0.000149526935732103,0.00174356880812053,1.51738933692694
19.1666666666667,0.000135100213757041,0.00172032522789964,1.51760445533241
19.2,0.00011830357372033,0.00169537905753385,1.51781916802909
19.2333333333333,9.94429640681963e-05,0.00166889585552046,1.51803347668118
19.2666666666667,7.88608461449036e-05,0.00164105131656042,1.51824738294103
19.3,5.69298019185032e-05,0.00161203007033536,1.51846088844372
19.3333333333333,3.40456940335049e-05,0.00158202441789035,1.51867399480204
19.3666666666667,1.06203817476568e-05,0.0015512330177337,1.51888670360225
19.4,-1.29257137054907e-05,0.00151985954300568,1.51909901640063
19.4333333333333,-3.61712219549996e-05,0.00148811129946191,1.51931093472111
19.4666666666667,-5.87012955248999e-05,0.00145619784283293,1.519522460054
19.5,-8.01149976689748e-05,0.00142432956860175,1.51973359385585
19.5333333333333,-0.000100032286311811,0.00139271632900629,1.51994433755048
19.5666666666667,-0.000118100673995905,0.00136156603395523,1.52015469253108
19.6,-0.000134001264926853,0.00133108330463345,1.52036466016325
19.6333333333333,-0.000147454263590907,0.00130146812279461,1.52057424178892
19.6666666666667,-0.000158223694186147,0.00127291455483539,1.52078343873077
19.7,-0.000166121429686333,0.00124560948342079,1.52099225229722
19.7333333333333,-0.000171010321042092,0.0012197314321878,1.52120068378747
19.7666666666667,-0.000172806519632052,0.00119544940972643,1.52140873449656
19.8,-0.000171480897130907,0.00117292186805438,1.5216164057201
19.8333333333333,-0.00016706014045355,0.00115229565361447,1.52182369875861
19.8666666666667,-0.00015962716708532,0.00113370514660335,1.52203061492115
19.9,-0.000149319705730134,0.00111727141217551,1.52223715552803
19.9333333333333,-0.000136327614591628,0.00110310139607397,1.52244332191262
19.9666666666667,-0.000120889298650743,0.00109128730631502,1.522649115422
20,-0.000103287219765235,0.00108190603961809,1.52285453741655
20.0333333333333,-8.38425748963252e-05,0.00107501868507226,1.52305958926859
20.0666666666667,-6.29093297147306e-05,0.00107067016760673,1.52326427235994
20.1,-4.08676283423114e-05,0.00106888895398423,1.52346858807871
20.1333333333333,-1.8116839409384e-05,0.00106968686147903,1.52367253781544
20.1666666666667,4.93178616566851e-06,0.00107305867774152,1.52387612295874
20.2,2.78625089091206e-05,0.00107898169676472,1.52407934489064
20.2333333333333,5.02625988170557e-05,0.00108741578858511,1.52428220498188
20.2666666666667,7.17296814322016e-05,0.00109830372237323,1.5244847045875
20.3,9.18788645184202e-05,0.00111157158055108,1.52468684504273
20.3333333333333,0.000110349444916478,0.00112712929923344,1.52488862765962
20.3666666666667,0.000126811237695117,0.00114487134055824,1.52509005372452
20.4,0.000140970230577599,0.00116467745652093,1.52529112449642
20.4333333333333,0.000152573680293565,0.00118641358109591,1.52549184120643
20.4666666666667,0.000161414388104274,0.00120993279113518,1.52569220505824
20.5,0.000167334262163011,0.0012350763855999,1.52589221722969
20.5333333333333,0.000170226965837587,0.00126167500905559,1.52609187887536
20.5666666666667,0.000170039769934239,0.00128954987802155,1.5262911911299
20.6,0.000166774858764242,0.00131851402832298,1.52649015511227
20.6333333333333,0.0001604902974687,0.00134837368665508,1.52668877193022
20.6666666666667,0.000151299203948843,0.00137892949048728,1.52688704268546
20.7,0.000139367575399911,0.00140997802728006,1.52708496847865
20.7333333333333,0.000124911164074751,0.00144131312879242,1.52728255041446
20.7666666666667,0.000108191413013867,0.00147272729472198,1.52747978960605
20.8,8.95105711435211e-05,0.00150401308308423,1.52767668717913
20.8333333333333,6.92060375209288e-05,0.00153496449624888,1.527873244275
20.8666666666667,4.76441365157973e-05,0.00156537832157706,1.52806946205284
20.9,2.52133414391036e-05,0.00159505546869572,1.5282653416908
20.9333333333333,2.31721210270023e-06,0.00162380223603649,1.52846088438602
20.9666666666667,-2.06329666017853e-05,0.00165143155578309,1.52865609135354
21,-4.32255413618354e-05,0.00167776416164964,1.52885096382411
21.0333333333333,-6.50558865105127e-05,0.00170262971258864,1.52904550304105
21.0666666666667,-8.57335216789286e-05,0.00172586783654105,1.52923971025618
21.1,-0.000104889022755223,0.00174732911068983,1.52943358672524
21.1333333333333,-0.000122180417069518,0.00176687596058187,1.52962713370264
21.1666666666667,-0.000137299154591969,0.00178438347949002,1.52982035243619
21.2,-0.000149975374074094,0.00179974016691504,1.53001324416164
21.2333333333333,-0.000159982566331035,0.00181284857420218,1.53020581009761
21.2666666666667,-0.000167141396717953,0.00182362587058109,1.53039805144084
21.3,-0.000171322789161655,0.00183200430631437,1.53058996936221
21.3333333333333,-0.000172450088159336,0.00183793159819476,1.5307815650035
21.3666666666667,-0.00017050048139955,0.00184137122362862,1.53097283947524
21.4,-0.000165506122930088,0.00184230253708449,1.5311637938556
21.4333333333333,-0.000157554343351081,0.00184072105869931,1.53135442919037
21.4666666666667,-0.000146786138623519,0.00183663883196846,1.53154474649397
21.5,-0.000133393403798328,0.00183008461857688,1.53173474675184
21.5333333333333,-0.000117615422439747,0.00182110375948813,1.53192443092344
21.5666666666667,-9.97343835567847e-05,0.0018097577749443,1.53211379994655
21.6,-8.00701223854892e-05,0.00179612392193042,1.53230285474198
21.6333333333333,-5.89741947958819e-05,0.00178029461532689,1.53249159621891
21.6666666666667,-3.68234344980037e-05,0.00176237675895688,1.53268002528039
21.7,-1.4013033255829e-05,0.00174249096470189,1.53286814282884
21.7333333333333,9.05058955760438e-06,0.00172077069579162,1.53305594977136
21.7666666666667,3.19571454076876e-05,0.00169736131248291,1.53324344702445
21.8,5.42997611551514e-05,0.00167241905433959,1.53343063551817
21.8333333333333,7.56822346480438e-05,0.00164610994631509,1.53361751619938
21.8666666666667,9.57259538179465e-05,0.00161860865351782,1.53380409003402
21.9,0.000114076549127937,0.00159009728267491,1.53399035800836
21.9333333333333,0.000130409985432432,0.0015607641458344,1.5341763211291
21.9666666666667,0.000144438181238348,0.001530802493463,1.53436198042243
22,0.000155913892649984,0.00150040922427353,1.534547336932
22.0333333333333,0.000164634958397181,0.00146978358613345,1.53473239171609
22.0666666666667,0.000170447688378238,0.00143912586854011,1.53491714584389
22.1,0.000173249490555757,0.00140863610615772,1.53510160039124
22.1333333333333,0.000172990598747379,0.00137851278709675,1.53528575643595
22.1666666666667,0.000169675377046509,0.001348951589914,1.53546961505296
22.2,0.000163363186470844,0.00132014417978114,1.53565317730934
22.2333333333333,0.000154167537328585,0.00129227691250671,1.53583644425982
22.2666666666667,0.000142253892078376,0.00126552978934545,1.53601941694256
22.3,0.000127836568156388,0.00124007528811852,1.53620209637579
22.3333333333333,0.00011117472437859,0.00121607730601654,1.5363844835551
22.3666666666667,9.25675064026722e-05,0.00119369017992609,1.53656657945176
22.4,7.23485087957897e-05,0.00117305773884006,1.53674838501198
22.4333333333333,5.08795890852644e-05,0.00115431244239953,1.53692990115713
22.4666666666667,2.85442609221444e-05,0.00113757458481133,1.53711112878504
22.5,5.74067493181113e-06,0.00112295157295816,1.53729206877209
22.5333333333333,-1.71255367820239e-05,0.00111053728701459,1.53747272197616
22.5666666666667,-3.96485741742427e-05,0.00110041151466689,1.53765308924021
22.6,-6.14296402528665e-05,0.00109263947808989,1.53783317139629
22.6333333333333,-8.208401949556e-05,0.00108727143383111,1.53801296926987
22.6666666666667,-0.000101247761989906,0.00108434237413897,1.53819248368418
22.7,-0.000118584046004818,0.00108387179779557,1.53837171546442
22.7333333333333,-0.000133788947259562,0.00108586349380206,1.53855066544167
22.7666666666667,-0.000146596628863527,0.00109030504138011,1.5387293344563
22.8,-0.000156783917746796,0.00109716762394684,1.53890772336061
22.8333333333333,-0.000164174024293538,0.00110640620517696,1.53908583302078
22.8666666666667,-0.000168639506888761,0.00111795985369515,1.53926366431773
22.9,-0.0001701044434107,0.00113175214223938,1.53944121814712
22.9333333333333,-0.000168545721214551,0.00114769169702471,1.53961849541828
22.9666666666667,-0.000163994083251598,0.00116567276554772,1.53979549705239
23,-0.000156534341928116,0.00118557604621608,1.53997222397962
23.0333333333333,-0.000146303871602518,0.00120726945790713,1.54014867713569
23.0666666666667,-0.00013348995432147,0.00123060902619564,1.54032485745777
23.1,-0.000118326258075307,0.0012554399244246,1.54050076588002
23.1333333333333,-0.000101088454489789,0.00128159751910755,1.54067640332906
23.1666666666667,-8.20890463686541e-05,0.00130890849416315,1.54085177071944
23.2,-6.1671585727952e-05,0.00133719204161084,1.54102686894952
23.2333333333333,-4.02043029513725e-05,0.00136626108647727,1.54120169889779
23.2666666666667,-1.80733929122721e-05,0.00139592355179478,1.5413762614199
23.3,4.32404717140658e-06,0.00142598365491226,1.54155055734655
23.3333333333333,2.65871413471296e-05,0.00145624321182549,1.54172458748237
23.3666666666667,4.83184540895832e-05,0.00148650296448117,1.5418983526057
23.4,6.91310004389998e-05,0.00151656388918445,1.54207185346951
23.4333333333333,8.86551073164591e-05,0.0015462285177596,1.54224509080332
23.4666666666667,0.0001065448263952,0.00157530221516599,1.54241806531596
23.5,0.000122483978499002,0.0016035944596584,1.54259077769919
23.5333333333333,0.000136191554321721,0.00163092005748763,1.54276322863203
23.5666666666667,0.0001474265625223,0.00165710034994573,1.54293541878539
23.6,0.000155992089944472,0.0016819643364332,1.54310734882713
23.6333333333333,0.000161738666466029,0.00170534977973312,1.54327901942706
23.6666666666667,0.000164566750871537,0.0017271042124578,1.54345043126178
23.7,0.000164428443143696,0.00174708591418134,1.54362158501912
23.7333333333333,0.000161328660176711,0.00176516478053086,1.54379248140199
23.7666666666667,0.000155325955319886,0.00178122318745431,1.54396312113138
23.8,0.000146531640488967,0.0017951566032884,1.54413350494866
23.8333333333333,0.000135107633065446,0.00180687438646778,1.54430363361666
23.8666666666667,0.000121263397105775,0.0018163002582069,1.5444735079199
23.9,0.000105251986349517,0.00182337279687455,1.54464312866362
23.9333333333333,8.73653107924675e-05,0.00182804582094712,1.54481249667184
23.9666666666667,6.79286681208515e-05,0.00183028867993596,1.54498161278442
24,4.72947399682349e-05,0.00183008644824445,1.54515047785334
24.0333333333333,2.58370701646432e-05,0.00182744021265007,1.5453190927383
24.0666666666667,3.94323913149768e-06,0.00182236754108533,1.54548745830184
24.1,-1.79921430980126e-05,0.00181490252034585,1.54565557540422
24.1333333333333,-3.95745656287181e-05,0.00180509548742743,1.54582344489817
24.1666666666667,-6.04166802533643e-05,0.00179301266959054,1.54599106762392
24.2,-8.01451173796857e-05,0.00177873570663263,1.54615844440462
24.2333333333333,-9.84071095485624e-05,0.00176236105096266,1.54632557604241
24.2666666666667,-0.000114876597805297,0.00174399927552865,1.54649246331528
24.3,-0.000129259932530004,0.00172377426303289,1.54665910697486
24.3333333333333,-0.000141300889143874,0.00170182232475846,1.54682550774524
24.3666666666667,-0.00015078509880937,0.00167829120789339,1.54699166632281
24.4,-0.000157543666896974,0.00165333905605889,1.54715758337726
24.4333333333333,-0.000161456075976244,0.00162713326970084,1.54732325955341
24.4666666666667,-0.000162452199875007,0.0015998493434741,1.54748869547415
24.5,-0.000160513610740412,0.00157166963788062,1.547653891744
24.5333333333333,-0.000155674583172989,0.0015427820621516,1.54781884895343
24.5666666666667,-0.000148022184086139,0.0015133788283657,1.54798356768353
24.6,-0.000137694631204163,0.00148365517168817,1.54814804851081
24.6333333333333,-0.000124878690567016,0.00145380792986238,1.54831229201209
24.6666666666667,-0.000109806183359934,0.00142403429350168,1.54847629876903
24.7,-9.27496273886471e-05,0.00139453045883838,1.54864006937219
24.7333333333333,-7.401717687202e-05,0.00136549035048504,1.54880360442457
24.7666666666667,-5.39468850149381e-05,0.00133710434155349,1.5489669045442
24.8,-3.29005033226889e-05,0.00130955803506195,1.54912997036603
24.8333333333333,-1.1256825148403e-05,0.00128303106199579,1.54929280254268
24.8666666666667,1.05951617862448e-05,0.00125769595370813,1.54945540174439
24.9,3.2263335612792e-05,0.00123371704840773,1.54961776865787
24.9333333333333,5.33594182702713e-05,0.00121124947691705,1.54977990398437
24.9666666666667,7.35059217313315e-05,0.00119043820172195,1.54994180843697
25,9.23427601837447e-05,0.00117141713649966,1.55010348273719
25.0333333333333,0.000109533602799947,0.00115430833591022,1.55026492761121
25.0666666666667,0.000124771678325873,0.00113922126548345,1.5504261437858
25.1,0.000137785122510586,0.00112625215583757,1.55058713198415
25.1333333333333,0.000148341610522931,0.00111548343550698,1.55074789292184
25.1666666666667,0.000156252372441333,0.00110698325922615,1.55090842730318
25.2,0.000161375378416166,0.00110080511259985,1.55106873581798
25.2333333333333,0.000163617789192271,0.00109698752044428,1.55122881913894
25.2666666666667,0.00016293755109748,0.00109555382439809,1.55138867791989
25.3,0.000159344631393584,0.00109651206220259,1.55154831279473
25.3333333333333,0.000152901700048281,0.00109985462131294,1.5517077243773
25.3666666666667,0.000143723104261385,0.00110555788632827,1.55186691326208
25.4,0.000131972681540085,0.00111358244006583,1.55202588002593
25.4333333333333,0.00011786073922532,0.00112387333796979,1.55218462523068
25.4666666666667,0.000101640098725087,0.00113636051506703,1.55234314942627
25.5,8.36013863677757e-05,0.00115095932328804,1.55250145315454
25.5333333333333,6.4067669221207e-05,0.00116757113108323,1.55265953695323
25.5666666666667,4.33884748829624e-05,0.00118608405148642,1.55281740136021
25.6,2.19334226224237e-05,0.00120637373413168,1.55297504691757
25.6333333333333,8.54665123008779e-08,0.00122830425826174,1.55313247417547
25.6666666666667,-2.17659815248579e-05,0.00125172908430655,1.55328968369544
25.7,-4.32320714956424e-05,0.00127649208494775,1.55344667605315
25.7333333333333,-6.39313886784433e-05,0.00130242862330488,1.55360345184032
25.7666666666667,-8.34967305411125e-05,0.00132936668889687,1.55376001166583
25.8,-0.000101581495926675,0.00135712806819069,1.55391635615582
25.8333333333333,-0.00011786575923827,0.00138552955060206,1.5540724859529
25.8666666666667,-0.000132061755939119,0.00141438415595112,1.55422840171446
25.9,-0.000143918866649238,0.00144350237566207,1.55438410411011
25.9333333333333,-0.000153227859980531,0.00147269342194561,1.55453959381839
25.9666666666667,-0.000159824486608976,0.00150176647048516,1.55469487152291
26,-0.00016359223097121,0.00153053189770217,1.55484993790807
26.0333333333333,-0.000164464309724123,0.00155880249331826,1.55500479365458
26.0666666666667,-0.000162424884973016,0.00158639467274285,1.55515943943487
26.1,-0.000157510074017592,0.00161312956941572,1.55531387590891
26.1333333333333,-0.000149807938886779,0.00163883421456546,1.55546810372013
26.1666666666667,-0.000139456823684024,0.00166334262521744,1.55562212349203
26.2,-0.000126642757086848,0.00168649676717744,1.55577593582541
26.2333333333333,-0.000111595979960406,0.00170814755851059,1.55592954129653
26.2666666666667,-9.45866496011406e-05,0.00172815576929084,1.55608294045613
26.3,-7.59198070645111e-05,0.00174639285978636,1.55623613382945
26.3333333333333,-5.5929762087298e-05,0.00176274176057699,1.5563891219173
26.3666666666667,-3.49739258903921e-05,0.00177709757136733,1.55654190519797
26.4,-1.34263224102937e-05,0.001789368189656,1.55669448413015
26.4333333333333,8.32922269525758e-06,0.0017994748623929,1.55684685915645
26.4666666666667,2.99059442463384e-05,0.00180735265394532,1.55699903070765
26.5,5.09210797272595e-05,0.00181295083942299,1.55715099920727
26.5333333333333,7.1002603327346e-05,0.00181623320522314,1.55730276507644
26.5666666666667,8.97958060553912e-05,0.00181717827701791,1.55745432873873
26.6,0.000106969446661277,0.0018157794965103,1.55760569062482
26.6333333333333,0.000122221489727993,0.0018120456319906,1.55775685117681
26.6666666666667,0.000135284330225892,0.00180600103962813,1.55790781085207
26.7,0.000145929351760948,0.00179768553735248,1.5580585701262
26.7333333333333,0.000153970780291472,0.0017871541076793,1.5582091294952
26.7666666666667,0.000159268879016012,0.00177447653808187,1.55835948947668
26.8,0.000161732258272341,0.00175973692807301,1.5585096506101
26.8333333333333,0.000161319461648693,0.0017430331128925,1.5586596134559
26.8666666666667,0.000158040071512091,0.00172447598937963,1.55880937859374
26.9,0.000151955366332355,0.00170418875937418,1.55895894661978
26.9333333333333,0.000143177330771423,0.00168230600970455,1.55910831814325
26.9666666666667,0.000131866499541071,0.00165897289553439,1.5592574937824
27,0.000118228940601386,0.00163434406905828,1.55940647416006
27.0333333333333,0.000102512376794629,0.00160858263815372,1.55955525989901
27.0666666666667,8.50015703713488e-05,0.00158185906165518,1.55970385161728
27.1,6.60130093302649e-05,0.0015543499870353,1.55985224992375
27.1333333333333,4.5889087132344e-05,0.00152623706060852,1.56000045541405
27.1666666666667,2.49917887998499e-05,0.00149770570587371,1.56014846866712
27.2,3.69613028529543e-06,0.00146894388762014,1.56029629024243
27.2333333333333,-1.76166620633929e-05,0.00144014085835023,1.5604439206781
27.2666666666667,-3.85659524517292e-05,0.00141148591511575,1.56059136048985
27.3,-5.87785168027102e-05,0.00138316714733584,1.56073861017096
27.3333333333333,-7.78950939838907e-05,0.0013553702194245,1.56088567019306
27.3666666666667,-9.55767300701806e-05,0.00132827715316849,1.56103254100791
27.4,-0.000111510635538051,0.00130206516662924,1.5611792230498
27.4333333333333,-0.000125415634829487,0.00127690552164468,1.56132571673872
27.4666666666667,-0.000137046955835265,0.00125296244653216,1.56147202248395
27.5,-0.000146200446653447,0.00123039207615589,1.56161814068799
27.5333333333333,-0.000152716008749008,0.00120934148252011,1.56176407175061
27.5666666666667,-0.000156480332783327,0.00118994773136926,1.56190981607281
27.6,-0.000157428778665965,0.00117233704115005,1.5620553740606
27.6333333333333,-0.000155546573576651,0.0011566239961566,1.5622007461283
27.6666666666667,-0.000150869712209612,0.00114291078156882,1.56234593270139
27.7,-0.000143484918448893,0.00113128660149748,1.56249093421858
27.7333333333333,-0.000133527991737951,0.00112182715183527,1.56263575113307
27.7666666666667,-0.000121181240160697,0.00111459406558167,1.562780383913
27.8,-0.000106670063376335,0.00110963459116306,1.56292483304099
27.8333333333333,-9.02587092385248e-05,0.00110698126919999,1.56306909901284
27.8666666666667,-7.2245365169321e-05,0.00110665173554406,1.56321318233549
27.9,-5.29566146762632e-05,0.00110864849959132,1.56335708352431
27.9333333333333,-3.27413964682272e-05,0.001112958512514,1.56350080309984
27.9666666666667,-1.19646731591371e-05,0.00111955302830516,1.56364434158422
28,8.99924151540741e-06,0.00112838781670386,1.56378769949729
28.0333333333333,2.97734587162533e-05,0.00113940347954285,1.56393087735281
28.0666666666667,4.99852090475313e-05,0.00115252587422866,1.5640738756548
28.1,6.92725272149279e-05,0.00116766665049606,1.56421669489437
28.1333333333333,8.72905890997893e-05,0.00118472388047298,1.56435933554698
28.1666666666667,0.000103717799484491,0.00120358279798396,1.5645017980705
28.2,0.000118261345306422,0.00122411661017991,1.56464408290398
28.2333333333333,0.000130662302100594,0.00124618741353778,1.56478619046732
28.2666666666667,0.000140700047508246,0.00126964715939393,1.56492812116182
28.3,0.000148196074751542,0.00129433871467572,1.56506987537154
28.3333333333333,0.000153017002943557,0.00132009694913106,1.56521145346552
28.3666666666667,0.000155076874413767,0.00134674990525625,1.56535285580068
28.4,0.000154338630205723,0.00137411996680632,1.56549408272526
28.4333333333333,0.000150815241010485,0.00140202512320247,1.56563513458268
28.4666666666667,0.000144570214264476,0.00143028016740093,1.56577601171564
28.5,0.000135716543379239,0.00145869795583457,1.56591671447031
28.5333333333333,0.00012441453257796,0.00148709070887451,1.56605724320036
28.5666666666667,0.000110868800959048,0.00151527123031254,1.56619759827065
28.6,9.53244576079847e-05,0.00154305414123015,1.56633778006048
28.6333333333333,7.80625158201647e-05,0.00157025711835244,1.56647778896607
28.6666666666667,5.93946992068966e-05,0.00159670205492417,1.56661762540225
28.7,3.96576642415127e-05,0.00162221622636319,1.56675728980336
28.7333333333333,1.92068574975416e-05,0.00164663337768297,1.56689678262313
28.7666666666667,-1.58999366455263e-06,0.00166979478672322,1.56703610433366
28.8,-2.23594940801288e-05,0.00169155024916673,1.56717525542354
28.8333333333333,-4.27293271155868e-05,0.00171175901928524,1.56731423639512
28.8666666666667,-6.23348487154505e-05,0.00173029067070694,1.56745304776112
28.9,-8.08255850375995e-05,0.0017470258960803,1.56759169004067
28.9333333333333,-9.78713468920145e-05,0.00176185722691039,1.56773016375501
28.9666666666667,-0.000113168037622998,0.00177468967763615,1.56786846942295
29,-0.000126442885525419,0.00178544131151587,1.56800660755639
29.0333333333333,-0.000137459190413052,0.00179404371871907,1.56814457865599
29.0666666666667,-0.000146020348952974,0.00180044241874189,1.56828238320732
29.1,-0.000151973252445581,0.00180459716576725,1.56842002167741
29.1333333333333,-0.000155210867304346,0.00180648218139641,1.56855749451216
29.1666666666667,-0.000155674088368169,0.00180608629462304,1.56869480213446
29.2,-0.000153352871525204,0.00180341321091694,1.56883194494321
29.2333333333333,-0.000148287179747807,0.00179848177832211,1.56896892331335
29.2666666666667,-0.000140566686139049,0.00179132611800065,1.56910573759673
29.3,-0.000130329174133607,0.00178199518922045,1.56924238812402
29.3333333333333,-0.000117757906276837,0.00177055247679466,1.56937887520741
29.3666666666667,-0.00010307821443746,0.00175707554093522,1.569515199144
29.4,-8.65533216878472e-05,0.00174165543496956,1.56965136021977
29.4333333333333,-6.84794423498724e-05,0.00172439604449282,1.56978735871393
29.4666666666667,-4.91803425624695e-05,0.00170541335283229,1.56992319490342
29.5,-2.90013762774767e-05,0.00168483460347624,1.57005886906746
29.5333333333333,-8.30322231179198e-06,0.00166279741184329,1.57019438149182
29.5666666666667,1.25446792149824e-05,0.0016394487923921,1.57032973247275
29.6,3.31707299252594e-05,0.00161494414356702,1.57046492232029
29.6333333333333,5.32078453036676e-05,0.00158944617049821,1.57059995136091
29.6666666666667,7.22999169951951e-05,0.00156312377648678,1.57073481993934
29.7,9.01081204626835e-05,0.00153615091410982,1.57086952841955
29.7333333333333,0.000106316792408467,0.00150870541713749,1.57100407718474
29.7666666666667,0.000120638952470805,0.00148096781357955,1.57113846663659
29.8,0.000132821214981977,0.0014531201317928,1.57127269719353
29.8333333333333,0.000142648176574855,0.00142534470810588,1.57140676928834
29.8666666666667,0.000149946061358201,0.00139782299968336,1.57154068336518
29.9,0.000154585711905163,0.00137073441748809,1.57167443987597
29.9333333333333,0.00015648475485356,0.0013442551763011,1.5718080392767
29.9666666666667,0.000155609070173327,0.00131855717279514,1.57194148202336
30,0.000151973858185657,0.0012938069376828,1.57207476856806
