0,0,0,0.00417237235072321
0.0333333333333333,-0.0314633621608161,-6.09652296953479e-09,0.00417237101555656
0.0666666666666667,-0.0314631784707481,-2.43580980906211e-08,0.00417236701051138
0.1,-0.0314628718385899,-5.48676231495234e-08,0.00417236033672452
0.133333333333333,-0.0314624417484078,-9.82087247657949e-08,0.00417235099595814
0.166666666666667,-0.0314618877933619,-1.55847077970214e-07,0.00417233899054281
0.2,-0.0314612098357349,-2.30331627498401e-07,0.00417232432312176
0.233333333333333,-0.031460408106888,-3.25287514276948e-07,0.00417230699628135
0.266666666666667,-0.0314594832577089,-4.45272114605114e-07,0.00417228701269323
0.3,-0.0314584363806028,-5.9558517119182e-07,0.00417226437463114
0.333333333333333,-0.0314572690200358,-7.82096530316245e-07,0.00417223908408459
0.366666666666667,-0.0314559831807344,-1.01111978881296e-06,0.00417221114238941
0.4,-0.0314545813364481,-1.28933583367491e-06,0.0041721805505972
0.433333333333333,-0.0314530664388549,-1.62375850126101e-06,0.00417214730924798
0.466666666666667,-0.0314514419249414,-2.02173119221577e-06,0.00417211141854068
0.5,-0.0314497117210633,-2.49094402930694e-06,0.00417207287850374
0.533333333333333,-0.0314478802422189,-3.0394629631364e-06,0.00417203168930769
0.566666666666667,-0.0314459523855265,-3.67576441195894e-06,0.00417198785123674
0.6,-0.0314439335173157,-4.4087705459786e-06,0.00417194136497301
0.633333333333333,-0.031441829453603,-5.24788155242817e-06,0.00417189223188075
0.666666666666667,-0.0314396464340083,-6.20300204419444e-06,0.00417184045420527
0.7,-0.0314373910894,-7.284559373405e-06,0.00417178603490242
0.733333333333333,-0.0314350704037639,-8.50351202774657e-06,0.0041717289780081
0.766666666666667,-0.0314326916709029,-9.8713467302225e-06,0.00417166928858137
0.8,-0.0314302624467505,-1.14000630949129e-05,0.00417160697256236
0.833333333333333,-0.0314277904981065,-1.31021450737734e-05,0.00417154203668701
0.866666666666667,-0.0314252837488272,-1.49905186568183e-05,0.00417147448825972
0.9,-0.0314227502243899,-1.70784956623274e-05,0.00417140433498275
0.933333333333333,-0.031420197995873,-1.93797048226585e-05,0.00417133158441629
0.966666666666667,-0.0314176351241979,-2.19080160277219e-05,0.00417125624363734
1,-0.0314150696052714,-2.46774484583337e-05,0.00417117831901237
1.03333333333333,-0.0314125093187859,-2.77020560486632e-05,0.00417109781520253
1.06666666666667,-0.0314099619791243,-3.0995807418957e-05,0.00417101473499315
1.1,-0.0314074350922477,-3.45724522525515e-05,0.00417092907866845
1.13333333333333,-0.0314049359168315,-3.84453843357245e-05,0.00417084084361363
1.16666666666667,-0.0314024714318172,-4.26275000869197e-05,0.00417075002366118
1.2,-0.0314000483106049,-4.71310575528433e-05,0.0041706566089772
1.23333333333333,-0.0313976729010696,-5.196753856305e-05,0.00417056058563503
1.26666666666667,-0.0313953512120862,-5.71475168703508e-05,0.0041704619355869
1.3,-0.0313930889063958,-6.26805341935573e-05,0.00417036063669229
1.33333333333333,-0.031390891299005,-6.85749880393292e-05,0.00417025666271797
1.36666666666667,-0.0313887633614801,-7.48380314925644e-05,0.00417014998404852
1.4,-0.0313867097294777,-8.14754896608406e-05,0.00417004056805581
1.43333333333333,-0.0313847347158399,-8.84917902191085e-05,0.00416992837983798
1.46666666666667,-0.0313828423258109,-9.58899121979301e-05,0.00416981338318578
1.5,-0.0313810362747652,-0.000103671352477616,0.00416969554186153
1.53333333333333,-0.031379320007246,-0.000111836106058104,0.00416957482053704
1.56666666666667,-0.031377696717436,-0.000120382664108395,0.00416945118632839
1.6,-0.0313761693720014,-0.00012930803652679,0.00416932461001807
1.63333333333333,-0.0313747407308321,-0.000138607793845329,0.00416919506764657
1.66666666666667,-0.0313734133636457,-0.000148276125105103,0.00416906254130822
1.7,8.91881215664969e-05,-0.000157370974188574,0.00416892698635252
1.73333333333333,8.66619152935788e-05,-0.000164726768415689,0.00416878866019488
1.76666666666667,8.44623772306707e-05,-0.000171131450024356,0.0041686476589291
1.8,8.25119170716759e-05,-0.000176806038582458,0.00416850396095469
1.83333333333333,8.07569901349614e-05,-0.000181902941965482,0.00416835755027023
1.86666666666667,7.9159064271056e-05,-0.000186531592476964,0.0041682084163881
1.9,7.76894803033723e-05,-0.000190773060408263,0.00416805655419239
1.93333333333333,7.63263485935584e-05,-0.000194688899855355,0.00416790196368311
1.96666666666667,7.50525833455029e-05,-0.000198326770832594,0.00416774465017511
2,7.3854609127344e-05,-0.000201724159939964,0.00416758462390021
2.03333333333333,7.27214812961952e-05,-0.00020491092977124,0.0041674218998935
2.06666666666667,7.16442692197672e-05,-0.000207911119345564,0.00416725649790806
2.1,7.06156137816882e-05,-0.000210744249949382,0.00416708844181812
2.13333333333333,6.96294033295519e-05,-0.000213426295059417,0.00416691775922118
2.16666666666667,6.86805318111938e-05,-0.000215970416657085,0.00416674448112531
2.2,6.77647152219629e-05,-0.000218387535074643,0.00416656864121023
2.23333333333333,6.68783502899561e-05,-0.000220686777240148,0.00416639027497467
2.26666666666667,6.60184039909251e-05,-0.000222875835095376,0.00416620941939527
2.3,6.5182326035973e-05,-0.000224961255811507,0.00416602611164762
2.33333333333333,6.43679787576124e-05,-0.000226948678963765,0.00416584038867995
2.36666666666667,6.35735800413872e-05,-0.00022884303258619,0.00416565228599097
2.4,6.27976565033272e-05,-0.000230648695390835,0.0041654618371183
2.43333333333333,6.20390043876706e-05,-0.000232369632108556,0.00416526907244474
2.46666666666667,6.12966566960194e-05,-0.000234009505559907,0.00416507401857302
2.5,6.05698549747957e-05,-0.00023557176996248,0.00416487669767207
2.53333333333333,5.98580249515646e-05,-0.000237059747339168,0.0041646771265107
2.56666666666667,5.91607551359286e-05,-0.000238476689511831,0.00416447531617337
2.6,5.84777777963008e-05,-0.000239825827350423,0.00416427127120755
2.63333333333333,5.78089519275848e-05,-0.000241110411330715,0.00416406498962374
2.66666666666667,5.71542472700415e-05,-0.000242333746831296,0.00416385646215645
2.7,5.65137309035402e-05,-0.000243499213521597,0.00416364567217897
2.73333333333333,5.58875528925973e-05,-0.000244610271799964,0.00416343259587393
2.76666666666667,5.52759346120202e-05,-0.000245670461357924,0.00416321720229007
2.8,5.46791564667581e-05,-0.000246683392006366,0.00416299945371179
2.83333333333333,5.40975466636895e-05,-0.000247652728217387,0.00416277930628439
2.86666666666667,5.35314704098455e-05,-0.000248582168316847,0.00416255671035515
2.9,5.29813194782847e-05,-0.000249475419231497,0.00416233161158175
2.93333333333333,5.24475022007365e-05,-0.000250336167921857,0.00416210395127337
2.96666666666667,5.19304339574589e-05,-0.000251168050906252,0.00416187366761278
3,5.14305277246052e-05,-0.000251974621253516,0.00416164069653746
3.03333333333333,5.09481854640281e-05,-0.000252759316540978,0.00416140497264905
3.06666666666667,5.04837894997334e-05,-0.00025352542582387,0.00416116643017972
3.1,5.00376945542502e-05,-0.000254276058422976,0.00416092500410059
3.13333333333333,4.96102203109139e-05,-0.000255014114692784,0.00416068063105968
3.16666666666667,4.92016441763221e-05,-0.000255742258242798,0.00416043325034821
3.2,4.88121947368469e-05,-0.000256462891740247,0.00416018280481012
3.23333333333333,4.84420456530188e-05,-0.000257178135867758,0.00415992924189368
3.26666666666667,4.80913102452463e-05,-0.000257889812124282,0.004159672514362
3.3,4.77600364692243e-05,-0.000258599429420629,0.00415941258106045
3.33333333333333,4.74482027055245e-05,-0.000259308175178705,0.00415914940774087
3.36666666666667,4.71557138717604e-05,-0.000260016909948764,0.00415888296774369
3.4,4.6882395744241e-05,-0.000260726162259653,0.00415861324256639
3.43333333333333,4.66279900582789e-05,-0.000261436127342141,0.00415834022254558
3.46666666666667,4.63921520989508e-05,-0.000262146677169714,0.0041580639074823
3.5,4.61744498831962e-05,-0.000262857376925593,0.00415778430641467
3.53333333333333,4.59743648195121e-05,-0.000263567505647162,0.00415750143790206
3.56666666666667,4.57912926461468e-05,-0.000264276082135518,0.00415721532985458
3.6,4.56245455884852e-05,-0.00026498189470326,0.00415692601919204
3.63333333333333,4.54733553013065e-05,-0.000265683534663608,0.00415663355147444
3.66666666666667,4.53368766903939e-05,-0.000266379432345488,0.00415633798013459
3.7,4.52141925091354e-05,-0.00026706789557724,0.00415603936599496
3.73333333333333,4.51043187039146e-05,-0.000267747149084997,0.00415573777610234
3.76666666666667,4.50062104522808e-05,-0.000268415374962969,0.00415543328284684
3.8,4.49187687609209e-05,-0.000269070752506605,0.00415512596282497
3.83333333333333,4.48408476685647e-05,-0.000269711497728404,0.00415481589558908
3.86666666666667,4.47712617931972e-05,-0.000270335900853378,0.00415450316256738
3.9,4.4708794374626e-05,-0.000270942362243558,0.00415418784544386
3.93333333333333,4.4652205444029e-05,-0.000271529425169326,0.00415387002504986
3.96666666666667,4.46002403631518e-05,-0.000272095805960777,0.00415354978011351
4,4.45516382840405e-05,-0.000272640420164592,0.00415322718566813
4.03333333333333,4.45051408449748e-05,-0.000273162405266029,0.00415290231219956
4.06666666666667,4.44595006004189e-05,-0.000273661138869893,0.0041525752242535
4.1,4.44134895544179e-05,-0.000274136252868793,0.00415224597949759
4.13333333333333,4.43659072675295e-05,-0.000274587642799907,0.00415191462769826
4.16666666666667,4.43155889399138e-05,-0.000275015472922135,0.0041515812100954
4.2,4.42614128800811e-05,-0.000275420178605768,0.00415124575872028
4.23333333333333,4.420230828725e-05,-0.000275802467901161,0.0041509082955713
4.26666666666667,4.41372611535151e-05,-0.000276163313546962,0.00415056883230136
4.3,4.40653217173292e-05,-0.000276503937057363,0.00415022737050208
4.33333333333333,4.39856097987079e-05,-0.000276825788416969,0.00414988390141957
4.36666666666667,4.38973202069037e-05,-0.000277130521251175,0.00414953840669341
4.4,4.37997275350988e-05,-0.000277419964327986,0.00414919085875454
4.43333333333333,4.3692190318162e-05,-0.000277696089645622,0.00414884122145054
4.46666666666667,4.35741545149193e-05,-0.000277960978340675,0.00414848945115409
4.5,4.34451564624294e-05,-0.000278216784439267,0.00414813549753035
4.53333333333333,4.33048250894907e-05,-0.000278465697968207,0.00414777930481591
4.56666666666667,4.31528835660444e-05,-0.000278709907273848,0.00414742081278519
4.6,4.29891502679858e-05,-0.000278951562175058,0.00414705995822828
4.63333333333333,4.28135393308604e-05,-0.000279192737670029,0.00414669667603107
4.66666666666667,4.26260626558428e-05,-0.000279435399613552,0.00414633090036887
4.7,4.24268323919452e-05,-0.000279681372364941,0.00414596256601385
4.73333333333333,4.22160597027543e-05,-0.000279932309469644,0.00414559160941508
4.76666666666667,4.19940519186535e-05,-0.000280189666739206,0.00414521796997747
4.8,4.17612093156217e-05,-0.000280454679792205,0.00414484159108497
4.83333333333333,4.1518020970438e-05,-0.000280728344732615,0.00414446242120903
4.86666666666667,4.12650601098463e-05,-0.000281011403345511,0.00414408041484648
4.9,4.10029787185628e-05,-0.000281304332186354,0.00414369553325855
4.93333333333333,4.07325017937332e-05,-0.000281607333974452,0.00414330774549398
4.96666666666667,4.04544206495105e-05,-0.000281920329825259,0.00414291702898595
5,4.01695869604313e-05,-0.000282242960959887,0.0041425233703194
5.03333333333333,3.98789047617587e-05,-0.000282574597839605,0.0041421267651458
5.06666666666667,3.95833236512821e-05,-0.000282914354115506,0.00414172721858108
5.1,3.92838311617516e-05,-0.000283261105487952,0.00414132474480766
5.13333333333333,3.89814451357551e-05,-0.00028361351292305,0.00414091936687555
5.16666666666667,3.86772060202434e-05,-0.000283970049896746,0.00414051111616232
5.2,3.83721692910621e-05,-0.000284329032719027,0.00414010003154885
5.23333333333333,3.80673977944113e-05,-0.000284688653790479,0.00413968615868043
5.26666666666667,3.77639543903963e-05,-0.000285047016485239,0.0041392695489435
5.3,3.74628946258615e-05,-0.000285402171679183,0.00413885025807303
5.33333333333333,3.71652597648819e-05,-0.000285752154415583,0.00413842834518618
5.36666666666667,3.68720699786551e-05,-0.000286095020893693,0.00413800387110541
5.4,3.65843179216396e-05,-0.000286428884201686,0.00413757689730687
5.43333333333333,3.6302962573842e-05,-0.000286751949130675,0.00413714748401617
5.46666666666667,3.60289234820899e-05,-0.000287062544537458,0.0041367156893557
5.5,3.57630753511917e-05,-0.000287359153706344,0.00413628156726986
5.53333333333333,3.55062430344999e-05,-0.000287640441319161,0.00413584516675769
5.56666666666667,3.52591969360883e-05,-0.00028790527754587,0.00413540653019595
5.6,3.50226488026184e-05,-0.00028815275807683,0.00413496569251492
5.63333333333333,3.47972479709524e-05,-0.000288382220615363,0.00413452267989101
5.66666666666667,3.45835779886894e-05,-0.000288593256912564,0.004134077509093
5.7,3.43821537187594e-05,-0.000288785720883658,0.00413363018685686
5.73333333333333,3.41934187104709e-05,-0.00028895973405775,0.00413318070908986
5.76666666666667,3.40177436425337e-05,-0.00028911569080111,0.00413272906044426
5.8,3.3855423619833e-05,-0.000289254254564466,0.0041322752142321
5.83333333333333,3.3706678016332e-05,-0.000289376346178195,0.00413181913273775
5.86666666666667,3.35716491470239e-05,-0.000289483127512657,0.00413136076744536
5.9,3.34504018050796e-05,-0.00028957598058375,0.00413090006003358
5.93333333333333,3.33429228272508e-05,-0.000289656482575396,0.00413043694314297
5.96666666666667,3.32491186634809e-05,-0.000289726377536829,0.00412997134188231
6,3.31688141406716e-05,-0.000289787544618487,0.00412950317510763
6.03333333333333,3.31017538338085e-05,-0.000289841964724744,0.00412903235678641
6.06666666666667,3.30476039926975e-05,-0.000289891685404412,0.00412855879778817
6.1,3.30059548819261e-05,-0.000289938784471348,0.00412808240753293
6.13333333333333,3.29763236298075e-05,-0.000289985334036905,0.0041276030955828
6.16666666666667,3.29581575344018e-05,-0.000290033364447067,0.00412712077363153
6.2,3.29508377814869e-05,-0.000290084829785642,0.00412663535689717
6.23333333333333,3.29536835573796e-05,-0.000290141574590976,0.00412614676608314
6.26666666666667,3.29659565346252e-05,-0.000290205303210965,0.00412565492879935
6.3,3.29868656669396e-05,-0.000290277551383243,0.00412515978112538
6.33333333333333,3.30155723070602e-05,-0.000290359661315704,0.00412466126888944
6.36666666666667,3.3051195549888e-05,-0.000290452759793489,0.00412415934906107
6.4,3.3092817837338e-05,-0.000290557740374432,0.00412365399063219
6.43333333333333,3.31394907066573e-05,-0.000290675249202205,0.0041231451756687
6.46666666666667,3.31902407316453e-05,-0.00029080567519861,0.00412263289990733
6.5,3.32440756786456e-05,-0.000290949142830878,0.00412211717338096
6.53333333333333,3.32999899255171e-05,-0.000291105504977074,0.0041215980211291
6.56666666666667,3.33569718300453e-05,-0.00029127434323423,0.00412107548322638
6.6,3.34140088376622e-05,-0.00029145497694354,0.00412054961483932
6.63333333333333,3.347009382762e-05,-0.000291646476955235,0.00412002048548743
6.66666666666667,3.35242313703465e-05,-0.000291847683953499,0.00411948817844632
6.7,3.35754434820645e-05,-0.000292057231171018,0.00411895278975294
6.73333333333333,3.3622775551273e-05,-0.000292273570654724,0.00411841442686978
6.76666666666667,3.36653020140687e-05,-0.000292495002896739,0.00411787320723533
6.8,3.37021318644326e-05,-0.000292719708724536,0.00411732925670094
6.83333333333333,3.37324139872974e-05,-0.000292945783372578,0.00411678270745597
6.86666666666667,3.37553422278536e-05,-0.000293171271381696,0.00411623369626568
6.9,3.37701602565188e-05,-0.000293394202405559,0.00411568236216908
6.93333333333333,3.37761660971492e-05,-0.000293612626447106,0.00411512884443255
6.96666666666667,3.37727164327339e-05,-0.000293824648755039,0.00411457328033293
7,3.37592305006962e-05,-0.000294028462901073,0.00411401580288384
7.03333333333333,3.37351937512442e-05,-0.000294222382392628,0.00411345653867556
7.06666666666667,3.3700161031408e-05,-0.000294404869441062,0.00411289560599926
7.1,3.36537595152231e-05,-0.000294574561321832,0.00411233311251635
7.13333333333333,3.35956911073909e-05,-0.000294730293124573,0.00411176915378064
7.16666666666667,3.35257345742135e-05,-0.000294871117359295,0.00411120381150454
7.2,3.34437471085913e-05,-0.000294996319450694,0.00411063715199589
7.23333333333333,3.33496659024046e-05,-0.000295105429618095,0.00411006922510637
7.26666666666667,3.32435112020413e-05,-0.000295198230096161,0.00410950006326516
7.3,3.31253889245819e-05,-0.000295274759724885,0.00410892968065468
7.33333333333333,3.29954908757368e-05,-0.000295335317480622,0.00410835807235799
7.36666666666667,3.28540931029131e-05,-0.000295380461038993,0.00410778521441557
7.4,3.27015542653797e-05,-0.000295410996074476,0.00410721106382539
7.43333333333333,3.25383137471658e-05,-0.00029542796069609,0.00410663555956603
7.46666666666667,3.23648883779892e-05,-0.000295432605793934,0.00410605862307989
7.5,3.21818690529607e-05,-0.000295426371220219,0.00410548016009216
7.53333333333333,3.19899166092985e-05,-0.000295410858835537,0.00410490006200348
7.56666666666667,3.17897572070514e-05,-0.000295387802512811,0.00410431820751
7.6,3.15821772240155e-05,-0.000295359036273912,0.00410373446487711
7.63333333333333,3.13680176855791e-05,-0.000295326460567572,0.00410314869407102
7.66666666666667,3.11481683228088e-05,-0.000295292008076199,0.00410256074903259
7.7,3.09235612352132e-05,-0.000295257608907036,0.0041019704799794
7.73333333333333,3.06951643290476e-05,-0.000295225156647524,0.00410137773593533
7.76666666666667,3.0463974423911e-05,-0.000295196475001938,0.00410078236703271
7.8,3.02310102927583e-05,-0.000295173286465122,0.00410018422678604
7.83333333333333,2.99973054431746e-05,-0.000295157182642194,0.00409958317447945
7.86666666666667,2.97639009830541e-05,-0.000295149597551319,0.00409897907729828
7.9,2.95318383077559e-05,-0.000295151783454527,0.00409837181206285
7.93333333333333,2.93021520103853e-05,-0.000295164790362387,0.00409776126738848
7.96666666666667,2.90758626969589e-05,-0.000295189448744446,0.004097147345135
8,2.8853970145265e-05,-0.00029522635634854,0.00409652996168575
8.03333333333333,2.86374464529837e-05,-0.000295275868683602,0.00409590904928336
8.06666666666667,2.84272297503274e-05,-0.000295338092895784,0.00409528455708141
8.1,2.82242174331482e-05,-0.000295412881740845,0.00409465645176965
8.13333333333333,2.8029260798812e-05,-0.000295499833524521,0.00409402471865405
8.16666666666667,2.78431593352946e-05,-0.000295598300701472,0.00409338936131576
8.2,2.76666553517546e-05,-0.00029570740290465,0.00409275040149737
8.23333333333333,2.75004293000536e-05,-0.000295826044322361,0.00409210787850611
8.26666666666667,2.73450954532128e-05,-0.000295952935122371,0.0040914618481338
8.3,2.72011979489672e-05,-0.000296086616477396,0.00409081238171893
8.33333333333333,2.70692074710865e-05,-0.000296225488365734,0.00409015956438452
8.36666666666667,2.69495182637636e-05,-0.000296367840025387,0.00408950349364545
8.4,2.68424457814387e-05,-0.000296511881848685,0.00408884427716316
8.43333333333333,2.6748224755957e-05,-0.000296655778758729,0.00408818203089822
8.46666666666667,2.6667007849368e-05,-0.000296797683673872,0.00408751687686504
8.5,2.65988647496496e-05,-0.000296935771247857,0.00408684894085809
8.53333333333333,2.65437807406843e-05,-0.000297068270399258,0.00408617835017822
8.56666666666667,2.65016537905893e-05,-0.000297193496211996,0.00408550523135887
8.6,2.64722942778794e-05,-0.000297309878968588,0.0040848297080629
8.63333333333333,2.64554267483952e-05,-0.000297415992191363,0.004084151898752
8.66666666666667,2.64506921171526e-05,-0.000297510576906648,0.00408347191466873
8.7,2.64576505965564e-05,-0.000297592563438108,0.00408278985793231
8.73333333333333,2.64757851487496e-05,-0.000297661089536248,0.00408210581969115
8.76666666666667,2.65045056236368e-05,-0.000297715515146117,0.00408141987878707
8.8,2.65431532815996e-05,-0.000297755433110447,0.00408073210024895
8.83333333333333,2.6591005947374e-05,-0.000297780676267352,0.00408004253438321
8.86666666666667,2.6647283372927e-05,-0.000297791322141316,0.0040793512159496
8.9,2.67111535451892e-05,-0.000297787696898016,0.00407865816305275
8.93333333333333,2.67817380099067e-05,-0.000297770371049142,0.00407796337734112
8.96666666666667,2.68581192824635e-05,-0.00029774014845976,0.00407726684395016
9,2.69393469982115e-05,-0.000297698051180153,0.00407656853218441
9.03333333333333,2.70244447846679e-05,-0.000297645300138743,0.00407586839654073
9.06666666666667,2.71124171681569e-05,-0.000297583292250736,0.00407516637795879
9.1,2.72022565039054e-05,-0.000297513574208841,0.00407446240532749
9.13333333333333,2.72929497970309e-05,-0.00029743781390026,0.00407375639724705
9.16666666666667,2.73834855871458e-05,-0.000297357769536275,0.00407304826393329
9.2,2.74728605672014e-05,-0.000297275257719429,0.00407233790949135
9.23333333333333,2.75600861668612e-05,-0.000297192120387558,0.00407162523390525
9.26666666666667,2.76441948253714e-05,-0.000297110192007354,0.00407091013565264
9.3,2.77242461098892e-05,-0.000297031266810762,0.00407019251358065
9.33333333333333,2.77993324968029e-05,-0.000296957067483623,0.00406947226937859
9.36666666666667,2.78685848991433e-05,-0.000296889214973121,0.00406874930982326
9.4,2.79311778402236e-05,-0.000296829200760736,0.00406802354868319
9.43333333333333,2.79863342924624e-05,-0.000296778361177818,0.00406729490870816
9.46666666666667,2.80333301553304e-05,-0.00029673785496756,0.00406656332344824
9.5,2.80714983344477e-05,-0.000296708643628279,0.00406582873876005
9.53333333333333,2.81002324608037e-05,-0.000296691475539262,0.00406509111408582
9.56666666666667,2.81189901634726e-05,-0.000296686873410668,0.00406435042378916
9.6,2.81272959873069e-05,-0.000296695125743856,0.0040636066576667
9.63333333333333,2.81247439210819e-05,-0.000296716280219971,0.00406285982188592
9.66666666666667,2.81109990351025e-05,-0.000296750137932376,0.0040621099396958
9.7,2.80857999472028e-05,-0.000296796255295231,0.00406135705148358
9.73333333333333,2.80489592412447e-05,-0.000296853952940521,0.00406060121429164
9.76666666666667,2.80003645297955e-05,-0.000296922328718752,0.0040598425012206
9.8,2.79399791021373e-05,-0.000297000274926087,0.00405908100020724
9.83333333333333,2.78678434556812e-05,-0.000297086499307781,0.00405831681266022
9.86666666666667,2.77840774529359e-05,-0.000297179549453484,0.00405755005152741
9.9,2.76888795905372e-05,-0.000297277840041011,0.00405678083942007
9.93333333333333,2.75825252698259e-05,-0.000297379681948519,0.00405600930628225
9.96666666666667,2.74653647149847e-05,-0.000297483313581661,0.00405523558734444
10,2.73378203533015e-05,-0.000297586932697358,0.00405445982025299
10.0333333333333,2.720038368767e-05,-0.000297688729044593,0.00405368214282475
10.0666666666667,2.70536117553677e-05,-0.000297786916462027,0.00405290269014813
10.1,2.68981231464349e-05,-0.000297879764593336,0.00405212159219559
10.1333333333333,2.67345936496299e-05,-0.000297965628914973,0.00405133897126575
10.1666666666667,2.65637515509398e-05,-0.000298042979385443,0.00405055493934015
10.2,2.63863726139291e-05,-0.000298110426461225,0.00404976959612213
10.2333333333333,2.62032748063745e-05,-0.000298166744881326,0.00404898302653578
10.2666666666667,2.60153127746021e-05,-0.000298210894117888,0.00404819529921951
10.3,2.58233721562029e-05,-0.000298242035925066,0.00404740646473556
10.3333333333333,2.56283637131705e-05,-0.000298259548092979,0.004046616554092
10.3666666666667,2.54312173919025e-05,-0.000298263034822849,0.00404582557803224
10.4,2.52328762785914e-05,-0.000298252333148216,0.00404503352612551
10.4333333333333,2.50342904831446e-05,-0.00029822751743824,0.00404424036636897
10.4666666666667,2.48364115014721e-05,-0.000298188902986728,0.00404344604461926
10.5,2.46401854006595e-05,-0.000298137041889381,0.00404265048513253
10.5333333333333,2.44465477018396e-05,-0.000298072712221511,0.00404185359110443
10.5666666666667,2.42564172704407e-05,-0.000297996903299097,0.00404105524634701
10.6,2.40706905907939e-05,-0.000297910797014956,0.00404025531653929
10.6333333333333,2.38902364100291e-05,-0.00029781574554013,0.0040394536515862
10.6666666666667,2.37158903755863e-05,-0.000297713246175781,0.00403865008777871
10.7,2.35484499878647e-05,-0.000297604913498907,0.00403784445032329
10.7333333333333,2.33886697854624e-05,-0.000297492449854432,0.00403703655624099
10.7666666666667,2.32372567769978e-05,-0.000297377614223086,0.00403622621720956
10.8,2.30948662009456e-05,-0.00029726219070911,0.00403541324277512
10.8333333333333,2.29620975440437e-05,-0.000297147956538591,0.00403459744319434
10.8666666666667,2.28394909478347e-05,-0.000297036650895484,0.00403377863267451
10.9,2.27275238829372e-05,-0.000296929944357914,0.00403295663232939
10.9333333333333,2.26266082676285e-05,-0.000296829410241718,0.00403213127310664
10.9666666666667,2.25370878599307e-05,-0.000296736497513089,0.0040313023984595
11,2.24592361395271e-05,-0.000296652506471387,0.00403046986701838
11.0333333333333,2.2393254469677e-05,-0.000296578566803492,0.00402963355477937
11.0666666666667,2.23392707836556e-05,-0.00029651561903863,0.00402879335729267
11.1,2.22973383930958e-05,-0.000296464398965024,0.00402794919133953
11.1333333333333,2.2267433774259e-05,-0.000296425425983505,0.00402710099652381
11.1666666666667,2.22494539773854e-05,-0.000296398994588189,0.00402624873646573
11.2,2.22432169637021e-05,-0.000296385169111176,0.00402539239971134
11.2333333333333,2.22484621816843e-05,-0.00029638377871773,0.00402453200072728
11.2666666666667,2.2264853301035e-05,-0.000296394418061001,0.00402366757984396
11.3,2.22919794452547e-05,-0.000296416455474294,0.00402279920308501
11.3333333333333,2.23293582618522e-05,-0.000296449045529779,0.00402192696117254
11.3666666666667,2.23764393394998e-05,-0.000296491145419724,0.00402105096816285
11.4,2.24326078535619e-05,-0.000296541534988246,0.00402017135994015
11.4333333333333,2.24971888510561e-05,-0.000296598840076105,0.00401928829188591
11.4666666666667,2.25694519453978e-05,-0.000296661558349499,0.00401840193660519
11.5,2.26486163715789e-05,-0.000296728087528236,0.0040175124812265
11.5333333333333,2.27338564113e-05,-0.000296796754891121,0.00401662012441761
11.5666666666667,2.28243071315748e-05,-0.000296865848096623,0.00401572507334436
11.6,2.29190703430471e-05,-0.000296933646044071,0.00401482754023164
11.6333333333333,2.30172208304236e-05,-0.000296998449942357,0.00401392773929388
11.6666666666667,2.31178126588738e-05,-0.000297058613260376,0.00401302588323915
11.7,2.32198856959798e-05,-0.000297112570843156,0.00401212218000069
11.7333333333333,2.33224720735115e-05,-0.000297158865913437,0.00401121682949679
11.7666666666667,2.34246028019969e-05,-0.000297196175328491,0.00401031002067498
11.8,2.35253141993297e-05,-0.000297223331937265,0.00400940192858457
11.8333333333333,2.36236544060853e-05,-0.00029723934445175,0.00400849271181869
11.8666666666667,2.37186896047403e-05,-0.000297243413863314,0.00400758251004163
11.9,2.3809510258016e-05,-0.000297234946817212,0.00400667144219824
11.9333333333333,2.3895236957977e-05,-0.000297213565204273,0.00400575960460969
11.9666666666667,2.39750262277794e-05,-0.000297179112398332,0.00400484706986504
12,2.40480757996431e-05,-0.00029713165712987,0.00400393388571274
12.0333333333333,2.41136302009948e-05,-0.000297071496623932,0.00400302007395226
12.0666666666667,2.41709846858507e-05,-0.000296999152416856,0.00400210563046244
12.1,2.42194906100723e-05,-0.000296915360037973,0.00400119052565628
12.1333333333333,2.42585590380096e-05,-0.000296821054854277,0.00400027470524833
12.1666666666667,2.42876644653556e-05,-0.000296717354154357,0.0039993580919031
12.2,2.4306348116232e-05,-0.000296605535989333,0.00399844058682675
12.2333333333333,2.43142207695668e-05,-0.000296487014984951,0.00399752207201232
12.2666666666667,2.43109650920337e-05,-0.000296363316021349,0.00399660241276933
12.3,2.42963376078098e-05,-0.000296236045831638,0.00399568146025331
12.3333333333333,2.42701701124448e-05,-0.000296106863663566,0.00399475905470581
12.3666666666667,2.42323706974301e-05,-0.000295977450927024,0.00399383502826822
12.4,2.41829247964176e-05,-0.000295849481107014,0.00399290920813655
12.4333333333333,2.41218976412827e-05,-0.000295724589715081,0.00399198141982993
12.4666666666667,2.40494355015775e-05,-0.000295604345590906,0.00399105148994749
12.5,2.39657643546498e-05,-0.0002954902233087,0.00399011924946535
12.5333333333333,2.38711881041243e-05,-0.000295383577767247,0.00398918453660713
12.5666666666667,2.37660862321132e-05,-0.000295285620775868,0.0039882471994872
12.6,2.36509108885452e-05,-0.000295197400579577,0.00398730709883921
12.6333333333333,2.35261833689271e-05,-0.000295119783990484,0.0039863641102329
12.6666666666667,2.33924902112714e-05,-0.000295053442016292,0.00398541812600683
12.7,2.32504786961685e-05,-0.000294998838557541,0.0039844690571158
12.7333333333333,2.31008520791831e-05,-0.000294956222830548,0.00398351683435294
12.7666666666667,2.29443643854355e-05,-0.000294925623799902,0.00398256140965714
12.8,2.27818145003555e-05,-0.000294906845508303,0.00398160275719306
12.8333333333333,2.26140411309361e-05,-0.000294899469106071,0.00398064087369221
12.8666666666667,2.2441916067345e-05,-0.000294902861216795,0.00397967577842451
12.9,2.22663381632127e-05,-0.000294916186104093,0.00397870751223195
12.9333333333333,2.2088227180056e-05,-0.000294938421625087,0.00397773613653385
12.9666666666667,2.19085171809796e-05,-0.000294968378722277,0.00397676173190575
13,2.17281502669642e-05,-0.000295004723787644,0.00397578439600466
13.0333333333333,2.1548070099825e-05,-0.000295046003748212,0.00397480424146579
13.0666666666667,2.13692156671164e-05,-0.000295090672935674,0.00397382139328784
13.1,2.11925150307157e-05,-0.000295137121701953,0.00397283598630338
13.1333333333333,2.10188793479948e-05,-0.000295183705632804,0.00397184816185359
13.1666666666667,2.08491969844182e-05,-0.000295228775456454,0.00397085806525865
13.2,2.06843279372537e-05,-0.000295270706392277,0.00396986584223669
13.2333333333333,2.05250984486871e-05,-0.000295307927163887,0.00396887163617521
13.2666666666667,2.03722959511987e-05,-0.00029533894741382,0.00396787558494793
13.3,2.02266642889692e-05,-0.000295362383848297,0.00396687781801575
13.3333333333333,2.00888992820669e-05,-0.000295376983926426,0.00396587845361296
13.3666666666667,1.9959644638079e-05,-0.000295381647490406,0.00396487759633146
13.4,1.98394882098829e-05,-0.000295375445295676,0.00396387533476172
13.4333333333333,1.97289586572058e-05,-0.000295357634863106,0.00396287173964538
13.4666666666667,1.96285224513537e-05,-0.000295327672806871,0.00396186686211308
13.5,1.9538581326195e-05,-0.000295285224043321,0.0039608607324908
13.5333333333333,1.94594700446138e-05,-0.0002952301674474,0.00395985335941873
13.5666666666667,1.93914547483298e-05,-0.000295162600333847,0.0039588447290555
13.6,1.93347315038395e-05,-0.000295082840796563,0.00395783480456657
13.6333333333333,1.92894251828668e-05,-0.000294991422567996,0.00395682352655058
13.6666666666667,1.92555892477575e-05,-0.000294889084620227,0.00395581081389196
13.7,1.92332043186805e-05,-0.000294776757262607,0.00395479656543785
13.7333333333333,1.92221759861e-05,-0.000294655544759555,0.0039537806617318
13.7666666666667,1.92223349624321e-05,-0.000294526704314381,0.00395276296760017
13.8,1.92334384836457e-05,-0.000294391623031047,0.00395174333436898
13.8333333333333,1.92551721874268e-05,-0.00029425179203089,0.00395072160313248
13.8666666666667,1.92871524317684e-05,-0.000294108779238732,0.00394969760768049
13.9,1.93289291532395e-05,-0.000293964200767248,0.00394867117771014
13.9333333333333,1.93799891156643e-05,-0.000293819691938649,0.00394764214215115
13.9666666666667,1.94397596128271e-05,-0.000293676877934241,0.00394661033269017
14,1.95076125240612e-05,-0.000293537345245036,0.00394557558706765
14.0333333333333,1.95828687369337e-05,-0.000293402613711913,0.00394453775226111
14.0666666666667,1.96648028699398e-05,-0.000293274110355395,0.00394349668752625
14.1,1.9752648268867e-05,-0.000293153144677673,0.00394245226755174
14.1333333333333,1.98456022430515e-05,-0.000293040886543514,0.00394140438481827
14.1666666666667,1.99428314803796e-05,-0.000292938346266782,0.00394035295207118
14.2,2.00434776345126e-05,-0.000292846357854076,0.0039392979042816
14.2333333333333,2.01466629999036e-05,-0.000292765565015927,0.00393823920049385
14.2666666666667,2.02514962878431e-05,-0.000292696410698561,0.00393717682490546
14.3,2.03570784045315e-05,-0.00029263912972818,0.00393611078786194
14.3333333333333,2.04625083378984e-05,-0.000292593743849955,0.00393504112648202
14.3666666666667,2.05668884688814e-05,-0.000292560057232563,0.00393396790533984
14.4,2.06693311280981e-05,-0.000292537658598047,0.00393289121598173
14.4333333333333,2.07689632750752e-05,-0.000292525929324054,0.00393181117630093
14.4666666666667,2.08649322940568e-05,-0.000292524055358307,0.0039307279286902
14.5,2.09564112994276e-05,-0.00029253104273955,0.00392964163850706
14.5333333333333,2.10426040814504e-05,-0.000292545736381874,0.00392855249148738
14.5666666666667,2.11227500065414e-05,-0.000292566841865873,0.00392746069096006
14.6,2.11961286111784e-05,-0.000292592949479161,0.00392636645489119
14.6333333333333,2.1262063942179e-05,-0.000292622560404559,0.00392527001233134
14.6666666666667,2.13199286120402e-05,-0.000292654114050431,0.00392417159997649
14.7,2.13691475704769e-05,-0.000292686016535544,0.0039230714581322
14.7333333333333,2.14092015250744e-05,-0.000292716669180786,0.00392196982721771
14.7666666666667,2.14396300802777e-05,-0.000292744497141423,0.00392086694336058
14.8,2.14600344687899e-05,-0.00029276797698345,0.0039197630351282
14.8333333333333,2.14700800001688e-05,-0.000292785663446607,0.00391865831926452
14.8666666666667,2.14694980582297e-05,-0.000292796214236959,0.00391755299745
14.9,2.14580878143134e-05,-0.000292798413171858,0.00391644725277729
14.9333333333333,2.14357174558311e-05,-0.000292791190632639,0.00391534124685222
14.9666666666667,2.14023252001205e-05,-0.000292773641696661,0.00391423511680955
15,2.13579208917236e-05,-0.00029274504104004,0.00391312897323814
15.0333333333333,2.13025885004714e-05,-0.000292704854992366,0.003912022897822
15.0666666666667,2.12364861672532e-05,-0.000292652750276449,0.00391091694197598
15.1,2.11598451422823e-05,-0.000292588599254674,0.00390981112579425
15.1333333333333,2.10729682341981e-05,-0.000292512483673946,0.00390870543731126
15.1666666666667,2.09762279834158e-05,-0.000292424697061873,0.0039075998318765
15.2,2.08700635552228e-05,-0.000292325740032087,0.00390649423277978
15.2333333333333,2.0754978415638e-05,-0.000292216310409151,0.00390538853216071
15.2666666666667,2.06315364437437e-05,-0.000292097289864936,0.00390428259302666
15.3,2.05003580802943e-05,-0.000291969727076506,0.00390317625132752
15.3333333333333,2.03621160783929e-05,-0.000291834817948481,0.00390206931859893
15.3666666666667,2.02175308036123e-05,-0.000291693883070892,0.00390096158525921
15.4,2.00673652570593e-05,-0.000291548343248854,0.0038998528239631
15.4333333333333,1.99124198038136e-05,-0.000291399693150366,0.00389874279335345
15.4666666666667,1.97535266738824e-05,-0.00029124947412462,0.00389763124189813
15.5,1.95915442367522e-05,-0.000291099246123912,0.00389651791232382
15.5333333333333,1.94273511761323e-05,-0.000290950559896046,0.00389540254536769
15.5666666666667,1.92618404824818e-05,-0.00029080492926635,0.00389428488409749
15.6,1.90959134748203e-05,-0.000290663804699328,0.00389316467786216
15.6333333333333,1.89304736918361e-05,-0.00029052854786156,0.00389204168635615
15.6666666666667,1.87664209310157e-05,-0.000290400408315752,0.00389091568305844
15.7,1.86046452115562e-05,-0.000290280502000872,0.00388978645884208
15.7333333333333,1.84460209912696e-05,-0.000290169792500256,0.00388865382501535
15.7666666666667,1.82914013637514e-05,-0.000290069074724161,0.00388751761613548
15.8,1.8141612599637e-05,-0.000289978961829775,0.00388637769231082
15.8333333333333,1.79974487243273e-05,-0.000289899875015567,0.00388523394124718
15.8666666666667,1.78596665131314e-05,-0.000289832036762309,0.00388408627966896
15.9,1.77289806778114e-05,-0.000289775466164922,0.00388293465471179
15.9333333333333,1.76060589462401e-05,-0.000289729975075207,0.00388177904488884
15.9666666666667,1.74915186517133e-05,-0.000289695170098643,0.00388061946040352
16,1.73859221724304e-05,-0.000289670460478279,0.00387945594266625
16.0333333333333,1.72897735792321e-05,-0.000289655069542857,0.00387828856318606
16.0666666666667,1.72035156875139e-05,-0.000289648049575139,0.00387711742212105
16.1,1.71275271172999e-05,-0.000289648299930707,0.00387594264589097
16.1333333333333,1.70621200855647e-05,-0.000289654587765711,0.00387476438493195
16.1666666666667,1.70075384209323e-05,-0.000289665571255381,0.00387358281065531
16.2,1.6963956117666e-05,-0.000289679824420652,0.00387239811220752
16.2333333333333,1.69314762435979e-05,-0.000289695863549064,0.00387121049300276
16.2666666666667,1.69101300995789e-05,-0.000289712174133839,0.00387002016694282
16.3,1.68998752221872e-05,-0.000289727238476352,0.00386882735472227
16.3333333333333,1.6900593754976e-05,-0.00028973956261465,0.00386763227996312
16.3666666666667,1.69120932126399e-05,-0.000289747703133102,0.00386643516557683
16.4,1.69341080217267e-05,-0.000289750292382087,0.0038652362295295
16.4333333333333,1.69663014933374e-05,-0.0002897460624205,0.00386403568145965
16.4666666666667,1.70082683287887e-05,-0.000289733866804805,0.00386283371904028
16.5,1.70595376997595e-05,-0.000289712700401991,0.00386163052485244
16.5333333333333,1.71195766994203e-05,-0.00028968171632205,0.00386042626334415
16.5666666666667,1.71877943498933e-05,-0.000289640240372521,0.00385922107832926
16.6,1.72635458818293e-05,-0.000289587782232377,0.00385801509068529
16.6333333333333,1.73461375172212e-05,-0.000289524043730467,0.00385680839681868
16.6666666666667,1.74348313917438e-05,-0.000289448923852565,0.00385560106707317
16.7,1.75288510658178e-05,-0.00028936252264912,0.00385439314479186
16.7333333333333,1.7627386826341e-05,-0.00028926514279079,0.00385318464523721
16.7666666666667,1.77296014232109e-05,-0.000289157284401952,0.0038519755558184
16.8,1.78346361576487e-05,-0.000289039635264554,0.00385076583714294
16.8333333333333,1.79416166377899e-05,-0.000288913057804364,0.00384955542403986
16.8666666666667,1.80496587633139e-05,-0.000288778572791616,0.00384834422760605
16.9,1.81578748225941e-05,-0.000288637340067285,0.00384713213733789
16.9333333333333,1.82653793243115e-05,-0.000288490636951518,0.003845919024144
16.9666666666667,1.83712949475556e-05,-0.00028833983443638,0.00384470474321574
17,1.84747582092637e-05,-0.00028818637207523,0.00384348913721055
17.0333333333333,1.85749250994072e-05,-0.000288031731564069,0.0038422720400888
17.0666666666667,1.86709764205817e-05,-0.000287877410088481,0.00384105328058126
17.1,1.87621229900681e-05,-0.000287724893312068,0.00383983268596921
17.1333333333333,1.88476105242308e-05,-0.00028757562915247,0.00383861008566555
17.1666666666667,1.89267242976798e-05,-0.00028743100211134,0.00383738531499489
17.2,1.89987934723357e-05,-0.000287292309290515,0.00383615821849048
17.2333333333333,1.90631951255682e-05,-0.0002871607377758,0.00383492865333324
17.2666666666667,1.91193579434923e-05,-0.000287037344433732,0.00383369649210863
17.3,1.91667655524419e-05,-0.000286923037752063,0.00383246162562045
17.3333333333333,1.92049595157118e-05,-0.000286818562624951,0.00383122396533508
17.3666666666667,1.92335419204603e-05,-0.000286724487701357,0.00382998344505836
17.4,1.92521776352095e-05,-0.000286641196010635,0.00382874002269773
17.4333333333333,1.92605961273629e-05,-0.000286568878434947,0.00382749368128543
17.4666666666667,1.92585929674194e-05,-0.000286507529111565,0.00382624442985957
17.5,1.92460306517317e-05,-0.000286456941831291,0.00382499230428834
17.5333333333333,1.92228398590011e-05,-0.000286416712948649,0.00382373736701425
17.5666666666667,1.91890195767319e-05,-0.000286386249285248,0.00382247970603089
17.6,1.91446395273187e-05,-0.000286364779180832,0.00382121943337665
17.6333333333333,1.90898406023099e-05,-0.000286351367486906,0.00381995668308832
17.6666666666667,1.90248336367771e-05,-0.000286344932795973,0.00381869160872839
17.7,1.89498977848646e-05,-0.000286344267816518,0.00381742438065658
17.7333333333333,1.88653784523041e-05,-0.000286348061744761,0.00381615518259082
17.7666666666667,1.87716846962172e-05,-0.000286354924467189,0.00381488420853771
17.8,1.86692862658711e-05,-0.000286363411857154,0.00381361165878502
17.8333333333333,1.85587101758644e-05,-0.000286372052072534,0.00381233773617851
17.8666666666667,1.84405369554885e-05,-0.000286379371828833,0.00381106264200071
17.9,1.83153965166438e-05,-0.000286383922774797,0.0038097865724751
17.9333333333333,1.81839637431458e-05,-0.000286384306861776,0.00380850971444602
17.9666666666667,1.80469537907624e-05,-0.000286379200938366,0.00380723224202484
18,1.79051171633471e-05,-0.000286367379498897,0.00380595431289521
18.0333333333333,1.77592345936561e-05,-0.000286347735890105,0.00380467606493085
18.0666666666667,1.76101117613237e-05,-0.000286319301005179,0.00380339761375126
18.1,1.74585739073641e-05,-0.000286281259811106,0.00380211904973748
18.1333333333333,1.73054603514189e-05,-0.000286232964890113,0.00380084043598572
18.1666666666667,1.71516189914067e-05,-0.000286173947345827,0.00379956180674412
18.2,1.69979007720866e-05,-0.000286103924444784,0.00379828316624753
18.2333333333333,1.68451541753822e-05,-0.000286022804516506,0.00379700448772269
18.2666666666667,1.66942199625875e-05,-0.000285930690537471,0.00379572571318931
18.3,1.65459256337985e-05,-0.000285827881545353,0.00379444675292007
18.3333333333333,1.64010801901315e-05,-0.000285714867383036,0.0037931674868048
18.3666666666667,1.62604694733115e-05,-0.000285592319188104,0.00379188776545902
18.4,1.61248509768785e-05,-0.000285461076717512,0.00379060741278181
18.4333333333333,1.59949493115374e-05,-0.0002853221324568,0.00378932622840011
18.4666666666667,1.5871451804983e-05,-0.000285176613058753,0.00378804399093724
18.5,1.57550043142773e-05,-0.000285025758276157,0.00378676046150872
18.5333333333333,1.56462073481745e-05,-0.000284870898140146,0.00378547538770135
18.5666666666667,1.55456124544262e-05,-0.000284713428450331,0.00378418850772277
18.6,1.54537189270276e-05,-0.000284554785527598,0.00378289955466471
18.6333333333333,1.53709708060612e-05,-0.000284396420186299,0.00378160826110729
18.6666666666667,1.52977542435817e-05,-0.000284239771984039,0.00378031436343917
18.7,1.52343951612122e-05,-0.000284086243598691,0.00377901760626287
18.7333333333333,1.51811573186333e-05,-0.000283937176413342,0.00377771774697067
18.7666666666667,1.51382406706202e-05,-0.00028379382706737,0.00377641455941102
18.8,1.51057801693333e-05,-0.000283657346000679,0.0037751078379813
18.8333333333333,1.50838448281232e-05,-0.000283528757686023,0.00377379740100992
18.8666666666667,1.50724365685084e-05,-0.000283408943435405,0.00377248309405331
18.9,1.50714879199043e-05,-0.00028329862663589,0.00377116479251072
18.9333333333333,1.50808616307674e-05,-0.000283198360573278,0.00376984240429579
18.9666666666667,1.51003515699299e-05,-0.000283108519532001,0.00376851587103033
19,1.51296841586213e-05,-0.000283029292658138,0.00376718516989172
19.0333333333333,1.51685202465779e-05,-0.000282960679759529,0.00376585031398236
19.0666666666667,1.5216457107059e-05,-0.000282902488130069,0.00376451135335287
19.1,1.52730319054051e-05,-0.000282854334970217,0.00376316837477475
19.1333333333333,1.53377242596009e-05,-0.000282815655021761,0.00376182150020554
19.1666666666667,1.54099600534474e-05,-0.000282785711436796,0.00376047088553833
19.2,1.54891155007553e-05,-0.000282763609806756,0.00375911671795848
19.2333333333333,1.55745213233083e-05,-0.000282748315166169,0.00375775921304466
19.2666666666667,1.5665467434256e-05,-0.000282738671378725,0.00375639861158561
19.3,1.57612077929525e-05,-0.000282733422797317,0.00375503517560105
19.3333333333333,1.58609655112607e-05,-0.000282731237381201,0.00375366918433429
19.3666666666667,1.59639381609733e-05,-0.000282730731254814,0.00375230092978995
19.4,1.60693031972248e-05,-0.000282730493721133,0.00375093071204446
19.4333333333333,1.61762235389717e-05,-0.000282729112821036,0.0037495588346701
19.4666666666667,1.6283853150445e-05,-0.000282725200368879,0.00374818559990331
19.5,1.63913427329021e-05,-0.000282717416655049,0.00374681130384147
19.5333333333333,1.64978453056908e-05,-0.000282704493746028,0.00374543623209433
19.5666666666667,1.66025218504284e-05,-0.000282685257652564,0.00374406065523658
19.6,1.67045467420468e-05,-0.000282658648368503,0.00374268482468665
19.6333333333333,1.68031131959623e-05,-0.000282623738101132,0.00374130896909719
19.6666666666667,1.68974384123777e-05,-0.000282579746825273,0.0037399332908592
19.7,1.69867686892478e-05,-0.000282526055497688,0.00373855796320299
19.7333333333333,1.70703841587405e-05,-0.000282462216237078,0.00373718312769711
19.7666666666667,1.71476034449003e-05,-0.000282387959787925,0.00373580889248615
19.8,1.72177878590141e-05,-0.00028230319995445,0.00373443533067075
19.8333333333333,1.72803456234272e-05,-0.000282208036939863,0.0037330624792844
19.8666666666667,1.73347353359388e-05,-0.000282102758410129,0.00373169033835552
19.9,1.73804693847091e-05,-0.000281987834435723,0.00373031887158959
19.9333333333333,1.74171171837267e-05,-0.000281863908234408,0.00372894800719337
19.9666666666667,1.74443076572106e-05,-0.000281731783929762,0.00372757763972231
20,1.74617315427394e-05,-0.000281592411312417,0.00372620763252485
20.0333333333333,1.7469143382437e-05,-0.000281446867862571,0.00372483782047084
20.0666666666667,1.74663629499139e-05,-0.000281296338664097,0.00372346801333379
20.1,1.74532764245505e-05,-0.000281142094284995,0.00372209799951406
20.1333333333333,1.74298371512227e-05,-0.000280985467494804,0.00372072755016006
20.1666666666667,1.73960671611684e-05,-0.000280827828740564,0.00371935642311882
20.2,1.7352059030612e-05,-0.000280670561503773,0.00371798436759718
20.2333333333333,1.72979755864167e-05,-0.000280515037363539,0.00371661112833976
20.2666666666667,1.72340485901923e-05,-0.000280362591617601,0.00371523645029015
20.3,1.71605770550587e-05,-0.000280214499683849,0.00371386008302466
20.3333333333333,1.70779250533437e-05,-0.000280071954945303,0.00371248178490191
20.3666666666667,1.69865189929008e-05,-0.00027993604789504,0.00371110132721242
20.4,1.68868445248049e-05,-0.000279807747562616,0.00370971849795865
20.4333333333333,1.67794429342949e-05,-0.0002796878848292,0.00370833310518037
20.4666666666667,1.66649072551317e-05,-0.000279577138497352,0.00370694498010948
20.5,1.65438779080318e-05,-0.000279476023751373,0.00370555397958583
20.5333333333333,1.64170381608264e-05,-0.000279384883667695,0.00370415998830254
20.5666666666667,1.62851091760619e-05,-0.000279303883376714,0.0037027629205113
20.6,1.61488449741676e-05,-0.000279233006042476,0.00370136272121613
20.6333333333333,1.60090268979118e-05,-0.000279172049969079,0.00369995936750911
20.6666666666667,1.5866458688979e-05,-0.000279120631649605,0.0036985528686273
20.7,1.57219602794356e-05,-0.000279078193255365,0.00369714326510007
20.7333333333333,1.55763625717398e-05,-0.00027904401325107,0.00369573062772588
20.7666666666667,1.54305016985268e-05,-0.000279017220093023,0.0036943150555544
20.8,1.52852134190085e-05,-0.000278996808609579,0.00369289667332851
20.8333333333333,1.51413275336354e-05,-0.000278981658893316,0.00369147562892636
20.8666666666667,1.49996624837778e-05,-0.000278970557033878,0.00369005208978024
20.9,1.48610199665056e-05,-0.000278962217629574,0.0036886262392386
20.9333333333333,1.47261798358611e-05,-0.000278955307198635,0.00368719827287123
20.9666666666667,1.45958950924507e-05,-0.000278948468530721,0.00368576839400703
21,1.44708871860078e-05,-0.000278940344975736,0.00368433680984026
21.0333333333333,1.43518414957855e-05,-0.000278929604815559,0.00368290372688307
21.0666666666667,1.42394031355519e-05,-0.000278914964671717,0.00368146934690117
21.1,1.4134173013991e-05,-0.00027889521218712,0.00368003386296323
21.1333333333333,1.40367042245071e-05,-0.00027886922696586,0.00367859745523447
21.1666666666667,1.39474987556065e-05,-0.000278836000076763,0.0036771602876513
21.2,1.38670045289335e-05,-0.000278794651198871,0.0036757225045676
21.2333333333333,1.37956128109518e-05,-0.000278744443749993,0.00367428422779881
21.2666666666667,1.3733655946091e-05,-0.000278684797220055,0.00367284555429137
21.3,1.3681405504451e-05,-0.000278615297051921,0.00367140655393428
21.3333333333333,1.36390707424772e-05,-0.000278535701471506,0.00366996726836533
21.3666666666667,1.36067974310095e-05,-0.000278445945874114,0.00366852770972059
21.4,1.35846673997575e-05,-0.000278346146216489,0.00366708785986702
21.4333333333333,1.35726973871653e-05,-0.000278236599403483,0.00366564767017508
21.4666666666667,1.35708376124422e-05,-0.000278117778024136,0.0036642070624282
21.5,1.35789710034584e-05,-0.000277990320980227,0.00366276593035764
21.5333333333333,1.35969137675662e-05,-0.000277855021691597,0.00366132414174558
21.5666666666667,1.36244170131916e-05,-0.000277712813137041,0.00365988154106844
21.6,1.36611685424004e-05,-0.000277564750381791,0.0036584379525948
21.6333333333333,1.37067951909153e-05,-0.00027741199095801,0.00365699318385282
21.6666666666667,1.37608655300103e-05,-0.000277255773592204,0.00365554702960935
21.7,1.38228930191553e-05,-0.000277097395415937,0.0036540992758205
21.7333333333333,1.38923394618629e-05,-0.000276938188535127,0.00365264970409385
21.7666666666667,1.3968618854443e-05,-0.000276779495903351,0.00365119809612224
21.8,1.40511014884159e-05,-0.000276622647487878,0.0036497442378618
21.8333333333333,1.4139118359624e-05,-0.000276468936581209,0.00364828792413618
21.8666666666667,1.42319657820689e-05,-0.000276319597262233,0.0036468289626157
21.9,1.43289102164657e-05,-0.000276175782776056,0.00364536717805208
21.9333333333333,1.44291932490381e-05,-0.00027603854578943,0.00364390241560386
21.9666666666667,1.45320366933821e-05,-0.000275908820229761,0.00364243454433222
22,1.46366477846716e-05,-0.000275787405560259,0.00364096346032738
22.0333333333333,1.47422244093365e-05,-0.000275674953170546,0.003639489088755
22.0666666666667,1.48479603676033e-05,-0.000275571955586282,0.00363801138615827
22.1,1.49530505909323e-05,-0.000275478738181317,0.00363653034176536
22.1333333333333,1.50566963394716e-05,-0.000275395453833909,0.00363504597856945
22.1666666666667,1.51581102832421e-05,-0.000275322078970137,0.00363355835389712
22.2,1.52565213444311e-05,-0.000275258411037919,0.00363206755974943
22.2333333333333,1.5351179909473e-05,-0.000275204071562261,0.00363057372217668
22.2666666666667,1.54413620317706e-05,-0.000275158513582008,0.00362907699971515
22.3,1.55263741305756e-05,-0.000275121031996159,0.00362757758122711
22.3333333333333,1.56055572404779e-05,-0.000275090776866889,0.00362607568322915
22.3666666666667,1.56782909474795e-05,-0.000275066769427292,0.00362457154636786
22.4,1.57439971959217e-05,-0.000275047920276619,0.00362306543203772
22.4333333333333,1.58021437474676e-05,-0.000275033049643479,0.00362155761783356
22.4666666666667,1.58522473769629e-05,-0.000275020908975707,0.00362004839328733
22.5,1.58938767685635e-05,-0.000275010203826459,0.00361853805517853
22.5333333333333,1.59266550796289e-05,-0.000274999617138911,0.00361702690241827
22.5666666666667,1.59502622077978e-05,-0.000274987832999297,0.00361551523127446
22.6,1.59644366842238e-05,-0.00027497355988306,0.0036140033303127
22.6333333333333,1.59689772732952e-05,-0.000274955553557214,0.00361249147576359
22.6666666666667,1.59637441634886e-05,-0.000274932638662281,0.00361097992657733
22.7,1.59486598784453e-05,-0.000274903729211972,0.0036094689203594
22.7333333333333,1.59237101360066e-05,-0.000274867847133039,0.00360795866899366
22.7666666666667,1.58889458474198e-05,-0.000274824138894493,0.003606449355118
22.8,1.58444838534444e-05,-0.000274771890119433,0.00360494112868537
22.8333333333333,1.57905062043162e-05,-0.000274710537396666,0.00360343410446262
22.8666666666667,1.57272588417745e-05,-0.000274639677626802,0.00360192835981366
22.9,1.56550499818831e-05,-0.000274559074785324,0.00360042393316462
22.9333333333333,1.55742478942511e-05,-0.000274468663822188,0.0035989208231797
22.9666666666667,1.54852786071191e-05,-0.000274368553764281,0.00359741898793686
23,1.53886225608135e-05,-0.000274259028122018,0.00359591834498474
23.0333333333333,1.52848115026749e-05,-0.000274140539736231,0.00359441877210998
23.0666666666667,1.51744249140828e-05,-0.000274013701932429,0.00359292010955414
23.1,1.50580858155891e-05,-0.000273879276892482,0.00359142216231589
23.1333333333333,1.49364565556476e-05,-0.000273738161272538,0.00358992470327735
23.1666666666667,1.48102342832912e-05,-0.00027359136930153,0.00358842747706944
23.2,1.46801461549106e-05,-0.000273440013948417,0.00358693020410783
23.2333333333333,1.4546944404642e-05,-0.000273285286230042,0.00358543258508348
23.2666666666667,1.44114012546881e-05,-0.00027312843345596,0.0035839343060502
23.3,1.42743037012116e-05,-0.000272970736396554,0.00358243504348366
23.3333333333333,1.41364482692252e-05,-0.00027281348630011,0.0035809344692268
23.3666666666667,1.3998635676582e-05,-0.000272657961649945,0.00357943225620261
23.4,1.38616655749324e-05,-0.000272505405641627,0.00357792808318891
23.4333333333333,1.37263312413871e-05,-0.000272357004185085,0.00357642164010485
23.4666666666667,1.35934144460947e-05,-0.000272213865392988,0.00357491263281418
23.5,1.34636803109656e-05,-0.000272077000294635,0.00357340078758739
23.5333333333333,1.33378724327671e-05,-0.000271947305655936,0.00357188585530821
23.5666666666667,1.32167080385825e-05,-0.000271825548607541,0.00357036761516838
23.6,1.3100873479166e-05,-0.000271712353831565,0.00356884587802142
23.6333333333333,1.29910197957939e-05,-0.000271608193003384,0.00356732048902586
23.6666666666667,1.28877586847431e-05,-0.00027151337707185,0.00356579132994739
23.7,1.27916585802024e-05,-0.000271428051032873,0.00356425832060836
23.7333333333333,1.27032411733619e-05,-0.00027135219043076,0.00356272142033731
23.7666666666667,1.26229779499054e-05,-0.000271285599004936,0.00356118062887845
23.8,1.25512877430789e-05,-0.000271227911775952,0.00355963598619269
23.8333333333333,1.24885335398561e-05,-0.000271178602206219,0.00355808757151976
23.8666666666667,1.2435020595003e-05,-0.000271136992244184,0.00355653550147395
23.9,1.23909944564349e-05,-0.000271102265221519,0.00355497992785558
23.9333333333333,1.23566394398256e-05,-0.000271073481208353,0.00355342103452472
23.9666666666667,1.23320774719216e-05,-0.000271049594689363,0.00355185903407573
24,1.2317367324377e-05,-0.000271029473917229,0.00355029416368779
24.0333333333333,1.23125034706129e-05,-0.00027101192188524,0.00354872668111739
24.0666666666667,1.23174142157567e-05,-0.000270995698232102,0.00354715686000873
24.1,1.23319615564221e-05,-0.000270979541685948,0.00354558498514734
24.1333333333333,1.23559422709474e-05,-0.000270962192856514,0.00354401134754312
24.1666666666667,1.23890893753975e-05,-0.000270942416777935,0.00354243623945649
24.2,1.24310740516886e-05,-0.000270919024620718,0.00354085994936781
24.2333333333333,1.24815080659868e-05,-0.000270890894750535,0.00353928275717408
24.2666666666667,1.25399465553122e-05,-0.000270856992099392,0.00353770492978356
24.3,1.26058912912064e-05,-0.000270816386208222,0.00353612671653991
24.3333333333333,1.2678794223564e-05,-0.000270768267052187,0.00353454834552736
24.3666666666667,1.27580614724954e-05,-0.000270711958971999,0.00353297001987585
24.4,1.28430575062899e-05,-0.000270646931991001,0.0035313919147768
24.4333333333333,1.29331097207808e-05,-0.000270572810831503,0.00352981417503884
24.4666666666667,1.30275131098312e-05,-0.000270489381082581,0.00352823691301296
24.5,1.31255351991932e-05,-0.000270396593104568,0.0035266602071431
24.5333333333333,1.32264213356659e-05,-0.000270294564959653,0.00352508410068708
24.5666666666667,1.33293996893158e-05,-0.000270183582427416,0.00352350860106299
24.6,1.3433686391201e-05,-0.000270064093514877,0.00352193368053122
24.6333333333333,1.35384912349767e-05,-0.000269936699921564,0.00352035927733141
24.6666666666667,1.36430226923556e-05,-0.000269802145690199,0.00351878529761507
24.7,1.37464933197273e-05,-0.000269661303130699,0.00351721161800356
24.7333333333333,1.38481248827538e-05,-0.000269515156543628,0.00351563808868605
24.7666666666667,1.39471534909286e-05,-0.000269364783826906,0.00351406453691538
24.8,1.40428344860832e-05,-0.00026921133664967,0.00351249077098714
24.8333333333333,1.41344472628924e-05,-0.000269056019221352,0.00351091658444602
24.8666666666667,1.42212997911728e-05,-0.00026890006649862,0.00350934176060491
24.9,1.43027330000711e-05,-0.000268744721763317,0.00350776607723446
24.9333333333333,1.43781248441721e-05,-0.000268591214507286,0.00350618931102531
24.9666666666667,1.44468941551679e-05,-0.000268440738463492,0.00350461124230605
25,1.45085041696746e-05,-0.00026829443073971,0.00350303165956234
25.0333333333333,1.45624657748589e-05,-0.00026815335181574,0.0035014503635864
25.0666666666667,1.4608340432043e-05,-0.000268018467314956,0.00349986717165507
25.1,1.46457427614155e-05,-0.000267890631257581,0.00349828192091195
25.1333333333333,1.46743428104945e-05,-0.000267770571606641,0.00349669447183487
25.1666666666667,1.46938679392306e-05,-0.000267658877790448,0.00349510471099279
25.2,1.47041043982166e-05,-0.000267555990870631,0.00349351255312058
25.2333333333333,1.47048984900366e-05,-0.000267462196046547,0.00349191794325066
25.2666666666667,1.46961574525595e-05,-0.000267377617872124,0.00349032085767931
25.3,1.46778499336975e-05,-0.000267302216613346,0.00348872130501832
25.3333333333333,1.46500073708866e-05,-0.000267235786355513,0.00348711932676338
25.3666666666667,1.46127253945194e-05,-0.000267177958494853,0.00348551499652672
25.4,1.45661630106264e-05,-0.000267128208881976,0.00348390841892865
25.4333333333333,1.45105414884883e-05,-0.00026708586757598,0.0034822997274091
25.4666666666667,1.44461427171727e-05,-0.000267050131524844,0.0034806890817265
25.5,1.43733070387675e-05,-0.00026702007959332,0.00347907666503033
25.5333333333333,1.42924308322578e-05,-0.000266994689624697,0.00347746268013793
25.5666666666667,1.42039635824265e-05,-0.000266972857409949,0.00347584734566908
25.6,1.4108404692792e-05,-0.000266953416845696,0.00347423089155541
25.6333333333333,1.40062998940926e-05,-0.000266935161277083,0.00347261355489081
25.6666666666667,1.38982374187635e-05,-0.000266916865181253,0.00347099557481556
25.7,1.37848438572508e-05,-0.000266897306262505,0.00346937718805407
25.7333333333333,1.36667798268097e-05,-0.000266875287049512,0.0034677586241969
25.7666666666667,1.35447354092377e-05,-0.000266849656152743,0.00346614010101121
25.8,1.34194254514663e-05,-0.000266819328267644,0.00346452181995005
25.8333333333333,1.32915847252113e-05,-0.000266783303154244,0.00346290396237237
25.8666666666667,1.31619630016622e-05,-0.000266740682735616,0.00346128668550705
25.9,1.30313200729648e-05,-0.000266690686592429,0.00345967011904236
25.9333333333333,1.29004207425898e-05,-0.000266632665103728,0.00345805436245428
25.9666666666667,1.27700298433731e-05,-0.000266566110528253,0.00345643948244856
26,1.26409072787603e-05,-0.00026649066542286,0.00345482551134069
26.0333333333333,1.25138031642769e-05,-0.000266406128682561,0.00345321244569163
26.0666666666667,1.23894529709678e-05,-0.000266312459106327,0.00345160024551205
26.1,1.22685731517302e-05,-0.000266209778315984,0.00344998883392122
26.1333333333333,1.21518564176193e-05,-0.000266098370471791,0.00344837809737442
26.1666666666667,1.20399673840532e-05,-0.000265978676813539,0.00344676788688503
26.2,1.19335387180342e-05,-0.000265851287283264,0.00344515802029832
26.2333333333333,1.18331671248306e-05,-0.000265716929424363,0.00344354828499149
26.2666666666667,1.17394097507439e-05,-0.000265576454724459,0.00344193844125584
26.3,1.165278083326e-05,-0.000265430822679125,0.0034403282262474
26.3333333333333,1.15737485846257e-05,-0.000265281083064894,0.00343871735819334
26.3666666666667,1.15027324016359e-05,-0.000265128356521295,0.00343710554122367
26.4,1.14401003568632e-05,-0.000264973814166284,0.0034354924705724
26.4333333333333,1.13861669985282e-05,-0.000264818656246076,0.00343387783732396
26.4666666666667,1.13411914861583e-05,-0.000264664090667791,0.00343226133406915
26.5,1.13053760248949e-05,-0.000264511311325827,0.00343064266016313
26.5333333333333,1.12788646720596e-05,-0.000264361477121139,0.00342902152667079
26.5666666666667,1.12617424338768e-05,-0.000264215691502777,0.0034273976614827
26.6,1.12540345671985e-05,-0.00026407498338816,0.00342577081426043
26.6333333333333,1.1255704944646e-05,-0.000263940289407506,0.0034241407605009
26.6666666666667,1.1266655017772e-05,-0.000263812437782507,0.00342250730614069
26.7,1.12867243313719e-05,-0.000263692134310572,0.00342087029048344
26.7333333333333,1.13156917229129e-05,-0.000263579950568135,0.00341922958972418
26.7666666666667,1.13532767714863e-05,-0.000263476314185059,0.00341758511879675
26.8,1.13991417795556e-05,-0.000263381501888479,0.00341593683350538
26.8333333333333,1.14528940888814e-05,-0.000263295634807977,0.0034142847315195
26.8666666666667,1.15140887870235e-05,-0.00026321867528057,0.00341262885322635
26.9,1.15822317438008e-05,-0.000263150425051224,0.0034109692821005
26.9333333333333,1.16567833008396e-05,-0.000263090528591439,0.003409306143908
26.9666666666667,1.17371615475648e-05,-0.000263038480030821,0.0034076396049727
27,1.18227466153198e-05,-0.000262993632745605,0.00340596986984565
27.0333333333333,1.19128848513061e-05,-0.000262955211601709,0.00340429717795132
27.0666666666667,1.20068932455419e-05,-0.000262922327461355,0.00340262180023387
27.1,1.21040640876646e-05,-0.000262893993828478,0.0034009440345244
27.1333333333333,1.2203669733174e-05,-0.000262869145035296,0.00339926420122083
27.1666666666667,1.23049674966846e-05,-0.000262846655927228,0.00339758263791623
27.2,1.24072046012447e-05,-0.000262825362278701,0.00339589969428289
27.2333333333333,1.25096231979593e-05,-0.000262804081979624,0.00339421572633114
27.2666666666667,1.26114653435649e-05,-0.000262781636125752,0.00339253109092397
27.3,1.2711978013058e-05,-0.000262756870136494,0.00339084614009266
27.3333333333333,1.28104179726862e-05,-0.00026272867400195,0.00338916121577881
27.3666666666667,1.29060566532724e-05,-0.000262696001855601,0.00338747664417838
27.4,1.29981847965532e-05,-0.000262657890007012,0.00338579273096684
27.4333333333333,1.30861170667962e-05,-0.000262613473682911,0.00338410975660963
27.4666666666667,1.31691963604075e-05,-0.000262562001697896,0.00338242797215571
27.5,1.32467980461515e-05,-0.000262502849328494,0.00338074759542906
27.5333333333333,1.33183338416332e-05,-0.000262435528741754,0.00337906880812966
27.5666666666667,1.33832555856139e-05,-0.000262359697249324,0.00337739175282081
27.6,1.34410586001554e-05,-0.000262275162901546,0.00337571653142277
27.6333333333333,1.3491284835021e-05,-0.000262181887963162,0.00337404320356427
27.6666666666667,1.35335259241198e-05,-0.000262079991460648,0.00337237178564465
27.7,1.35674255087592e-05,-0.00026196974882595,0.00337070225023695
27.7333333333333,1.35926813412124e-05,-0.000261851586555506,0.00336903452736692
27.7666666666667,1.360904749792e-05,-0.000261726074060307,0.00336736850584884
27.8,1.3616335659522e-05,-0.000261593912907983,0.00336570403578662
27.8333333333333,1.36144163969398e-05,-0.00026145592353697,0.00336404093167175
27.8666666666667,1.36032199512526e-05,-0.000261313029944947,0.00336237897590763
27.9,1.35827371124109e-05,-0.000261166242450612,0.00336071792295911
27.9333333333333,1.35530209380286e-05,-0.000261016638956816,0.0033590575039284
27.9666666666667,1.35141872996958e-05,-0.000260865345356195,0.00335739743118779
28,1.34664140208907e-05,-0.000260713514924582,0.00335573740369455
28.0333333333333,1.34099396011389e-05,-0.000260562307437647,0.00335407711241942
28.0666666666667,1.33450615109887e-05,-0.000260412868579358,0.00335241624534888
28.1,1.32721340340147e-05,-0.000260266309421683,0.00335075449342526
28.1333333333333,1.3191565735593e-05,-0.000260123687012562,0.00334909155517948
28.1666666666667,1.31038164948027e-05,-0.000259985985767592,0.00334742714213121
28.2,1.30093942473375e-05,-0.000259854100538415,0.00334576098325101
28.2333333333333,1.29088513110276e-05,-0.000259728821084305,0.00334409282947945
28.2666666666667,1.28027805146591e-05,-0.000259610818698235,0.00334242245750715
28.3,1.26918109456531e-05,-0.000259500634696899,0.00334074967321385
28.3333333333333,1.25766035933561e-05,-0.000259398671392744,0.00333907431453895
28.3666666666667,1.24578466621228e-05,-0.00025930518526544,0.00333739625381213
28.4,1.23362508912261e-05,-0.000259220282661135,0.00333571539940181
28.4333333333333,1.22125444924626e-05,-0.000259143916551258,0.00333403169733515
28.4666666666667,1.20874683550154e-05,-0.000259075885203956,0.0033323451319518
28.5,1.19617710034603e-05,-0.00025901583562437,0.00333065572601754
28.5333333333333,1.18362033947605e-05,-0.000258963270427331,0.00332896353947376
28.5666666666667,1.17115140412238e-05,-0.000258917557206591,0.00332726866747635
28.6,1.15884440764769e-05,-0.000258877940421535,0.00332557123832089
28.6333333333333,1.14677223056192e-05,-0.000258843555588783,0.00332387141017421
28.6666666666667,1.13500605659067e-05,-0.000258813445308181,0.0033221693673795
28.7,1.1236149070476e-05,-0.000258786577045239,0.00332046531667629
28.7333333333333,1.11266520652908e-05,-0.000258761862000701,0.00331875948268134
28.7666666666667,1.10222035845653e-05,-0.000258738175069609,0.00331705210305699
28.8,1.09234035196859e-05,-0.000258714375085546,0.0033153434238784
28.8333333333333,1.08308138664359e-05,-0.000258689325440485,0.00331363369440396
28.8666666666667,1.07449552924632e-05,-0.000258661914207835,0.00331192316227202
28.9,1.06663039497468e-05,-0.000258631073940009,0.00331021206852711
28.9333333333333,1.05952886073624e-05,-0.000258595800265934,0.00330850064295873
28.9666666666667,1.05322880866732e-05,-0.000258555169524003,0.0033067890996108
29,1.0477629010075e-05,-0.000258508354611709,0.00330507763274568
29.0333333333333,1.04315839004054e-05,-0.000258454639327704,0.00330336641312101
29.0666666666667,1.03943695832776e-05,-0.000258393430491076,0.0033016555847496
29.1,1.03661459769366e-05,-0.000258324268126674,0.00329994526211408
29.1333333333333,1.03470151722185e-05,-0.000258246833141469,0.00329823552826269
29.1666666666667,1.03370208829889e-05,-0.000258160952770824,0.00329652643299028
29.2,1.03361473804409e-05,-0.000258066603818091,0.0032948179920993
29.2333333333333,1.03443184386598e-05,-0.000257963915317006,0.00329311018637668
29.2666666666667,1.03613968214233e-05,-0.000257853167404187,0.00329140296199171
29.3,1.03871860293592e-05,-0.000257734786227894,0.00328969623134867
29.3333333333333,1.04214315559403e-05,-0.000257609335726612,0.00328798987499113
29.3666666666667,1.0463822693596e-05,-0.000257477507053225,0.00328628374424511
29.4,1.05139948663457e-05,-0.00025734010568155,0.00328457766414658
29.4333333333333,1.05715322759048e-05,-0.00025719803634249,0.00328287143707939
29.4666666666667,1.06359708414994e-05,-0.000257052286348977,0.00328116484692487
29.5,1.07068015506862e-05,-0.000256903907359563,0.00327945766349558
29.5333333333333,1.07834740118995e-05,-0.000256753996269427,0.0032777496473102
29.5666666666667,1.08654003445063e-05,-0.000256603675226513,0.00327604055439679
29.6,1.09519592368379e-05,-0.000256454071566997,0.00327433014149392
29.6333333333333,1.1042500252384e-05,-0.000256306297580941,0.00327261817079716
29.6666666666667,1.11363482599713e-05,-0.000256161430953698,0.00327090441504652
29.7,1.12328080251745e-05,-0.000256020495714193,0.00326918866218762
29.7333333333333,1.13311688776097e-05,-0.00025588444452322,0.00326747071983391
29.7666666666667,1.14307094535304e-05,-0.000255754142072503,0.00326575041916044
29.8,1.15307024653732e-05,-0.000255630350360709,0.00326402761888289
29.8333333333333,1.16304194652805e-05,-0.000255513715581905,0.00326230220812818
29.8666666666667,1.17291355871685e-05,-0.000255404757282165,0.00326057410936187
29.9,1.18261342082482e-05,-0.000255303859511741,0.00325884328043458
29.9333333333333,1.19207115419073e-05,-0.000255211264485286,0.00325710971580406
29.9666666666667,1.2012181118376e-05,-0.000255127068354039,0.00325537344787108
30,1.20998779690462e-05,-0.000255051218196616,0.00325363454726357
