0,-0,-0,-147.734427627649
0.0333333333333333,0.000344834696123445,0.000215848319921593,-147.734427627089
0.0666666666666667,0.0013730439621266,0.000861480204241354,-147.734427618757
0.1,0.00306604672232579,0.00193217024292598,-147.734427583198
0.133333333333333,0.00539383098094538,0.00342248380374439,-147.734427489541
0.166666666666667,0.00831628912584735,0.0053276048613806,-147.734427297516
0.2,0.0117848900532424,0.00764267089911853,-147.734426959917
0.233333333333333,0.0157445308500932,0.010360241686714,-147.734426425408
0.266666666666667,0.0201354262814269,0.0134668863372228,-147.734425641679
0.3,0.0248949335527288,0.0169399437176754,-147.734424558901
0.333333333333333,0.0299592508279721,0.0207451417500677,-147.734423133377
0.366666666666667,0.0352649595956564,0.0248353441937805,-147.734421331176
0.4,0.0407503976994096,0.0291504119210338,-147.73441913152
0.433333333333333,0.0463568578138006,0.0336180266538786,-147.734416529593
0.466666666666667,0.0520296084995475,0.0381552832084663,-147.734413538496
0.5,0.0577187330548326,0.042670860448062,-147.734410190093
0.533333333333333,0.0633797827490592,0.0470676002595059,-147.734406534542
0.566666666666667,0.0689742393699358,0.0512453461912478,-147.734402638444
0.6,0.0744697852853419,0.0551039128824468,-147.73439858164
0.633333333333333,0.0798403812312869,0.0585460721779404,-147.734394452816
0.666666666666667,0.0850661559155926,0.0614804552542503,-147.734390344198
0.7,0.0901331156837149,0.063824281913434,-147.734386345738
0.733333333333333,0.0950326873294451,0.0655058374147829,-147.734382539214
0.766666666666667,0.0997611103425813,0.0664666321917102,-147.734378992761
0.8,0.104318700138928,0.0666631859186027,-147.73437575628
0.833333333333333,0.108709005096609,0.066068392579448,-147.734372858143
0.866666666666667,0.112937887926516,0.0646724307471114,-147.734370303526
0.9,0.117012558427113,0.0624831982288842,-147.734368074529
0.933333333333333,0.120940589254228,0.0595262990588043,-147.734366132132
0.966666666666667,0.124728939484622,0.0558447764663081,-147.734364419798
1,0.128383003921898,0.0514982470443299,-147.734362868643
1.03333333333333,0.131905780855789,0.046561201348444,-147.7343614038
1.06666666666667,0.135297099964639,0.041121041065825,-147.734359951312
1.1,0.13855304260824,0.0352755836078867,-147.734358445003
1.13333333333333,0.141665490123239,0.029130361686343,-147.734356832729
1.16666666666667,0.144621872564751,0.0227956790026595,-147.734355081478
1.2,0.147405122712353,0.0163835822888959,-147.734353180894
1.23333333333333,0.149993803382878,0.0100048320104386,-147.734351144991
1.26666666666667,0.152362428858276,0.00376596569716576,-147.734349011924
1.3,0.154481971981525,-0.00223348802756781,-147.734346841894
1.33333333333333,0.156320525108608,-0.00790351481438848,-147.734344713398
1.36666666666667,0.157844125996458,-0.0131658400395098,-147.734342718143
1.4,0.159017650599928,-0.0179557128362088,-147.734340955136
1.43333333333333,0.159805855208022,-0.0222233456321877,-147.734339524299
1.46666666666667,0.160174442465347,-0.0259348648434606,-147.734338520196
1.5,0.160091163558155,-0.0290727943464288,-147.734338026273
1.53333333333333,0.159526913006173,-0.0316362144690313,-147.734338109944
1.56666666666667,0.15845681869238,-0.0336404537823527,-147.734338818792
1.6,0.156861360170622,-0.0351160724653036,-147.734340178052
1.63333333333333,0.154727354861611,-0.0361073191858412,-147.734342189541
1.66666666666667,0.152048739590919,-0.0366701796622603,-147.734344832026
1.7,0.148939679759604,-0.0368469601883732,-147.734347955181
1.73333333333333,0.146074371528239,-0.0365390806711896,-147.734350892549
1.76666666666667,0.143582708102136,-0.0357093407850706,-147.734353538092
1.8,0.141480091985312,-0.0343444684379592,-147.734355890261
1.83333333333333,0.139776795658205,-0.032441408140098,-147.734357941785
1.86666666666667,0.138479699574527,-0.0300088806447487,-147.73435967746
1.9,0.137593187017287,-0.0270676056664515,-147.734361073952
1.93333333333333,0.137119619696896,-0.023649875317902,-147.734362100909
1.96666666666667,0.137059588634948,-0.0197987590639571,-147.73436272292
2,0.137411997662729,-0.0155670686958837,-147.734362902063
2.03333333333333,0.138174056643407,-0.0110161523943712,-147.734362600729
2.06666666666667,0.139341290270186,-0.00621455787707313,-147.734361784431
2.1,0.140907534399352,-0.0012365958489521,-147.734360424401
2.13333333333333,0.142864921362973,0.00383916643742261,-147.734358499789
2.16666666666667,0.145203861218367,0.00893145382367746,-147.734355999331
2.2,0.147913023707146,0.0139578471959851,-147.734352922349
2.23333333333333,0.150979324577112,0.0188363346262136,-147.734349279053
2.26666666666667,0.15438791884314,0.0234868262284092,-147.734345090127
2.3,0.158122203168742,0.0278326085413211,-147.734340385653
2.33333333333333,0.162163829101953,0.0318017152872149,-147.734335203475
2.36666666666667,0.166492728314254,0.0353281981901156,-147.734329587131
2.4,0.171087151258936,0.0383532758489348,-147.734323583526
2.43333333333333,0.175923719423833,0.0408263507451384,-147.734317240522
2.46666666666667,0.180977492687792,0.042705875290801,-147.734310604627
2.5,0.186222050971335,0.0439600638800016,-147.734303718973
2.53333333333333,0.19162959103556,0.0445674368959871,-147.734296621714
2.56666666666667,0.197171038043795,0.044517193378535,-147.734289344994
2.6,0.202816171604246,0.0438094104412746,-147.734281914541
2.63333333333333,0.208533761675116,0.0424551628573166,-147.734274349924
2.66666666666667,0.214291735510132,0.0404766511304182,-147.734266665395
2.7,0.220057309323009,0.037906916386645,-147.734258871514
2.73333333333333,0.22579719874626,0.0347892140910066,-147.734250977235
2.76666666666667,0.231477776020941,0.0311762234063891,-147.734242992447
2.8,0.237065280189389,0.027129064264389,-147.734234930621
2.83333333333333,0.24252601986183,0.0227161710747546,-147.734226811441
2.86666666666667,0.247826584307049,0.0180120375087841,-147.734218663178
2.9,0.252934062191375,0.0130958568507924,-147.734210524603
2.93333333333333,0.257816263330767,0.00805009160288548,-147.734202446284
2.96666666666667,0.26244193951754,0.0029590191988159,-147.734194491126
3,0.266781012898971,-0.00209279006835077,-147.734186734082
3.03333333333333,0.270804791083906,-0.00702191433679873,-147.734179261019
3.06666666666667,0.274486188797522,-0.011747543189491,-147.734172166755
3.1,0.277799937091825,-0.0161928452285895,-147.734165552373
3.13333333333333,0.280722781933355,-0.0202862426549868,-147.734159521951
3.16666666666667,0.283233680617195,-0.023962621254369,-147.734154178863
3.2,0.285313981043652,-0.0271643898991578,-147.734149621871
3.23333333333333,0.286947590356874,-0.029842412637545,-147.734145941214
3.26666666666667,0.288121123926233,-0.0319567876180409,-147.734143214935
3.3,0.288824044202592,-0.0334774779391202,-147.734141505608
3.33333333333333,0.289048774897083,-0.0343847663389178,-147.7341408577
3.36666666666667,0.288790806438377,-0.0346695738475221,-147.734141295639
3.4,0.288048869029129,-0.03433376041096,-147.734142822541
3.43333333333333,0.286825080131869,-0.0333902776823655,-147.734145419845
3.46666666666667,0.285125005890117,-0.0318628987191031,-147.734149048065
3.5,0.282957667442275,-0.0297857059479597,-147.734153648502
3.53333333333333,0.280335496771514,-0.027202417838158,-147.734159145767
3.56666666666667,0.277274284017231,-0.0241655163202199,-147.734165450881
3.6,0.273793083080043,-0.0207352255734198,-147.734172464827
3.63333333333333,0.269914090300047,-0.0169783473428708,-147.734180082298
3.66666666666667,0.265662493214677,-0.0129669959951773,-147.734188195441
3.7,0.261066292515358,-0.00877723681731974,-147.73419669738
3.73333333333333,0.256156098413205,-0.00448768354657372,-147.734205485335
3.76666666666667,0.250964902988739,-0.000178050634050792,-147.734214463187
3.8,0.245527833447436,0.00407227773236976,-147.734223543391
3.83333333333333,0.239881884338017,0.00818567238690742,-147.734232648176
3.86666666666667,0.234065638206649,0.0120876156131804,-147.734241710024
3.9,0.228118968992237,0.015708004593834,-147.73425067148
3.93333333333333,0.222082741487347,0.0189823439437357,-147.734259484372
3.96666666666667,0.215998497928734,0.0218528458094443,-147.734268108558
4,0.209908147936787,0.0242693870226996,-147.734276510346
4.03333333333333,0.203853650261634,0.0261903428134929,-147.734284660753
4.06666666666667,0.197876704474986,0.0275832562939248,-147.734292533734
4.1,0.192018439159817,0.0284253621229571,-147.734300104569
4.13333333333333,0.186319115717095,0.0287039347896856,-147.734307348498
4.16666666666667,0.180817833199298,0.028416480129818,-147.734314239732
4.2,0.175552255416247,0.0275708289197996,-147.734320750881
4.23333333333333,0.170558326962392,0.0261852008911013,-147.734326852839
4.26666666666667,0.165870056809773,0.0242879156810219,-147.734332515128
4.3,0.161519246491075,0.0219168100804749,-147.734337706762
4.33333333333333,0.157535294335307,0.0191184918739359,-147.73434239737
4.36666666666667,0.153944997232381,0.0159474245724304,-147.734346558567
4.4,0.150772374549362,0.0124648746046474,-147.73435016538
4.43333333333333,0.148038514954925,0.00873772973155474,-147.734353197621
4.46666666666667,0.145761447633975,0.00483723443001335,-147.734355641031
4.5,0.143956032496626,0.00083764259284961,-147.734357488122
4.53333333333333,0.142633877110087,-0.0031851560851272,-147.734358738585
4.56666666666667,0.141803273921676,-0.00715504199875039,-147.734359399248
4.6,0.141469162176244,-0.010997043210528,-147.734359483535
4.63333333333333,0.141633104659153,-0.0146386952747671,-147.734359010494
4.66666666666667,0.142293212554989,-0.0180113303703424,-147.734358003488
4.7,0.14344405330895,-0.0210512957357539,-147.73435648865
4.73333333333333,0.145076691736241,-0.023701061479959,-147.734354493064
4.76666666666667,0.147178789064976,-0.025910241322821,-147.73435204289
4.8,0.149734715542717,-0.0276364490200598,-147.734349161631
4.83333333333333,0.152725696239916,-0.0288460395518412,-147.734345868646
4.86666666666667,0.156129975142786,-0.0295146831783722,-147.734342178058
4.9,0.159923005947356,-0.0296277953358159,-147.734338098138
4.93333333333333,0.164077655685749,-0.0291808812255458,-147.734333631246
4.96666666666667,0.1685644425164,-0.0281798497179107,-147.734328774303
5,0.173351747222726,-0.0266409736642478,-147.734323519957
5.03333333333333,0.178406098057068,-0.024590572461812,-147.734317858232
5.06666666666667,0.18369241271206,-0.0220645136261067,-147.734311778692
5.1,0.189174270142809,-0.0191075294228186,-147.734305272902
5.13333333333333,0.194814182485529,-0.0157723686686369,-147.734298337034
5.16666666666667,0.200573869991279,-0.0121187956526439,-147.734290974461
5.2,0.206414531469173,-0.00821247118092948,-147.734283198131
5.23333333333333,0.212297117833293,-0.00412372101914566,-147.734275032566
5.26666666666667,0.2181825949993,7.37596874186238e-05,-147.734266515318
5.3,0.224032205841657,0.00430426683626012,-147.734257697777
5.33333333333333,0.229807719484366,0.008491456308294,-147.734248645249
5.36666666666667,0.235471674991642,0.0125597283455855,-147.734239436268
5.4,0.240987611342748,0.0164355681945322,-147.734230161166
5.43333333333333,0.24632028797473,0.0200488554751324,-147.734220919962
5.46666666666667,0.251435891125522,0.0233340846557595,-147.734211819681
5.5,0.256302227716492,0.0262315132535983,-147.734202971231
5.53333333333333,0.260888905041528,0.0286881852909391,-147.734194486031
5.56666666666667,0.265167495714853,0.0306588488807503,-147.73418647254
5.6,0.269111688778619,0.0321067233152431,-147.734179032905
5.63333333333333,0.272697424471371,0.0330041347070792,-147.734172259877
5.66666666666667,0.275903015724748,0.0333329852872385,-147.734166234176
5.7,0.278709252314467,0.0330850761638742,-147.734161022424
5.73333333333333,0.281099495503413,0.0322623303576685,-147.734156675715
5.76666666666667,0.283059734241595,0.0308770077866498,-147.734153228921
5.8,0.284578682569768,0.0289515822359104,-147.734150700671
5.83333333333333,0.285647785608777,0.0265183179714395,-147.734149094211
5.86666666666667,0.286261267649401,0.0236186704543971,-147.734148398785
5.9,0.286416149146596,0.0203025136659557,-147.734148591538
5.93333333333333,0.286112262772279,0.0166272114425351,-147.734149639743
5.96666666666667,0.285352341098502,0.0126565610166487,-147.734151503036
6,0.284142061461467,0.00845960331171141,-147.734154135708
6.03333333333333,0.282489997202464,0.00410937064562953,-147.734157488997
6.06666666666667,0.280407548916919,-0.000318435065170299,-147.734161513085
6.1,0.277908860859728,-0.0047468151815511,-147.734166158685
6.13333333333333,0.275010719060933,-0.00909883472583023,-147.734171378137
6.16666666666667,0.271732432961237,-0.0132989894844645,-147.734177125982
6.2,0.26809570224748,-0.0172745168705618,-147.734183359014
6.23333333333333,0.264124469441859,-0.0209566637927084,-147.734190035861
6.26666666666667,0.259844759087883,-0.0242818573710679,-147.734197116178
6.3,0.255284505739362,-0.0271927939421854,-147.734204559547
6.33333333333333,0.250473370332795,-0.0296393977317011,-147.734212324248
6.36666666666667,0.245442548382591,-0.0315796668586881,-147.734220365998
6.4,0.240224568739417,-0.0329803660264174,-147.734228636837
6.43333333333333,0.234853087123316,-0.0338175833926286,-147.734237084258
6.46666666666667,0.229362672652894,-0.0340771222892084,-147.734245650706
6.5,0.22378858660499,-0.0337547959734849,-147.734254273514
6.53333333333333,0.218166587588972,-0.0328567193507677,-147.73426288524
6.56666666666667,0.212532666574453,-0.0313993181531613,-147.73427141465
6.6,0.206922863128684,-0.0294090062458954,-147.734279788099
6.63333333333333,0.201373037033089,-0.0269216816466055,-147.734287931381
6.66666666666667,0.195918643052598,-0.0239820475772242,-147.734295771889
6.7,0.190594523675793,-0.0206427645495671,-147.734303240896
6.73333333333333,0.185434695627371,-0.0169634649720545,-147.734310275859
6.76666666666667,0.180472145323073,-0.0130096369820641,-147.734316822542
6.8,0.17573863019735,-0.0088514193361479,-147.734322836825
6.83333333333333,0.171264486340032,-0.00456231007601968,-147.734328286049
6.86666666666667,0.1670784455463,-0.000217840434089848,-147.734333149795
6.9,0.163207459656078,0.00410578914647062,-147.734337420035
6.93333333333333,0.159676536962853,0.00833305450995141,-147.734341100615
6.96666666666667,0.156508586555974,0.0123904435356833,-147.734344206107
7,0.153724277396272,0.016207725500492,-147.734346760072
7.03333333333333,0.151341905857579,0.0197191674191735,-147.734348792862
7.06666666666667,0.149377280321035,0.0228646443640198,-147.734350339064
7.1,0.147843614849286,0.0255906601512976,-147.734351434772
7.13333333333333,0.146751441794799,0.0278512320701017,-147.734352114843
7.16666666666667,0.146108534205972,0.0296086571148501,-147.734352410307
7.2,0.145919848583572,0.0308341222601719,-147.734352346108
7.23333333333333,0.146187467367437,0.0315081774066143,-147.734351939311
7.26666666666667,0.146910488026141,0.0316210305167018,-147.73435119798
7.3,0.148084927943341,0.0311727423152737,-147.734350120693
7.33333333333333,0.149703715617132,0.0301733806554311,-147.734348696685
7.36666666666667,0.15175674901037,0.0286429842216838,-147.734346906661
7.4,0.154230953319715,0.0266111699743612,-147.734344724332
7.43333333333333,0.15711034802699,0.0241165525338453,-147.734342118546
7.46666666666667,0.160376164122681,0.0212060048448435,-147.734339055822
7.5,0.164006964999981,0.0179337567483333,-147.734335503176
7.53333333333333,0.167978794176047,0.0143603707586159,-147.734331431031
7.56666666666667,0.172265340899509,0.0105515982774535,-147.734326816029
7.6,0.176838123343514,0.00657716123937656,-147.734321643578
7.63333333333333,0.18166668858422,0.00250945932812085,-147.734315909967
7.66666666666667,0.186718826051052,-0.00157774389781901,-147.734309623932
7.7,0.191960795276265,-0.00561066160060662,-147.734302807583
7.73333333333333,0.197357561809108,-0.00951679392075084,-147.734295496654
7.76666666666667,0.202873045146911,-0.0132262187449244,-147.734287740063
7.8,0.208470369142334,-0.0166728066981802,-147.734279598852
7.83333333333333,0.214112121820408,-0.0197953752786055,-147.73427114455
7.86666666666667,0.219760612221268,-0.0225387302987312,-147.734262457116
7.9,0.225378133762607,-0.0248546119357876,-147.734253622558
7.93333333333333,0.230927219650752,-0.0267025008287211,-147.73424473041
7.96666666666667,0.236370901791783,-0.028050301971836,-147.734235871197
8,0.24167295740235,-0.0288748711307996,-147.734227134042
8.03333333333333,0.246798156100596,-0.0291624006195079,-147.734218604539
8.06666666666667,0.251712486714703,-0.0289086745314159,-147.734210363009
8.1,0.256383401470508,-0.0281193208545725,-147.734202483123
8.13333333333333,0.260780009685355,-0.0268098328317245,-147.734195031105
8.16666666666667,0.264873284050102,-0.0250052545854659,-147.734188065423
8.2,0.268636254637776,-0.0227396941532439,-147.734181636946
8.23333333333333,0.272044178127475,-0.0200556666627533,-147.734175789506
8.26666666666667,0.275074694166058,-0.0170032788613082,-147.734170560742
8.3,0.277707968661304,-0.0136392718584062,-147.734165983105
8.33333333333333,0.279926814110676,-0.0100259538068869,-147.734162084902
8.36666666666667,0.281716797984998,-0.0062300269266463,-147.734158891238
8.4,0.283066328203475,-0.00232135576030713,-147.734156424756
8.43333333333333,0.28396672363361,0.00162832512510718,-147.734154706072
8.46666666666667,0.284412263446252,0.00554670990546731,-147.734153753855
8.5,0.284400220550196,0.00936223406802394,-147.734153584512
8.53333333333333,0.283930913978281,0.0130053429155333,-147.734154211429
8.56666666666667,0.283007814737494,0.0164097385578943,-147.734155643732
8.6,0.281637556532831,0.0195135180625853,-147.734157884961
8.63333333333333,0.279829873216421,0.0222602755949296,-147.734160931693
8.66666666666667,0.277597520192271,0.024600059781744,-147.734164772144
8.7,0.274956169502701,0.0264902368710174,-147.734169384883
8.73333333333333,0.271924286047802,0.027896212839109,-147.734174737781
8.76666666666667,0.26852297894879,0.028792025842624,-147.734180787312
8.8,0.264775839004093,0.0291607811953254,-147.734187478299
8.83333333333333,0.260708753295086,0.0289949463676335,-147.734194744169
8.86666666666667,0.256349712183104,0.0282965525133917,-147.734202507745
8.9,0.25172858212181,0.0270773675983634,-147.734210682584
8.93333333333333,0.246876913943671,0.0253587470011121,-147.734219174816
8.96666666666667,0.241827675700959,0.0231712214722577,-147.734227885548
9,0.236615030952892,0.020553920542835,-147.734236713541
9.03333333333333,0.231274090905976,0.0175538323566332,-147.73424555812
9.06666666666667,0.225840665252959,0.0142249212492353,-147.734254322126
9.1,0.220351012060133,0.0106271131270549,-147.734262914752
9.13333333333333,0.21484159155387,0.00682518535492821,-147.734271254088
9.16666666666667,0.209348817504293,0.00288756427769265,-147.734279269247
9.2,0.203908818166534,-0.00111492175479499,-147.734286901924
9.23333333333333,0.198557198406281,-0.00511033636910984,-147.734294107335
9.26666666666667,0.193328812999898,-0.00902692232812973,-147.734300854452
9.3,0.188257545424804,-0.0127943899794068,-147.73430712556
9.33333333333333,0.183376098786442,-0.0163451515588066,-147.73431291515
9.36666666666667,0.178715795836206,-0.0196155143237925,-147.734318228247
9.4,0.174306391728964,-0.022546779400942,-147.734323078267
9.43333333333333,0.17017589881262,-0.025086262741456,-147.734327484549
9.46666666666667,0.166350424410438,-0.0271881905628398,-147.734331469729
9.5,0.162854022949606,-0.0288144872616468,-147.734335057094
9.53333333333333,0.159708561074994,-0.0299354160404824,-147.734338268107
9.56666666666667,0.156933598829983,-0.0305300899314847,-147.734341120229
9.6,0.154546283634486,-0.0305868257854062,-147.734343625175
9.63333333333333,0.152561258305303,-0.0301034229680623,-147.734345787686
9.66666666666667,0.150990601233617,-0.0290874093657631,-147.734347604848
9.7,0.149843736588669,-0.0275559847800537,-147.734349066124
9.73333333333333,0.149127418498115,-0.0255356880602766,-147.734350153953
9.76666666666667,0.148845691929416,-0.023061901236399,-147.734350844947
9.8,0.148999868551138,-0.0201781853577601,-147.734351111545
9.83333333333333,0.149588470648302,-0.0169354653729867,-147.734350924044
9.86666666666667,0.150607152406575,-0.0133910788668172,-147.734350252857
9.9,0.152048725565599,-0.00960770978426681,-147.734349070709
9.93333333333333,0.153903221168039,-0.00565224565666154,-147.734347354702
9.96666666666667,0.156157964078307,-0.00159454438725787,-147.734345088124
10,0.158797666960046,0.00249382152573532,-147.734342261882
10.0333333333333,0.161804542654354,0.0065408560924203,-147.734338875484
10.0666666666667,0.165158431549902,0.0104754123841343,-147.734334937507
10.1,0.168836944919991,0.0142284528624617,-147.734330465557
10.1333333333333,0.172815621776691,0.0177342456161481,-147.73432548574
10.1666666666667,0.177068098354522,0.0209315085942708,-147.734320031703
10.2,0.181566289139126,0.0237644518277092,-147.734314143339
10.2333333333333,0.186280577153215,0.0261837333220263,-147.734307865261
10.2666666666667,0.191180013425376,0.0281472845462267,-147.734301245181
10.3,0.196232522364869,0.0296210223397078,-147.734294332296
10.3333333333333,0.201405113720136,0.0305794113921114,-147.734287175824
10.3666666666667,0.206664097227189,0.0310058934460559,-147.734279823793
10.4,0.211975301135557,0.0308931599730431,-147.734272322144
10.4333333333333,0.217304293377909,0.0302433489929332,-147.734264714226
10.4666666666667,0.222616585499203,0.0290682058433759,-147.734257040689
10.5,0.22787787925143,0.0273889368289012,-147.734249339777
10.5333333333333,0.233054251814329,0.0252357953127873,-147.734241648101
10.5666666666667,0.238112377010153,0.0226475105700195,-147.734234001654
10.6,0.243019732663997,0.0196705586756355,-147.734226437031
10.6333333333333,0.247744794651122,0.01635828659279,-147.734218992731
10.6666666666667,0.252257231242238,0.012769920463977,-147.734211710381
10.7,0.256528086092089,0.00896946352477314,-147.734204635754
10.7333333333333,0.260529952854518,0.00502452544014918,-147.734197819486
10.7666666666667,0.264237140928462,0.00100508405766742,-147.734191317353
10.8,0.267625829353437,-0.00301777082397205,-147.734185190083
10.8333333333333,0.270674211427523,-0.00697311609400171,-147.734179502633
10.8666666666667,0.273362625259407,-0.0107914433007761,-147.734174322968
10.9,0.275673674707876,-0.0144058853923197,-147.734169720362
10.9333333333333,0.277592334230304,-0.0177533698069413,-147.734165763316
10.9666666666667,0.279106043900831,-0.0207757112794006,-147.734162517189
11,0.280204786675111,-0.023420596055395,-147.734160041686
11.0333333333333,0.280881155564643,-0.0256424732156994,-147.734158388333
11.0666666666667,0.281130401823265,-0.0274033115946012,-147.734157598116
11.1,0.280950478749034,-0.0286732395363325,-147.734157699372
11.1333333333333,0.280342122503712,-0.0294310280356868,-147.734158706029
11.1666666666667,0.279308946600522,-0.0296644493743459,-147.734160616297
11.2,0.277857430404784,-0.0293705054283655,-147.73416341216
11.2333333333333,0.275996898946506,-0.0285556464366272,-147.734167059472
11.2666666666667,0.273739424594143,-0.0272357626752265,-147.734171508862
11.3,0.271099783062288,-0.0254358728448727,-147.734176697178
11.3333333333333,0.268095342846456,-0.0231896360062597,-147.734182549595
11.3666666666667,0.264745942064094,-0.0205387084717364,-147.734188982161
11.4,0.261073756971205,-0.0175319521673209,-147.734195904649
11.4333333333333,0.257103147284661,-0.0142245076483697,-147.734203223574
11.4666666666667,0.252860486597016,-0.0106767648293529,-147.734210845187
11.5,0.248373979688485,-0.00695323455031931,-147.7342186783
11.5333333333333,0.243673466359024,-0.00312136599347197,-147.734226636782
11.5666666666667,0.238790213862361,0.000749691742849699,-147.734234641605
11.6,0.233756701298634,0.00459033258243463,-147.734242622361
11.6333333333333,0.228606394079754,0.00833174768162443,-147.734250518178
11.6666666666667,0.223373515569535,0.0119071373576592,-147.734258278037
11.7,0.218092810847111,0.0152528920948767,-147.734265860511
11.7333333333333,0.212799312570774,0.0183096907596801,-147.734273232981
11.7666666666667,0.207528101248058,0.0210235307505144,-147.734280370425
11.8,0.202314072153968,0.0233466431456254,-147.734287253906
11.8333333333333,0.197191699056553,0.0252383092854568,-147.73429386886
11.8666666666667,0.192194808602443,0.0266655392530612,-147.734300203351
11.9,0.18735635395057,0.0276036286152116,-147.734306246401
11.9333333333333,0.182708202444958,0.0280365630525556,-147.734311986529
11.9666666666667,0.178280924960724,0.0279572878365648,-147.734317410583
12,0.174103604182063,0.0273678819754926,-147.734322502942
12.0333333333333,0.170203631657114,0.0262797028252505,-147.734327245126
12.0666666666667,0.166606564806219,0.0247132337483055,-147.734331615836
12.1,0.163335931536616,0.0226976821897735,-147.734335591486
12.1333333333333,0.160413098958838,0.0202704208882881,-147.734339147054
12.1666666666667,0.157857137840138,0.0174762748975311,-147.734342257219
12.2,0.155684702490312,0.0143666750816467,-147.734344897661
12.2333333333333,0.153909927674787,0.0109986864388947,-147.73434704642
12.2666666666667,0.152544343416502,0.00743394742514939,-147.734348685161
12.3,0.15159680294429,0.00373752212332471,-147.734349800273
12.3333333333333,0.151073430795203,-2.3288350249624e-05,-147.734350383677
12.3666666666667,0.15097758501851,-0.00378017845629097,-147.734350433297
12.4,0.151309818599717,-0.00746506280309267,-147.734349953153
12.4333333333333,0.152067789696389,-0.0110113019131546,-147.734348953139
12.4666666666667,0.153246216016462,-0.0143548756668586,-147.734347448398
12.5,0.154836922385658,-0.0174355142929113,-147.734345458324
12.5333333333333,0.156828904729589,-0.0201977427545218,-147.734343005325
12.5666666666667,0.159208414606006,-0.0225918459546242,-147.734340113456
12.6,0.16195906419414,-0.0245747160159791,-147.734336807033
12.6333333333333,0.165061953488339,-0.0261105949277311,-147.734333109327
12.6666666666667,0.168495811353374,-0.0271716758628163,-147.734329041461
12.7,0.172237158273482,-0.0277385803031967,-147.734324621605
12.7333333333333,0.176260478865041,-0.0278006837771706,-147.734319864528
12.7666666666667,0.180538410309493,-0.0273563600350812,-147.734314781574
12.8,0.185041956403511,-0.0264131889898189,-147.73430938102
12.8333333333333,0.189740670066254,-0.0249878906798606,-147.73430366896
12.8666666666667,0.194602897585897,-0.0231059994345956,-147.734297650526
12.9,0.199595996859717,-0.0208013814663563,-147.734291331463
12.9333333333333,0.204686560631123,-0.0181155960801848,-147.734284719919
12.9666666666667,0.209840656155399,-0.0150971102719558,-147.734277828287
13,0.215024052497797,-0.0118003936873354,-147.734270675009
13.0333333333333,0.220202455659276,-0.00828489980850038,-147.734263286172
13.0666666666667,0.225341734981561,-0.00461397159274312,-147.734255696784
13.1,0.230408150220518,-0.000853672921175284,-147.7342479516
13.1333333333333,0.235368568795272,0.00292840713601947,-147.734240105435
13.1666666666667,0.240190679781225,0.00666438130172995,-147.734232222909
13.2,0.244843196676,0.0102872707681582,-147.734224377597
13.2333333333333,0.249296053347048,0.013732200747692,-147.734216650624
13.2666666666667,0.253520587975709,0.0169375328777723,-147.734209128761
13.3,0.257489717023106,0.0198459478426782,-147.734201902109
13.3333333333333,0.261178096803435,0.0224054292351229,-147.734195061494
13.3666666666667,0.26456227247021,0.0245701647405627,-147.734188695712
13.4,0.267620814481552,0.0263013215165024,-147.734182888759
13.4333333333333,0.270334440429029,0.0275677128358241,-147.734177717212
13.4666666666667,0.27268612440332,0.0283463208085824,-147.734173247874
13.5,0.274661190201767,0.0286226915231795,-147.73416953583
13.5333333333333,0.276247393076496,0.0283911843961048,-147.734166622984
13.5666666666667,0.277434980289471,0.0276551735183992,-147.734164537159
13.6,0.278216744558714,0.0264271609542342,-147.734163291763
13.6333333333333,0.278588065353322,0.0247285811176366,-147.734162886098
13.6666666666667,0.278546917281683,0.0225893872944836,-147.73416330627
13.7,0.278093922767722,0.0200474923184232,-147.734164526481
13.7333333333333,0.277232432160668,0.0171480640126814,-147.734166510634
13.7666666666667,0.27596851881336,0.0139426686170329,-147.734169214328
13.8,0.274310928717877,0.0104883285761403,-147.734172587044
13.8333333333333,0.272271012810166,0.00684646034836396,-147.734176574314
13.8666666666667,0.269862643208217,0.00308175469832568,-147.734181119759
13.9,0.267102109817753,-0.000739003642725873,-147.734186166865
13.9333333333333,0.264008002713713,-0.00454813400431357,-147.734191660421
13.9666666666667,0.260601077964868,-0.00827827594129845,-147.734197547546
14,0.256904110599966,-0.0118635748831495,-147.734203778281
14.0333333333333,0.252941734189265,-0.015240845975583,-147.734210305754
14.0666666666667,0.248740269466036,-0.0183506662039049,-147.734217085957
14.1,0.244327542952351,-0.021138407798716,-147.734224077187
14.1333333333333,0.23973269682812,-0.0235551667603179,-147.734231239267
14.1666666666667,0.234985992245361,-0.0255586017459422,-147.734238532611
14.2,0.230118606324639,-0.0271136434939618,-147.734245917277
14.2333333333333,0.225162425930851,-0.0281930906470236,-147.734253352094
14.2666666666667,0.220149837700885,-0.0287780603219557,-147.734260793972
14.3,0.215113517967106,-0.0288583100264488,-147.734268197468
14.3333333333333,0.210086218664547,-0.0284324604905717,-147.734275514672
14.3666666666667,0.205100574129927,-0.0275081995414812,-147.734282695394
14.4,0.200188862538552,-0.0261022101403929,-147.734289687815
14.4333333333333,0.19538283559566,-0.0242398490704911,-147.734296439406
14.4666666666667,0.190713507557187,-0.0219546657805555,-147.734302898209
14.5,0.186210962032404,-0.0192877695339435,-147.734309014287
14.5333333333333,0.181904171839574,-0.0162870588181797,-147.734314741272
14.5666666666667,0.177820820452702,-0.0130063233581544,-147.7343200379
14.6,0.173987134558102,-0.0095042500813628,-147.734324869393
14.6333333333333,0.17042772579913,-0.00584333703505795,-147.734329208599
14.6666666666667,0.167165442837518,-0.00208875709088175,-147.734333036776
14.7,0.164221233716229,0.00169282920576457,-147.734336343959
14.7333333333333,0.161614020938696,0.00543446371510169,-147.73433912887
14.7666666666667,0.159360586781063,0.0090700893097111,-147.734341398356
14.8,0.157475473405475,0.0125357068931493,-147.734343166376
14.8333333333333,0.155970893225616,0.0157705008802665,-147.734344452605
14.8666666666667,0.154856655699428,0.0187178845362572,-147.734345280731
14.9,0.154140104412508,0.0213264784981752,-147.734345676551
14.9333333333333,0.153826071820883,0.0235509784705516,-147.734345665997
14.9666666666667,0.153916841777845,0.0253529274009036,-147.73434527321
15,0.154412090818556,0.0267013537360038,-147.734344518846
15.0333333333333,0.155308796626572,0.0275732914239914,-147.734343418721
15.0666666666667,0.156601235775564,0.0279541617412668,-147.734341982787
15.1,0.15828102179238,0.0278380090873967,-147.734340214564
15.1333333333333,0.160337161044478,0.0272276741291099,-147.734338111076
15.1666666666667,0.162756118691845,0.0261349105484169,-147.734335663316
15.2,0.165521931269294,0.0245802036641653,-147.734332857237
15.2333333333333,0.16861629080391,0.022592370561083,-147.734329675267
15.2666666666667,0.172018685892287,0.0202080124307176,-147.734326098159
15.3,0.175706541487964,0.0174708191511431,-147.734322107122
15.3333333333333,0.179655373239325,0.0144307486307058,-147.734317686073
15.3666666666667,0.18383895825691,0.0111430877890779,-147.73431282386
15.4,0.188229516032869,0.00766743016251668,-147.734307516328
15.4333333333333,0.192797900132989,0.00406657185978716,-147.734301768079
15.4666666666667,0.197513798228225,0.000405370092406458,-147.734295593827
15.5,0.202345940419548,-0.0032504386521977,-147.734289019253
15.5333333333333,0.207262311270931,-0.00683541159789596,-147.734282081312
15.5666666666667,0.212230368515525,-0.01028557145305,-147.734274827972
15.6,0.217217260764206,-0.0135395266563895,-147.73426731741
15.6333333333333,0.222190050029584,-0.0165395517327636,-147.734259616698
15.6666666666667,0.227115928925922,-0.0192325798567642,-147.734251800088
15.7,0.231962440688353,-0.0215711219948824,-147.734243946967
15.7333333333333,0.236697690008619,-0.0235140700207564,-147.734236139634
15.7666666666667,0.241290554643723,-0.0250273993183818,-147.734228460999
15.8,0.245710884542689,-0.0260847357502507,-147.734220992351
15.8333333333333,0.24992969970249,-0.0266678020164703,-147.734213811299
15.8666666666667,0.253919372857307,-0.026766718844114,-147.734206989999
15.9,0.257653805253412,-0.0263802181157209,-147.734200593735
15.9333333333333,0.261108606369586,-0.0255158220170799,-147.734194679863
15.9666666666667,0.264261218640083,-0.0241897740915054,-147.734189297306
16,0.267091084150511,-0.0224267201748523,-147.734184486408
16.0333333333333,0.269579767319618,-0.0202592372189623,-147.734180279249
16.0666666666667,0.271711062894789,-0.0177272157599321,-147.734176700293
16.1,0.273471103641907,-0.0148771028572925,-147.734173767265
16.1333333333333,0.274848441410076,-0.0117610324593939,-147.734171492182
16.1666666666667,0.275834120078909,-0.00843584792465136,-147.734169882407
16.2,0.276421728859604,-0.00496205400561775,-147.734168941633
16.2333333333333,0.276607442721766,-0.00140269870559371,-147.734168670705
16.2666666666667,0.276390053607342,0.00217776933243791,-147.734169068177
16.3,0.27577104387775,0.00571467415948484,-147.734170130485
16.3333333333333,0.274754646312727,0.00914425964049015,-147.734171851796
16.3666666666667,0.273347816827113,0.01240483397816,-147.734174223706
16.4,0.27156017886273,0.0154378488845511,-147.734177234691
16.4333333333333,0.269403951992941,0.0181889265840709,-147.734180869367
16.4666666666667,0.266893861043217,0.0206087971275288,-147.734185107623
16.5,0.26404702423229,0.0226541533593344,-147.734189923753
16.5333333333333,0.260882827745229,0.024288384719002,-147.734195285634
16.5666666666667,0.257422779956787,0.0254822067668472,-147.734201154095
16.6,0.253690355694577,0.0262141518751153,-147.734207482529
16.6333333333333,0.249710822072816,0.0264709371989324,-147.734214216829
16.6666666666667,0.245511059214355,0.0262476935479281,-147.734221295702
16.7,0.241119359419562,0.0255481477317932,-147.734228651372
16.7333333333333,0.236565233937599,0.0243847046433215,-147.734236210654
16.7666666666667,0.231879203810435,0.0227782417166918,-147.73424389645
16.8,0.227092577844436,0.0207577046558388,-147.734251629566
16.8333333333333,0.222237242657505,0.0183595644095317,-147.734259330744
16.8666666666667,0.217345444334829,0.0156271321350641,-147.734266922809
16.9,0.212449565928355,0.0126097451062127,-147.734274332822
16.9333333333333,0.207581914598818,0.00936185140770822,-147.734281494085
16.9666666666667,0.202774504400597,0.0059419975186078,-147.734288347906
17,0.198058849320903,0.00241175770684843,-147.734294844984
17.0333333333333,0.193465757487899,-0.00116539513006293,-147.734300946367
17.0666666666667,0.189025136103412,-0.00472523119461876,-147.734306623882
17.1,0.184765801369457,-0.00820392346378663,-147.734311860053
17.1333333333333,0.180715299977909,-0.011539176066026,-147.734316647477
17.1666666666667,0.176899738778482,-0.0146713313287224,-147.734320987723
17.2,0.173343626480078,-0.0175444067084297,-147.734324889817
17.2333333333333,0.170069726289365,-0.020107075125684,-147.734328368402
17.2666666666667,0.167098920746214,-0.0223135435330729,-147.734331441698
17.3,0.164450089760381,-0.0241243453390312,-147.734334129386
17.3333333333333,0.16214000080842,-0.0255070076343597,-147.734336450542
17.3666666666667,0.160183214092068,-0.0264366093186508,-147.734338421752
17.4,0.15859199968648,-0.0268961990558069,-147.734340055524
17.4333333333333,0.157376270750175,-0.0268770912428503,-147.734341359078
17.4666666666667,0.156543528119626,-0.0263790792480257,-147.734342333586
17.5,0.156098829811692,-0.0254106059959503,-147.734342973885
17.5333333333333,0.156044744634211,-0.02398865362143,-147.734343268758
17.5666666666667,0.156381347079837,-0.0221384170688572,-147.734343201687
17.6,0.157106128179667,-0.0198928408758244,-147.734342752146
17.6333333333333,0.158213979116304,-0.0172919844270084,-147.734341897181
17.6666666666667,0.159697235436301,-0.0143822891054862,-147.734340613183
17.7,0.161545735842636,-0.0112157077246353,-147.734338877772
17.7333333333333,0.16374689718146,-0.00784874566442094,-147.734336671676
17.7666666666667,0.166285808903379,-0.00434142068419138,-147.734333980463
17.8,0.169145340657476,-0.000756173158706245,-147.734330796031
17.8333333333333,0.172306266999487,0.00284326935074006,-147.734327117753
17.8666666666667,0.175747403957252,0.0063930288180464,-147.734322953227
17.9,0.179445759575381,0.00983022027482135,-147.734318318579
17.9333333333333,0.183376694669681,0.0130940540404177,-147.734313238336
17.9666666666667,0.187514094210273,0.0161269066033044,-147.734307744872
18,0.191830546921891,0.0188753135650987,-147.734301877502
18.0333333333333,0.196297532087035,0.0212908976728253,-147.734295681286
18.0666666666667,0.200885612341134,0.0233311896210539,-147.734289205639
18.1,0.205564630307844,0.02496035639605,-147.734282502852
18.1333333333333,0.210303908866257,0.0261498013402681,-147.734275626623
18.1666666666667,0.215072452082353,0.0268786508785718,-147.734268630699
18.2,0.219839147371051,0.027134100267308,-147.734261567718
18.2333333333333,0.224572966898276,0.0269116407909375,-147.734254488305
18.2666666666667,0.229243159835553,0.0262152301720907,-147.734247440478
18.3,0.233819455018294,0.0250573688832987,-147.734240469364
18.3333333333333,0.238272252570556,0.0234588861149417,-147.734233617275
18.3666666666667,0.24257279447833,0.0214485399300619,-147.734226924124
18.4,0.24669335454355,0.0190624786607268,-147.734220428037
18.4333333333333,0.250607404432373,0.0163435609703985,-147.734214166137
18.4666666666667,0.254289774881366,0.0133405580100139,-147.734208175389
18.5,0.257716809149776,0.0101072445359355,-147.734202493394
18.5333333333333,0.260866505174821,0.00670141151988097,-147.734197159042
18.5666666666667,0.263718648068667,0.00318380292306324,-147.734192212931
18.6,0.266254930948699,-0.000382982012816266,-147.73418769748
18.6333333333333,0.268459065078157,-0.00393562295418775,-147.734183656696
18.6666666666667,0.270316876647371,-0.00741120296894394,-147.734180135571
18.7,0.271816392905866,-0.0107483298860443,-147.734177179118
18.7333333333333,0.272947913264169,-0.0138882072267983,-147.734174831091
18.7666666666667,0.273704069875417,-0.0167756651618146,-147.734173132449
18.8,0.274079871902484,-0.0193601064206599,-147.734172119653
18.8333333333333,0.274072740253358,-0.0215963802884564,-147.734171822901
18.8666666666667,0.273682550252606,-0.0234455456841186,-147.734172264366
18.9,0.272911716238214,-0.0248755293612012,-147.73417345649
18.9333333333333,0.271765206320543,-0.0258616720150333,-147.734175400669
18.9666666666667,0.270250509857717,-0.0263871318023383,-147.734178086353
19,0.268377585539741,-0.0264431674278363,-147.734181490607
19.0333333333333,0.266158793207513,-0.0260293367327115,-147.734185578151
19.0666666666667,0.263608821281821,-0.0251536506546234,-147.734190301881
19.1,0.260744560254652,-0.0238324816282677,-147.734195603984
19.1333333333333,0.257585009385942,-0.0220902426054149,-147.734201417455
19.1666666666667,0.254151137516266,-0.0199589231566127,-147.734207668061
19.2,0.250465734690593,-0.0174774855912228,-147.734214276593
19.2333333333333,0.246553259534861,-0.0146911288950106,-147.73422116128
19.2666666666667,0.242439668142618,-0.0116504462677423,-147.734228240254
19.3,0.238152236614163,-0.00841048076892076,-147.734235433921
19.3333333333333,0.233719374377777,-0.00502971482605939,-147.734242667112
19.3666666666667,0.22917043008226,-0.0015689941308918,-147.734249870913
19.4,0.224535493215185,0.00190957071037581,-147.734256984069
19.4333333333333,0.219845189931934,0.0053437288541662,-147.734263953919
19.4666666666667,0.215130478792389,0.0086721930956385,-147.734270736818
19.5,0.210422442422648,0.011835731306684,-147.734277298061
19.5333333333333,0.205752083198605,0.0147781982055717,-147.734283611335
19.5666666666667,0.201150116552849,0.0174475192620061,-147.734289657763
19.6,0.196646772065504,0.019796582578469,-147.734295424629
19.6333333333333,0.192271593917793,0.021784052704781,-147.734300903881
19.6666666666667,0.18805325239336,0.0233750678627332,-147.734306090527
19.7,0.184019356495076,0.0245418351796512,-147.734310981044
19.7333333333333,0.180196280312698,0.0252640929811618,-147.734315571892
19.7666666666667,0.176608992238441,0.0255294538990337,-147.734319858251
19.8,0.173280901097218,0.0253336146362357,-147.734323833043
19.8333333333333,0.170233701172256,0.0246805177292749,-147.734327486296
19.8666666666667,0.167487245053754,0.0235824129079261,-147.734330804866
19.9,0.165059418241994,0.0220596474091099,-147.734333772585
19.9333333333333,0.162966020313848,0.0201402697954762,-147.73433637078
19.9666666666667,0.161220673575933,0.0178595006644587,-147.734338579092
20,0.159834738328226,0.0152590693356045,-147.734340376523
20.0333333333333,0.158817239538249,0.0123864276413401,-147.734341742636
20.0666666666667,0.158174814169164,0.00929386848477049,-147.734342658778
20.1,0.157911667744738,0.00603755223094567,-147.734343109252
20.1333333333333,0.158029546084393,0.00267647936916627,-147.734343082332
20.1666666666667,0.158527679144109,-0.000728594186892159,-147.734342571094
20.2,0.159402712462763,-0.00411624940935359,-147.734341573992
20.2333333333333,0.160648717459421,-0.00742551187395317,-147.734340095052
20.2666666666667,0.162257239165086,-0.0105969370298203,-147.734338143718
20.3,0.164217357402279,-0.0135736630558548,-147.7343357344
20.3333333333333,0.166515766627094,-0.0163024016952212,-147.734332885759
20.3666666666667,0.169136875255859,-0.0187343732895674,-147.734329619794
20.4,0.172062918510139,-0.0208261421328772,-147.734325960804
20.4333333333333,0.175274090214232,-0.0225403693780977,-147.734321934323
20.4666666666667,0.17874868475346,-0.0238464446790392,-147.734317566109
20.5,0.182463256514361,-0.0247210124728822,-147.734312881269
20.5333333333333,0.186392785864181,-0.025148363227457,-147.734307903609
20.5666666666667,0.190510860325488,-0.0251207070770024,-147.734302655244
20.6,0.194789858853622,-0.0246383667713425,-147.73429715652
20.6333333333333,0.199201154464503,-0.023709920580889,-147.734291426225
20.6666666666667,0.203715294457053,-0.0223520799599632,-147.734285482188
20.7,0.208302227808974,-0.0205893684486659,-147.734279342098
20.7333333333333,0.21293149639095,-0.0184536601132172,-147.734273024608
20.7666666666667,0.217572445287604,-0.0159835791110346,-147.734266550538
20.8,0.222194428204574,-0.0132237780203805,-147.73425994412
20.8333333333333,0.226767012233835,-0.0102241022887733,-147.734253234174
20.8666666666667,0.231260175911877,-0.00703867061149125,-147.734246455104
20.9,0.235644506780882,-0.00372487382727115,-147.734239647622
20.9333333333333,0.239891388499698,-0.000342331552364907,-147.734232859123
20.9666666666667,0.243973184764808,0.00304819535439506,-147.734226143649
21,0.247863411830641,0.0063858916221874,-147.734219561409
21.0333333333333,0.251536904519005,0.00961098021977804,-147.734213177868
21.0666666666667,0.254969970415884,0.0126657738749373,-147.734207062418
21.1,0.258140534687494,0.0154956960573109,-147.734201286692
21.1333333333333,0.261028272910352,0.0180502257630723,-147.734195922607
21.1666666666667,0.263614732118016,0.0202837796616086,-147.734191040228
21.2,0.26588343990202,0.0221564900808187,-147.734186705568
21.2333333333333,0.267819999790471,0.0236348939293508,-147.734182978445
21.2666666666667,0.269412174870517,0.0246924974031618,-147.734179910506
21.3,0.270649956210325,0.0253102315988913,-147.734177543528
21.3333333333333,0.271525619809426,0.0254767719120476,-147.734175908085
21.3666666666667,0.272033770044278,0.0251887482046103,-147.734175022654
21.4,0.272171356871251,0.0244509107341044,-147.7341748932
21.4333333333333,0.271937718463365,0.0232761612060941,-147.734175513206
21.4666666666667,0.271334634053275,0.0216853295203599,-147.734176864164
21.5,0.270366352716626,0.0197067650999161,-147.734178916552
21.5333333333333,0.269039572850494,0.0173758182614732,-147.734181631261
21.5666666666667,0.267363383080236,0.0147341779162377,-147.734184961351
21.6,0.265349196882543,0.0118290946073393,-147.734188853987
21.6333333333333,0.263010667070707,0.00871250510098265,-147.734193252444
21.6666666666667,0.260363586968389,0.00544008056923792,-147.734198098061
21.7,0.257425775047308,0.00207020430445085,-147.734203332044
21.7333333333333,0.254216948362905,-0.0013370816883807,-147.734208897007
21.7666666666667,0.250758581569546,-0.00472116378368647,-147.734214738203
21.8,0.247073756569444,-0.00802193291200421,-147.734220804377
21.8333333333333,0.243187000904596,-0.0111808564583593,-147.734227048237
21.8666666666667,0.239124118567277,-0.0141420004495157,-147.734233426545
21.9,0.23491201293594,-0.0168530123489209,-147.734239899867
21.9333333333333,0.230578504132291,-0.0192660210342914,-147.734246432041
21.9666666666667,0.226152141856871,-0.021338466956791,-147.734252989439
22,0.221662014786657,-0.0230338236693051,-147.734259540106
22.0333333333333,0.217137558654852,-0.0243222249652004,-147.734266052867
22.0666666666667,0.212608363084628,-0.0251809654851262,-147.734272496507
22.1,0.208103980056919,-0.0255948888025737,-147.734278839084
22.1333333333333,0.203653733078673,-0.02555664268081,-147.73428504746
22.1666666666667,0.199286530594039,-0.025066871783454,-147.734291087072
22.2,0.195030688136643,-0.0241343457109006,-147.734296921985
22.2333333333333,0.190913736868586,-0.0227758337781791,-147.734302515278
22.2666666666667,0.18696226916929,-0.0210157804240372,-147.734307829685
22.3,0.183201765951166,-0.0188858476538154,-147.734312828492
22.3333333333333,0.179656440474678,-0.0164243220943863,-147.734317476591
22.3666666666667,0.176349093616259,-0.0136753978127701,-147.734321741597
22.4,0.173300973876163,-0.0106883581733965,-147.73432559497
22.4333333333333,0.17053165011091,-0.00751666196045558,-147.734329013013
22.4666666666667,0.168058893924028,-0.00421696732027519,-147.734331977691
22.5,0.165898573017628,-0.000848094790510227,-147.734334477173
22.5333333333333,0.164064556732977,0.00253002981404998,-147.734336506072
22.5666666666667,0.162568632464975,0.00585745586393493,-147.734338065323
22.6,0.161420435780051,0.00907526731911521,-147.734339161725
22.6333333333333,0.16062739130507,0.0121266284561295,-147.734339807152
22.6666666666667,0.160194668603051,0.0149577713469376,-147.734340017487
22.7,0.160125148317156,0.0175189358307977,-147.734339811341
22.7333333333333,0.160419390213532,0.019765221834745,-147.734339208677
22.7666666666667,0.161075559314327,0.0216573561069638,-147.734338229446
22.8,0.162089398415461,0.0231623683134825,-147.734336892277
22.8333333333333,0.163454254097155,0.0242541405562044,-147.73433521329
22.8666666666667,0.165161124692334,0.0249138453384349,-147.734333205157
22.9,0.167198719256989,0.0251302663687851,-147.7343308765
22.9333333333333,0.169553538730398,0.0248999891357342,-147.734328231651
22.9666666666667,0.172209959819711,0.024227555454774,-147.73432527082
23,0.175150357565162,0.023125495061882,-147.734321990636
23.0333333333333,0.178355219030803,0.0216141029025173,-147.734318385118
23.0666666666667,0.181803274231321,0.0197210470043812,-147.734314446979
23.1,0.185471649934539,0.0174808481932366,-147.734310169155
23.1333333333333,0.18933602410387,0.0149342326736887,-147.734305546504
23.1666666666667,0.193370791987008,0.0121273678775903,-147.734300577533
23.2,0.197549242023221,0.0091110082670095,-147.734295266047
23.2333333333333,0.201843736804716,0.00593955413949336,-147.734289622608
23.2666666666667,0.206225899960956,0.00267005975559402,-147.734283665702
23.3,0.210666807668817,-0.00063880998441267,-147.734277422531
23.3333333333333,0.215137181347431,-0.00392783194393998,-147.734270929377
23.3666666666667,0.219607583746923,-0.00713829126928335,-147.734264231501
23.4,0.224048612245371,-0.0102130170282402,-147.734257382581
23.4333333333333,0.228431094029699,-0.0130973958617171,-147.734250443703
23.4666666666667,0.23272627484339,-0.0157403193839739,-147.734243481978
23.5,0.236906008109906,-0.0180950771459548,-147.734236568849
23.5333333333333,0.240942934385328,-0.0201201545044092,-147.734229778176
23.5666666666667,0.244810659679848,-0.0217799488487441,-147.734223184216
23.6,0.248483921372703,-0.0230453694311647,-147.734216859605
23.6333333333333,0.251938751498306,-0.0238943344664337,-147.734210873431
23.6666666666667,0.255152625432052,-0.024312138376561,-147.734205289523
23.7,0.258104606245352,-0.0242917047511339,-147.734200165007
23.7333333333333,0.260775473099168,-0.0238337600370123,-147.734195549215
23.7666666666667,0.263147848924953,-0.0229469546100382,-147.734191482933
23.8,0.265206290847018,-0.0216477330786086,-147.734187998134
23.8333333333333,0.2669374080305,-0.0199600161955994,-147.734185118026
23.8666666666667,0.268329931511738,-0.0179147489697595,-147.734182857519
23.9,0.269374787233494,-0.015549316082959,-147.734181223953
23.9333333333333,0.270065152619574,-0.0129068426022573,-147.734180218039
23.9666666666667,0.270396499554221,-0.0100353860875472,-147.734179834909
24,0.270366623021065,-0.00698704963581396,-147.734180065208
24.0333333333333,0.269975683573886,-0.00381701839837695,-147.73418089606
24.0666666666667,0.269226276591593,-0.000582551208754796,-147.734182311819
24.1,0.268123437849206,0.00265805458458556,-147.734184294719
24.1333333333333,0.266674603827547,0.00584651627517669,-147.734186825335
24.1666666666667,0.264889558539033,0.00892560932349838,-147.734189882791
24.2,0.262780362951687,0.0118401742999706,-147.734193444714
24.2333333333333,0.260361266360458,0.0145380954030996,-147.734197486986
24.2666666666667,0.257648604145405,0.0169712025779769,-147.734201983306
24.3,0.254660677992034,0.0190961137232225,-147.734206904652
24.3333333333333,0.25141762571285,0.0208749756824026,-147.734212218707
24.3666666666667,0.247941274596172,0.0222761188107899,-147.734217889316
24.4,0.244254987841538,0.0232745915481723,-147.734223876065
24.4333333333333,0.240383496201397,0.0238525892920773,-147.734230134041
24.4666666666667,0.236352726223746,0.0239997519458944,-147.734236613826
24.5,0.232189618781666,0.0237133570196038,-147.734243261766
24.5333333333333,0.227921934490407,0.0229984679781077,-147.73425002054
24.5666666666667,0.223578069648335,0.0218679475200304,-147.734256829988
24.6,0.219186867172583,0.0203422150750718,-147.734263628248
24.6333333333333,0.214777406741338,0.0184488623294748,-147.734270353138
24.6666666666667,0.210378820168986,0.0162221371678207,-147.734276943651
24.7,0.206020092370728,0.0137022997717477,-147.734283341537
24.7333333333333,0.201729872670265,0.0109348750554233,-147.734289492846
24.7666666666667,0.197536285717028,0.00796980505170538,-147.734295349344
24.8,0.193466751457672,0.00486053285839259,-147.734300869705
24.8333333333333,0.189547807567821,0.00166301925136265,-147.73430602041
24.8666666666667,0.185804942866323,-0.00156526892411262,-147.734310776279
24.9,0.182262435765322,-0.00476640179191596,-147.734315120608
24.9333333333333,0.178943204431272,-0.00788301733027147,-147.734319044888
24.9666666666667,0.175868664818963,-0.0108593475698126,-147.734322548135
25,0.173058600594967,-0.0136421954418754,-147.734325635854
25.0333333333333,0.170531043441466,-0.0161818733026927,-147.734328318706
25.0666666666667,0.168302165192977,-0.0184330604723357,-147.734330610974
25.1,0.166386182431808,-0.0203555932353282,-147.734332528892
25.1333333333333,0.164795272696859,-0.0219151492090409,-147.734334088977
25.1666666666667,0.163539504794616,-0.0230838405705372,-147.734335306441
25.2,0.162626780395097,-0.0238406846152878,-147.734336193795
25.2333333333333,0.162062790943608,-0.0241719657841141,-147.734336759729
25.2666666666667,0.161850984806108,-0.0240714712981695,-147.734337008334
25.3,0.161992549434656,-0.0235406736629121,-147.734336938708
25.3333333333333,0.162486360193866,-0.0225888313892724,-147.734336545018
25.3666666666667,0.163328928274248,-0.021232837495814,-147.734335817023
25.4,0.164514430397866,-0.019496896424491,-147.734334740921
25.4333333333333,0.166034749358096,-0.0174120778123843,-147.734333300525
25.4666666666667,0.167879534141184,-0.0150157320882877,-147.734331478702
25.5,0.170036279307273,-0.0123507947689354,-147.734329258946
25.5333333333333,0.172490413574677,-0.00946499398390815,-147.734326627024
25.5666666666667,0.175225407380241,-0.00640996699170129,-147.734323572547
25.6,0.178222889887888,-0.00324031927889864,-147.734320090394
25.6333333333333,0.18146278091713,-1.26263367512206e-05,-147.734316181881
25.6666666666667,0.184923431524437,0.00321558230294482,-147.73431185562
25.7,0.18858177632744,0.00638686013209601,-147.734307128002
25.7333333333333,0.19241349279065,0.00944485909665786,-147.7343020233
25.7666666666667,0.196393169046578,0.0123353307813345,-147.734296573382
25.8,0.200494476826548,0.0150070703124825,-147.734290817067
25.8333333333333,0.204690349628966,0.0174128137240126,-147.734284799175
25.8666666666667,0.208953164057179,0.0195100483536859,-147.734278569337
25.9,0.213254923187722,0.0212617491642841,-147.734272180645
25.9333333333333,0.217567441117802,0.0226370055543674,-147.734265688241
25.9666666666667,0.221862526552978,0.0236115523239163,-147.734259147914
26,0.226112165593856,0.024168176191721,-147.734252614812
26.0333333333333,0.230288700873149,0.0242970110334759,-147.734246142317
26.0666666666667,0.234365010666813,0.0239957171140474,-147.734239781157
26.1,0.23831467027028,0.0232696302583623,-147.734233578786
26.1333333333333,0.242112126288849,0.0221317603022082,-147.73422757903
26.1666666666667,0.245732857373262,0.0206025454582951,-147.734221822051
26.2,0.249153516484766,0.018709468573967,-147.73421634459
26.2333333333333,0.252352079142613,0.0164865441387921,-147.734211180387
26.2666666666667,0.255307976347061,0.0139736836528199,-147.734206360756
26.3,0.258002218407193,0.0112159521277819,-147.73420191522
26.3333333333333,0.26041751019006,0.00826273854776075,-147.734197872113
26.3666666666667,0.262538354358384,0.00516684476360119,-147.734194259099
26.4,0.26435114424562,0.00198352688089881,-147.734191103506
26.4333333333333,0.265844245353762,-0.00123051095518541,-147.734188432442
26.4666666666667,0.267008064487179,-0.00441813033926526,-147.734186272652
26.5,0.267835107859506,-0.00752278420151185,-147.734184650107
26.5333333333333,0.268320025493901,-0.010489511652909,-147.734183589321
26.5666666666667,0.268459644904166,-0.0132659100901731,-147.734183112453
26.6,0.268252997207425,-0.0158030438942228,-147.734183238215
26.6333333333333,0.267701377777259,-0.0180562921397663,-147.734183980593
26.6666666666667,0.266808384845541,-0.0199861204381413,-147.734185347569
26.7,0.265579900870639,-0.0215587543444883,-147.734187339984
26.7333333333333,0.264024048635079,-0.0227467486821729,-147.734189950588
26.7666666666667,0.262151138116692,-0.0235294595364095,-147.734193163311
26.8,0.259973593668475,-0.0238933855055655,-147.734196952858
26.8333333333333,0.257505868878306,-0.0238324020250771,-147.734201284649
26.8666666666667,0.254764346978138,-0.0233479246936034,-147.734206115141
26.9,0.251767229069357,-0.0224490063847597,-147.734211392533
26.9333333333333,0.248534398206467,-0.0211521910064925,-147.734217057887
26.9666666666667,0.245087298750342,-0.0194811949684866,-147.734223046551
27,0.241448778100746,-0.0174664615008891,-147.734229289896
27.0333333333333,0.237642932854359,-0.0151445876903591,-147.734235717206
27.0666666666667,0.233694945599586,-0.0125576426197671,-147.734242257667
27.1,0.229630913202816,-0.00975238236139364,-147.734248842318
27.1333333333333,0.22547767103515,-0.00677939012351095,-147.734255405877
27.1666666666667,0.221262612492043,-0.00369214347238388,-147.734261888343
27.2,0.217013506409525,-0.000546045103006558,-147.73426823628
27.2333333333333,0.212758311867887,0.00260258478762029,-147.734274403729
27.2666666666667,0.208524994533634,0.00569751323439788,-147.734280352713
27.3,0.204341341669028,0.00868360222512106,-147.734286053307
27.3333333333333,0.200234782284063,0.0115077765430101,-147.734291483298
27.3666666666667,0.196232207251477,0.0141199610338676,-147.734296627482
27.4,0.192359797772236,0.0164739459167109,-147.734301476625
27.4333333333333,0.188642855111442,0.0185281918735158,-147.734306026219
27.4666666666667,0.185105641444008,0.0202465376223757,-147.734310275062
27.5,0.181771223265639,0.0215988228794517,-147.73431422382
27.5333333333333,0.178661328177572,0.0225613955563095,-147.734317873615
27.5666666666667,0.17579620551346,0.0231175159374569,-147.734321224771
27.6,0.173194502088648,0.0232576344299126,-147.734324275762
27.6333333333333,0.170873145954174,0.022979568553323,-147.734327022451
27.6666666666667,0.168847233385223,0.0222886359378625,-147.734329457637
27.7,0.167129942905976,0.0211976486630291,-147.734331570935
27.7333333333333,0.165732457411258,0.0197266689600803,-147.734333349023
27.7666666666667,0.164663882221674,0.0179026299901301,-147.734334776215
27.8,0.163931197560199,0.0157588310261805,-147.734335835279
27.8333333333333,0.163539210799421,0.0133343105596725,-147.73433650845
27.8666666666667,0.163490527363198,0.0106731211271836,-147.73433677856
27.9,0.163785517975867,0.0078235103466924,-147.734336630202
27.9333333333333,0.164422254875236,0.00483702847034062,-147.73433605088
27.9666666666667,0.16539649128416,0.00176759303312462,-147.734335031994
28,0.166701692867011,-0.00132949694794628,-147.734333569577
28.0333333333333,0.168329084465276,-0.0043985620260945,-147.734331664786
28.0666666666667,0.170267712660337,-0.00738453134091248,-147.734329324108
28.1,0.172504525070839,-0.0102339301735267,-147.734326559282
28.1333333333333,0.175024463435276,-0.0128958161514608,-147.734323386965
28.1666666666667,0.177810572832896,-0.0153226786158573,-147.734319828146
28.2,0.180844121589761,-0.0174712590285828,-147.734315907402
28.2333333333333,0.184104736603853,-0.0193033053695529,-147.734311652025
28.2666666666667,0.187570545988048,-0.0207862241634828,-147.734307091117
28.3,0.191218335777163,-0.0218936438605823,-147.734302254708
28.3333333333333,0.195023710549666,-0.0226058595618161,-147.734297172988
28.3666666666667,0.198961266266764,-0.0229101724114654,-147.734291875677
28.4,0.203004762902051,-0.0228011075771484,-147.734286391632
28.4333333333333,0.207127311238409,-0.0222805813255445,-147.734280748653
28.4666666666667,0.211301549834826,-0.0213579759359312,-147.734274973552
28.5,0.21549983116341,-0.0200499844629902,-147.734269092483
28.5333333333333,0.219694413732493,-0.0183802893880873,-147.734263131471
28.5666666666667,0.223857642246236,-0.0163791200142618,-147.734257117128
28.6,0.227962129889502,-0.0140826873967348,-147.734251077448
28.6333333333333,0.231980941275158,-0.0115325068642452,-147.734245042621
28.6666666666667,0.235887763945114,-0.00877463070100246,-147.734239045787
28.7,0.239657080577003,-0.00585879461726576,-147.734233123631
28.7333333333333,0.243264329633331,-0.00283751025193158,-147.734227316772
28.7666666666667,0.246686062436535,0.000234896476492895,-147.734221669864
28.8,0.249900088689068,0.00330326233380873,-147.734216231391
28.8333333333333,0.25288561545304,0.00631258343409346,-147.734211053114
28.8666666666667,0.255623374314256,0.00920898940482877,-147.734206189204
28.9,0.258095739519079,0.0119407033080683,-147.734201695064
28.9333333333333,0.260286834318027,0.0144589449498255,-147.734197625912
28.9666666666667,0.262182626117168,0.0167187889001481,-147.734194035172
29,0.263771010077937,0.0186799374969127,-147.734190972785
29.0333333333333,0.265041879746905,0.020307422073175,-147.734188483505
29.0666666666667,0.265987186505624,0.0215721976337083,-147.734186605288
29.1,0.266600984682212,0.0224516448206001,-147.734185367869
29.1333333333333,0.266879465933333,0.0229299511361346,-147.734184791595
29.1666666666667,0.266820979922875,0.0229983847388202,-147.7341848866
29.2,0.266426074074682,0.0226554617698137,-147.734185652293
29.2333333333333,0.265697532884382,0.0219070861145895,-147.734187077229
29.2666666666667,0.264640397205375,0.0207665055335426,-147.734189139419
29.3,0.263261899982995,0.0192540753185408,-147.734191807184
29.3333333333333,0.261571420079133,0.0173968695738553,-147.734195040317
29.3666666666667,0.25958041577083,0.0152281774767149,-147.734198791544
29.4,0.257302338727839,0.0127868860291983,-147.734203008211
29.4333333333333,0.254752536383603,0.0101167561705951,-147.734207634067
29.4666666666667,0.251948143420066,0.00726561919026695,-147.73421261107
29.5,0.24890795803062,0.00428449564302974,-147.734217881101
29.5333333333333,0.245652310698884,0.00122667009987451,-147.734223387496
29.5666666666667,0.242202920470329,-0.00185327851293259,-147.734229076338
29.6,0.238582744994728,-0.00490045240829475,-147.734234897428
29.6333333333333,0.234815821372751,-0.00786062063822163,-147.734240804933
29.6666666666667,0.2309271023909,-0.0106811737965381,-147.734246757666
29.7,0.226942286790805,-0.0133120558765018,-147.734252719052
29.7333333333333,0.222887646703671,-0.0157066325684102,-147.734258656778
29.7666666666667,0.218789852296747,-0.0178225070048787,-147.734264542211
29.8,0.214675795394535,-0.0196222453977031,-147.734270349637
29.8333333333333,0.21057241332402,-0.0210740252398508,-147.734276055401
29.8666666666667,0.206506513533809,-0.0221521738250781,-147.734281637033
29.9,0.202504601182358,-0.0228376101218081,-147.73428707243
29.9333333333333,0.198592709246103,-0.0231181647088611,-147.73429233917
29.9666666666667,0.194796232771982,-0.0229887968388559,-147.734297414013
30,0.191139774073269,-0.0224517520755836,-147.734302272609
