0,0,0,0
0.0333333333333333,7.09138138785301e-08,-4.5195578827367e-13,-1.33513371516977e-09
0.0666666666666667,2.83642962286585e-07,-2.78438459511871e-11,-5.3399511997431e-09
0.1,6.38089553520591e-07,-2.98530298852819e-10,-1.20127517335817e-08
0.133333333333333,1.13392191120351e-06,-1.54962490086035e-09,-2.13508602011812e-08
0.166666666666667,1.77041414059454e-06,-5.38281871702277e-09,-3.33508418840497e-08
0.2,2.54633332497898e-06,-1.44843855435611e-08,-4.80087648474608e-08
0.233333333333333,3.45989186548807e-06,-3.26895961440505e-08,-6.53204860339647e-08
0.266666666666667,4.50875039697032e-06,-6.49351470735067e-08,-8.52819386930077e-08
0.3,5.69004733237167e-06,-1.17160785450682e-07,-1.07889400004538e-07
0.333333333333333,7.00043628966838e-06,-1.96204282724689e-07,-1.33139719467274e-07
0.366666666666667,8.43612145245892e-06,-3.09710475502144e-07,-1.61030491415685e-07
0.4,9.99288758488629e-06,-4.66058723086438e-07,-1.91560158953754e-07
0.433333333333333,1.16661249743343e-05,-6.74305302369361e-07,-2.24728041279656e-07
0.466666666666667,1.34508508877936e-05,-9.44135054007365e-07,-2.60534281483487e-07
0.5,1.53417292030183e-05,-1.28581722728397e-06,-2.98979717242804e-07
0.533333333333333,1.73330895834665e-05,-1.71016174952301e-06,-3.40065681971067e-07
0.566666666666667,1.94189470648088e-05,-2.22847369587442e-06,-3.83793748944089e-07
0.6,2.15930225905178e-05,-2.8525047099076e-06,-4.30165435159771e-07
0.633333333333333,2.38487647331766e-05,-3.59440093372219e-06,-4.79181885202393e-07
0.666666666666667,2.617937266019e-05,-4.46664745351181e-06,-5.30843557829633e-07
0.7,2.85778202891107e-05,-5.48200953152291e-06,-5.85149939267329e-07
0.733333333333333,3.10368815063006e-05,-6.65347105064841e-06,-6.42099307065327e-07
0.766666666666667,3.35491563030475e-05,-7.99417061862863e-06,-7.0168856713277e-07
0.8,3.6107097653933e-05,-9.51733583759831e-06,-7.63913183596124e-07
0.833333333333333,3.8703038973995e-05,-1.12362161980063e-05,-8.28767217390817e-07
0.866666666666667,4.13292219836259e-05,-1.31640150703727e-05,-8.96243483720565e-07
0.9,4.39778248275076e-05,-1.53138212200876e-05,-9.66333832983468e-07
0.933333333333333,4.66409902971557e-05,-1.76985402605348e-05,-1.0390295545078e-06
0.966666666666667,4.93108540120463e-05,-2.03308264382547e-05,-1.11432190622209e-06
1,5.19795724274571e-05,-2.32230152193907e-05,-1.19220274375364e-06
1.03333333333333,5.46393505298216e-05,-2.63870567472719e-05,-1.27266519558133e-06
1.06666666666667,5.72824691260537e-05,-2.98344512101766e-05,-1.35570438902896e-06
1.1,5.99013115832107e-05,-3.35761856946171e-05,-1.44131815524472e-06
1.13333333333333,6.24883899355567e-05,-3.76226734915501e-05,-1.52950770082958e-06
1.16666666666667,6.50363702362668e-05,-4.19836957800044e-05,-1.62027818947247e-06
1.2,6.75380970664132e-05,-4.66683461398993e-05,-1.71363919959156e-06
1.23333333333333,6.99866171138478e-05,-5.1684978261268e-05,-1.80960502981279e-06
1.26666666666667,7.23752017261379e-05,-5.70411570231514e-05,-1.90819482013437e-06
1.3,7.46973683660648e-05,-6.27436132188159e-05,-2.00943246356315e-06
1.33333333333333,7.69469008792156e-05,-6.8798202135154e-05,-2.11334630490613e-06
1.36666666666667,7.91178685245856e-05,-7.52098661951233e-05,-2.21996860731891e-06
1.4,8.12046436588577e-05,-8.19826017875044e-05,-2.32933482509412e-06
1.43333333333333,8.32019180733444e-05,-8.91194304675285e-05,-2.44148265208422e-06
1.46666666666667,8.51047178850449e-05,-9.66223745950207e-05,-2.55645090997086e-06
1.5,8.69084169359608e-05,-0.0001044924374829,-2.67427829459862e-06
1.53333333333333,8.8608748674698e-05,-0.000112729588157374,-2.79500199605034e-06
1.56666666666667,9.0201816470699e-05,-0.000121332750702842,-2.91865624870177e-06
1.6,9.16841023539945e-05,-0.000130299798109876,-3.04527090173199e-06
1.63333333333333,9.30524741271406e-05,-0.000139627550598368,-3.17487008961733e-06
1.66666666666667,9.4304190834045e-05,-0.000149311778379534,-3.30747106996795e-06
1.7,9.33945331100499e-05,-0.000158411620166411,-3.44311426654358e-06
1.73333333333333,9.07874037034305e-05,-0.000165758719142141,-3.58152333975193e-06
1.76666666666667,8.8517495126641e-05,-0.000172139966918801,-3.7225993254855e-06
1.8,8.65076520770921e-05,-0.000177776008228744,-3.8663637488916e-06
1.83333333333333,8.47046199924123e-05,-0.000182819164653146,-4.01283235811989e-06
1.86666666666667,8.30700610435555e-05,-0.000187379114790407,-4.1620152320783e-06
1.9,8.15754398483122e-05,-0.000191537514105999,-4.31391688587576e-06
1.93333333333333,8.01989334686909e-05,-0.00019535682870213,-4.4685363834189e-06
1.96666666666667,7.89234728003292e-05,-0.000198885934977497,-4.62586748106111e-06
2,7.77354514530872e-05,-0.000202163811062939,-4.78589883792526e-06
2.03333333333333,7.66238459838271e-05,-0.000205222052171075,-4.94861429904758e-06
2.06666666666667,7.55795993670427e-05,-0.00020808663327197,-5.11399323295158e-06
2.1,7.45951783962261e-05,-0.000210779174363495,-5.28201094449096e-06
2.13333333333333,7.36642492172302e-05,-0.000213317867848844,-5.45263916597524e-06
2.16666666666667,7.27814349350947e-05,-0.000215718171113618,-5.62584662304001e-06
2.2,7.19421315516584e-05,-0.000217993332202291,-5.80159966869704e-06
2.23333333333333,7.11423662645115e-05,-0.000220154794255237,-5.97986297571374e-06
2.26666666666667,7.03786867916892e-05,-0.000222212511143503,-6.16060027713216e-06
2.3,6.96480739264908e-05,-0.000224175196609254,-6.34377514236329e-06
2.33333333333333,6.89478717974247e-05,-0.000226050522726922,-6.52935177490959e-06
2.36666666666667,6.8275731512571e-05,-0.00022784528006705,-6.71729581928007e-06
2.4,6.7629565428957e-05,-0.000229565507468554,-6.90757516080008e-06
2.43333333333333,6.70075095259093e-05,-0.000231216598656802,-7.10016070656515e-06
2.46666666666667,6.64078924365276e-05,-0.000232803389855277,-7.29502713014229e-06
2.5,6.58292095412758e-05,-0.00023433023298282,-7.49215357043332e-06
2.53333333333333,6.52701013379253e-05,-0.000235801056697902,-7.69152426852742e-06
2.56666666666667,6.47293351934752e-05,-0.000237219417867249,-7.89312913172841e-06
2.6,6.42057898803517e-05,-0.000238588545182948,-8.09696421440923e-06
2.63333333333333,6.3698442382712e-05,-0.000239911376342763,-8.30303215575865e-06
2.66666666666667,6.3206356629986e-05,-0.000241190589730151,-8.51134260668996e-06
2.7,6.27286738098084e-05,-0.0002424286318544,-8.72191245445065e-06
2.73333333333333,6.22646039567756e-05,-0.000243627741476413,-8.93476581093325e-06
2.76666666666667,6.18134187176958e-05,-0.000244789970502616,-9.14993390120535e-06
2.8,6.13744450075722e-05,-0.000245917202571343,-9.36745478066598e-06
2.83333333333333,6.09470595081307e-05,-0.000247011169403853,-9.58737292605039e-06
2.86666666666667,6.05306838277604e-05,-0.00024807346544719,-9.80973869394483e-06
2.9,6.01247802448972e-05,-0.000249105561020986,-1.00346076549801e-05
2.93333333333333,5.9728847963969e-05,-0.00025010881414817,-1.02620398203473e-05
2.96666666666667,5.93424198410968e-05,-0.000251084481151465,-1.04920987861929e-05
3,5.89650593824914e-05,-0.000252033726633063,-1.07248507658962e-05
3.03333333333333,5.85963582082443e-05,-0.000252957632138083,-1.0960363604601e-05
3.06666666666667,5.8235933689673e-05,-0.000253857204442976,-1.11987057098374e-05
3.1,5.78834268940887e-05,-0.000254733382966728,-1.14399449774075e-05
3.13333333333333,5.75385007555325e-05,-0.000255587046536178,-1.16841477154467e-05
3.16666666666667,5.72008383843324e-05,-0.000256419019780227,-1.1931377549316e-05
3.2,5.68701415871553e-05,-0.000257230078855391,-1.21816943726873e-05
3.23333333333333,5.65461295239466e-05,-0.000258020956727915,-1.24351533343436e-05
3.26666666666667,5.62285375011207e-05,-0.000258792347973344,-1.26918038883313e-05
3.3,5.59171158691219e-05,-0.000259544913188821,-1.2951688907783e-05
3.33333333333333,5.56116290358255e-05,-0.000260279282933762,-1.32148438958646e-05
3.36666666666667,5.53118545580067e-05,-0.000260996061346687,-1.34812962683278e-05
3.4,5.50175823496363e-05,-0.000261695829485737,-1.37510645933835e-05
3.43333333333333,5.47286139484615e-05,-0.000262379148367248,-1.4024157927433e-05
3.46666666666667,5.44447618404727e-05,-0.000263046561372498,-1.43005754803666e-05
3.5,5.41658488212625e-05,-0.000263698596253679,-1.45803064902644e-05
3.53333333333333,5.38917074080888e-05,-0.000264335766761942,-1.48633302624651e-05
3.56666666666667,5.36221792904155e-05,-0.000264958573913195,-1.51496163876537e-05
3.6,5.33571148210615e-05,-0.000265567506894394,-1.54391251322455e-05
3.63333333333333,5.30963725324503e-05,-0.000266163043659257,-1.57318079982032e-05
3.66666666666667,5.28398186864893e-05,-0.000266745651218305,-1.60276084314906e-05
3.7,5.25873268427065e-05,-0.000267315785664882,-1.63264626808926e-05
3.73333333333333,5.23387774529776e-05,-0.000267873891964428,-1.66283007711416e-05
3.76666666666667,5.20940574696896e-05,-0.000268420403537246,-1.69330475954316e-05
3.8,5.18530599756377e-05,-0.000268955741677459,-1.72406240805774e-05
3.83333333333333,5.16156838236965e-05,-0.000269480314830228,-1.75509484330794e-05
3.86666666666667,5.13818332949861e-05,-0.000269994517778487,-1.78639374125185e-05
3.9,5.11514177643177e-05,-0.000270498730754915,-1.81795076434277e-05
3.93333333333333,5.09243513820562e-05,-0.000270993318533287,-1.84975769091945e-05
3.96666666666667,5.07005527617493e-05,-0.000271478629510415,-1.88180654411771e-05
4,5.04799446829536e-05,-0.000271954994830711,-1.91408971474031e-05
4.03333333333333,5.02624537990871e-05,-0.000272422727562152,-1.94660007948541e-05
4.06666666666667,5.00480103598601e-05,-0.00027288212196942,-1.97933110937777e-05
4.1,4.98365479385719e-05,-0.000273333452892605,-2.01227696974796e-05
4.13333333333333,4.96280031737534e-05,-0.000273776975267658,-2.0454326072811e-05
4.16666666666667,4.94223155159344e-05,-0.000274212923794611,-2.07879382556437e-05
4.2,4.92194269893555e-05,-0.000274641512683959,-2.11235735207182e-05
4.23333333333333,4.90192819543068e-05,-0.00027506293541743,-2.14612090402879e-05
4.26666666666667,4.88218268973208e-05,-0.000275477364919607,-2.18008321946558e-05
4.3,4.86270102078955e-05,-0.000275884954103531,-2.2142440645051e-05
4.33333333333333,4.8434781984929e-05,-0.000276285836638882,-2.24860421876984e-05
4.36666666666667,4.82450938457259e-05,-0.000276680127971697,-2.2831654424499e-05
4.4,4.80578987476117e-05,-0.000277067926560008,-2.31793042540865e-05
4.43333333333333,4.78731508197884e-05,-0.000277449315332246,-2.3529027184068e-05
4.46666666666667,4.7690805208161e-05,-0.000277824363311166,-2.38808664985752e-05
4.5,4.75108179291246e-05,-0.000278193127415983,-2.42348722811035e-05
4.53333333333333,4.73331457367935e-05,-0.000278555654367644,-2.45911003357496e-05
4.56666666666667,4.71577459996047e-05,-0.000278911982713428,-2.49496110046176e-05
4.6,4.69845765895286e-05,-0.000279262144885994,-2.53104679339533e-05
4.63333333333333,4.68135957788799e-05,-0.000279606169314879,-2.56737367874399e-05
4.66666666666667,4.66447621241652e-05,-0.000279944082511937,-2.60394840029287e-05
4.7,4.64780343461343e-05,-0.000280275911130784,-2.64077755751513e-05
4.73333333333333,4.63133712573669e-05,-0.000280601683935636,-2.67786758049284e-05
4.76666666666667,4.61507317120345e-05,-0.000280921433709381,-2.71522460464423e-05
4.8,4.59900745646371e-05,-0.000281235198982044,-2.75285435626743e-05
4.83333333333333,4.58313586431036e-05,-0.000281543025642046,-2.79076204344857e-05
4.86666666666667,4.56745427325665e-05,-0.00028184496834462,-2.82895225911703e-05
4.9,4.55195855716502e-05,-0.000282141091742384,-2.86742889415813e-05
4.93333333333333,4.53664458577239e-05,-0.00028243147161082,-2.90619505609894e-05
4.96666666666667,4.52150822675696e-05,-0.000282716195945963,-2.94525298661447e-05
5,4.50654534735772e-05,-0.000282995365553034,-2.98460401602246e-05
5.03333333333333,4.49175181891649e-05,-0.000283269094215812,-3.02424854156133e-05
5.06666666666667,4.4771235204086e-05,-0.000283537508569506,-3.06418602877759e-05
5.1,4.46265634340197e-05,-0.000283800747660292,-3.10441503222091e-05
5.13333333333333,4.44834619749226e-05,-0.000284058962206571,-3.14493323638476e-05
5.16666666666667,4.43418901624037e-05,-0.000284312313570265,-3.18573751620645e-05
5.2,4.42018076341118e-05,-0.000284560972479019,-3.22682401469166e-05
5.23333333333333,4.40631743971127e-05,-0.000284805117500655,-3.26818823712185e-05
5.26666666666667,4.39259508958839e-05,-0.000285044933335866,-3.3098251581277e-05
5.3,4.37900980836835e-05,-0.000285280608924812,-3.35172934129972e-05
5.33333333333333,4.3655577493502e-05,-0.000285512335450654,-3.39389506631235e-05
5.36666666666667,4.35223513104299e-05,-0.000285740304229993,-3.4363164638103e-05
5.4,4.33903824428326e-05,-0.000285964704582861,-3.47898765210909e-05
5.43333333333333,4.32596345931755e-05,-0.000286185721667036,-3.52190287653176e-05
5.46666666666667,4.31300723270147e-05,-0.000286403534371643,-3.56505664502845e-05
5.5,4.30016611400856e-05,-0.000286618313251114,-3.60844386135667e-05
5.53333333333333,4.28743675230515e-05,-0.000286830218590294,-3.65205994953779e-05
5.56666666666667,4.27481590230192e-05,-0.000287039398580288,-3.69590097115097e-05
5.6,4.26230043023195e-05,-0.000287245987686315,-3.73996372964749e-05
5.63333333333333,4.24988731929552e-05,-0.000287450105188227,-3.78424586333113e-05
5.66666666666667,4.23757367480051e-05,-0.000287651853961251,-3.82874592197519e-05
5.7,4.22535672878214e-05,-0.000287851319476861,-3.87346342891179e-05
5.73333333333333,4.21323384441342e-05,-0.000288048568953478,-3.91839893294861e-05
5.76666666666667,4.20120251903042e-05,-0.000288243650508061,-3.96355406306901e-05
5.8,4.18926038886818e-05,-0.000288436592878084,-4.00893153919795e-05
5.83333333333333,4.17740523031719e-05,-0.000288627405674155,-4.05453515242985e-05
5.86666666666667,4.16563496288046e-05,-0.000288816079965602,-4.10036971811274e-05
5.9,4.15394765095458e-05,-0.000289002589208224,-4.14644100709157e-05
5.93333333333333,4.14234150562099e-05,-0.00028918689049448,-4.19275565396022e-05
5.96666666666667,4.13081488931171e-05,-0.000289368926087704,-4.23932103933909e-05
6,4.11936631887909e-05,-0.000289548625258101,-4.28614515387305e-05
6.03333333333333,4.10799446496605e-05,-0.000289725906303319,-4.33323645664808e-05
6.06666666666667,4.09669815055528e-05,-0.00028990067876962,-4.38060372087259e-05
6.1,4.08547634886577e-05,-0.000290072845845772,-4.42825586863701e-05
6.13333333333333,4.07432818046344e-05,-0.000290242306815989,-4.47620180293176e-05
6.16666666666667,4.06325290962104e-05,-0.000290408959607306,-4.52445023445832e-05
6.2,4.05224993999847e-05,-0.00029057270331465,-4.57300951125905e-05
6.23333333333333,4.04131880963362e-05,-0.000290733440725202,-4.62188744976513e-05
6.26666666666667,4.03045918528055e-05,-0.000290891080737206,-4.67109117452098e-05
6.3,4.01967085615544e-05,-0.000291045540696267,-4.72062696492721e-05
6.33333333333333,4.00895372707606e-05,-0.000291196748551047,-4.77050011590985e-05
6.36666666666667,3.99830781110882e-05,-0.000291344644853467,-4.82071481058342e-05
6.4,3.98773322167521e-05,-0.000291489184517383,-4.8712740110525e-05
6.43333333333333,3.97723016426701e-05,-0.000291630338359024,-4.92217936545293e-05
6.46666666666667,3.96679892770138e-05,-0.000291768094352464,-4.97343113608421e-05
6.5,3.95643987485782e-05,-0.000291902458721331,-5.02502814017483e-05
6.53333333333333,3.94615343435795e-05,-0.000292033457043195,-5.07696768780714e-05
6.56666666666667,3.93594008906479e-05,-0.000292161134816916,-5.1292455643572e-05
6.6,3.92580036783575e-05,-0.000292285557374202,-5.18185605283876e-05
6.63333333333333,3.91573483517773e-05,-0.000292406809410853,-5.23479198749555e-05
6.66666666666667,3.90574408083154e-05,-0.000292524994136589,-5.28804483462741e-05
6.7,3.89582870991815e-05,-0.000292640232042461,-5.34160479939152e-05
6.73333333333333,3.88598933262146e-05,-0.00029275265933675,-5.39546095717949e-05
6.76666666666667,3.87622655405187e-05,-0.000292862426052659,-5.44960140788456e-05
6.8,3.86654096417629e-05,-0.000292969693903317,-5.50401344810558e-05
6.83333333333333,3.85693312783035e-05,-0.000293074633883067,-5.55868376117473e-05
6.86666666666667,3.84740357496838e-05,-0.000293177423714762,-5.61359861778875e-05
6.9,3.83795279106004e-05,-0.000293278245134205,-5.66874408789705e-05
6.93333333333333,3.82858120786626e-05,-0.000293377281126501,-5.72410625540135e-05
6.96666666666667,3.81928919441805e-05,-0.000293474713097849,-5.77967143703221e-05
7,3.81007704852379e-05,-0.000293570718102977,-5.83542639637477e-05
7.03333333333333,3.80094498853556e-05,-0.000293665466105476,-5.89135855504393e-05
7.06666666666667,3.79189314578358e-05,-0.000293759117387967,-5.94745619203253e-05
7.1,3.78292155733287e-05,-0.000293851820085638,-6.00370863366712e-05
7.13333333333333,3.77403015953144e-05,-0.000293943707949478,-6.06010642579472e-05
7.16666666666667,3.76521878195053e-05,-0.000294034898312238,-6.11664149080909e-05
7.2,3.75648714222023e-05,-0.000294125490347128,-6.17330726219258e-05
7.23333333333333,3.74783484083143e-05,-0.000294215563590631,-6.23009880040495e-05
7.26666666666667,3.73926135346088e-05,-0.00029430517682789,-6.28701288813325e-05
7.3,3.73076602395885e-05,-0.000294394367183883,-6.34404810962054e-05
7.33333333333333,3.7223480612918e-05,-0.000294483149294803,-6.40120491628399e-05
7.36666666666667,3.71400653964092e-05,-0.000294571514896053,-6.45848565643474e-05
7.4,3.70574039856548e-05,-0.00029465943320857,-6.51589454821462e-05
7.43333333333333,3.69754844368276e-05,-0.000294746851772443,-6.57343761976513e-05
7.46666666666667,3.68942934980111e-05,-0.000294833697674111,-6.63112261640962e-05
7.5,3.68138166435359e-05,-0.000294919879185811,-6.68895887801903e-05
7.53333333333333,3.67340381223355e-05,-0.000295005287738389,-6.74695718974347e-05
7.56666666666667,3.66549410162513e-05,-0.000295089800228471,-6.80512960702597e-05
7.6,3.65765073083343e-05,-0.000295173281564315,-6.8634892614974e-05
7.63333333333333,3.64987179608454e-05,-0.000295255587455027,-6.92205014764755e-05
7.66666666666667,3.64215530015486e-05,-0.000295336567324314,-6.98082689880051e-05
7.7,3.63449916187487e-05,-0.000295416067363251,-7.03983455146128e-05
7.73333333333333,3.62690122622819e-05,-0.000295493933590448,-7.09908830773943e-05
7.76666666666667,3.6193592752341e-05,-0.000295570014943049,-7.15860329400216e-05
7.8,3.61187103916612e-05,-0.000295644166264727,-7.21839432596741e-05
7.83333333333333,3.60443420844264e-05,-0.00029571625122093,-7.27847567759671e-05
7.86666666666667,3.59704644559872e-05,-0.000295786145014415,-7.33886086382531e-05
7.9,3.58970539779954e-05,-0.000295853736934796,-7.39956243396768e-05
7.93333333333333,3.5824087091961e-05,-0.000295918932629308,-7.46059178508056e-05
7.96666666666667,3.5751540336798e-05,-0.000295981656128031,-7.52195899193731e-05
8,3.56793904726372e-05,-0.000296041851530479,-7.58367266167419e-05
8.03333333333333,3.5607614607131e-05,-0.000296099484383606,-7.64573980982584e-05
8.06666666666667,3.55361903139766e-05,-0.000296154542766326,-7.70816575869511e-05
8.1,3.54650957622866e-05,-0.000296207038382184,-7.77095403293075e-05
8.13333333333333,3.53943098229937e-05,-0.000296257007103021,-7.83410629873177e-05
8.16666666666667,3.53238121834931e-05,-0.000296304508689214,-7.89762235969125e-05
8.2,3.52535834581725e-05,-0.000296349626065984,-7.96150018506949e-05
8.23333333333333,3.51836052883523e-05,-0.000296392464150176,-8.02573597210588e-05
8.26666666666667,3.51138604374587e-05,-0.00029643314824352,-8.09032424010634e-05
8.3,3.50443328811573e-05,-0.000296471822022913,-8.15525795416617e-05
8.33333333333333,3.4975007887267e-05,-0.000296508645197389,-8.22052867473267e-05
8.36666666666667,3.4905872090806e-05,-0.000296543790834622,-8.28612673160673e-05
8.4,3.48369135584046e-05,-0.000296577442468142,-8.35204141581842e-05
8.43333333333333,3.47681218458676e-05,-0.000296609790976199,-8.4182611891003e-05
8.46666666666667,3.46994880455198e-05,-0.000296641031365953,-8.48477390232746e-05
8.5,3.46310048257464e-05,-0.000296671359443557,-8.55156702364859e-05
8.53333333333333,3.45626664806335e-05,-0.000296700968518013,-8.6186278623633e-05
8.56666666666667,3.4494469007809e-05,-0.000296730046083674,-8.68594378859554e-05
8.6,3.44264101374295e-05,-0.000296758770709414,-8.75350244840627e-05
8.63333333333333,3.43584893227271e-05,-0.000296787308952776,-8.82129198494524e-05
8.66666666666667,3.42907077213367e-05,-0.000296815812585913,-8.88930123946909e-05
8.7,3.42230681618028e-05,-0.00029684441601127,-8.95751994195146e-05
8.73333333333333,3.41555750989314e-05,-0.00029687323399703,-9.02593888138521e-05
8.76666666666667,3.40882345545843e-05,-0.00029690235971257,-9.09455005775428e-05
8.8,3.40210540495044e-05,-0.000296931863146842,-9.16334680875848e-05
8.83333333333333,3.39540425212605e-05,-0.000296961789874532,-9.232323914676e-05
8.86666666666667,3.38872102362554e-05,-0.000296992160055513,-9.30147768793182e-05
8.9,3.38205686814931e-05,-0.000297022967500055,-9.3708060621174e-05
8.93333333333333,3.37541304732622e-05,-0.000297054179593058,-9.44030861663514e-05
8.96666666666667,3.36879092233528e-05,-0.000297085737938421,-9.50998655890428e-05
9,3.36219194274245e-05,-0.000297117559475213,-9.5798426685133e-05
9.03333333333333,3.35561763372445e-05,-0.000297149538074679,-9.64988121056749e-05
9.06666666666667,3.34906958300828e-05,-0.000297181546570568,-9.72010781874744e-05
9.1,3.34254942754943e-05,-0.000297213439205162,-9.79052934939766e-05
9.13333333333333,3.33605884021718e-05,-0.000297245054398492,-9.8611537125442e-05
9.16666666666667,3.32959951614989e-05,-0.000297276217838768,-9.93198968076997e-05
9.2,3.32317315943772e-05,-0.000297306745767121,-0.000100030466834796
9.23333333333333,3.31678146968375e-05,-0.000297336448466744,-0.000100743345868889
9.26666666666667,3.31042612899769e-05,-0.000297365133808928,-0.000101458634689232
9.3,3.30410878911898e-05,-0.000297392610878301,-0.000102176433882093
9.33333333333333,3.29783105904366e-05,-0.00029741869352115,-0.000102896841573245
9.36666666666667,3.29159449299593e-05,-0.000297443203849811,-0.00010361995118438
9.4,3.28540057895576e-05,-0.000297465975549667,-0.000104345849316627
9.43333333333333,3.27925072771233e-05,-0.000297486857028965,-0.000105074613734626
9.46666666666667,3.27314626250739e-05,-0.000297505714270179,-0.000105806311548985
9.5,3.26708840935284e-05,-0.000297522433425831,-0.00010654099756607
9.53333333333333,3.26107828795855e-05,-0.000297536923037187,-0.000107278712891881
9.56666666666667,3.25511690345227e-05,-0.000297549115916634,-0.000108019483758212
9.6,3.24920513872126e-05,-0.000297558970605559,-0.000108763320636681
9.63333333333333,3.24334374745488e-05,-0.000297566472633961,-0.000109510217478966
9.66666666666667,3.23753334893206e-05,-0.000297571635700643,-0.000110260150977599
9.7,3.23177442103815e-05,-0.000297574501983152,-0.000111013080480083
9.73333333333333,3.22606729742322e-05,-0.00029757514163384,-0.000111768948395926
9.76666666666667,3.22041216330055e-05,-0.000297573651776072,-0.000112527680986339
9.8,3.21480905206254e-05,-0.000297570154973862,-0.00011328918951125
9.83333333333333,3.20925784002922e-05,-0.000297564797214392,-0.000114053371759704
9.86666666666667,3.20375823983614e-05,-0.000297557745437368,-0.000114820113930837
9.9,3.19830979978401e-05,-0.000297549184664613,-0.000115589292676945
9.93333333333333,3.19291190529995e-05,-0.00029753931483759,-0.000116360777313046
9.96666666666667,3.18756378119444e-05,-0.00029752834731564,-0.000117134432250894
10,3.18226449511926e-05,-0.000297516501233624,-0.000117910119510065
10.0333333333333,3.17701296218697e-05,-0.000297503999678877,-0.00011868770133384
10.0666666666667,3.17180795057441e-05,-0.000297491065848897,-0.000119467042800708
10.1,3.16664808818419e-05,-0.000297477919171992,-0.000120248014440738
10.1333333333333,3.16153187023913e-05,-0.000297464771550458,-0.000121030494748025
10.1666666666667,3.15645766777154e-05,-0.000297451823693974,-0.000121814372611103
10.2,3.15142373695771e-05,-0.000297439261700727,-0.000122599549552127
10.2333333333333,3.14642822917292e-05,-0.000297427253845244,-0.000123385941805033
10.2666666666667,3.14146920177245e-05,-0.000297415947715248,-0.000124173482132671
10.3,3.13654462941042e-05,-0.000297405467654588,-0.000124962121416199
10.3333333333333,3.13165241594207e-05,-0.000297395912631409,-0.00012575182993186
10.3666666666667,3.12679040667968e-05,-0.000297387354491583,-0.000126542598347612
10.4,3.12195640107437e-05,-0.000297379836678925,-0.000127334438380439
10.4333333333333,3.11714816574856e-05,-0.000297373373179808,-0.000128127383287657
10.4666666666667,3.1123634466811e-05,-0.000297367947571704,-0.000128921488301895
10.5,3.10759998414456e-05,-0.000297363513033747,-0.000129716830327843
10.5333333333333,3.10285552413165e-05,-0.000297359993214153,-0.000130513507102559
10.5666666666667,3.09812783211651e-05,-0.000297357283621867,-0.000131311635936255
10.6,3.09341470615093e-05,-0.000297355253554574,-0.000132111352085424
10.6333333333333,3.08871398931033e-05,-0.000297353748537935,-0.000132912806776694
10.6666666666667,3.08402358230804e-05,-0.000297352593185678,-0.000133716164927091
10.7,3.07934145556051e-05,-0.000297351594470889,-0.00013452160258422
10.7333333333333,3.07466566087598e-05,-0.000297350545280403,-0.000135329304171269
10.7666666666667,3.06999434272622e-05,-0.000297349228253751,-0.000136139459538957
10.8,3.06532574891005e-05,-0.000297347419749822,-0.000136952260937131
10.8333333333333,3.06065824075603e-05,-0.000297344893957012,-0.000137767899894207
10.8666666666667,3.05599030256074e-05,-0.000297341426974936,-0.000138586564130135
10.9,3.05132055052663e-05,-0.000297336800896799,-0.000139408434479346
10.9333333333333,3.04664774078953e-05,-0.000297330807718961,-0.000140233681952663
10.9666666666667,3.04197077691259e-05,-0.000297323253117055,-0.000141062464904933
11,3.03728871634461e-05,-0.000297313959925317,-0.000141894926432423
11.0333333333333,3.03260077630765e-05,-0.000297302771364118,-0.000142731191960532
11.0666666666667,3.02790633854803e-05,-0.000297289553871909,-0.000143571367133778
11.1,3.02320495385233e-05,-0.000297274199590161,-0.000144415535956789
11.1333333333333,3.01849634893271e-05,-0.000297256628361996,-0.000145263759231305
11.1666666666667,3.01378043424345e-05,-0.000297236789341629,-0.000146116073250306
11.2,3.00905730517513e-05,-0.000297214662186991,-0.000146972488921922
11.2333333333333,3.00432724269585e-05,-0.000297190258233455,-0.0001478329909176
11.2666666666667,2.99959070900985e-05,-0.000297163620913456,-0.000148697537456095
11.3,2.99484834660322e-05,-0.000297134825148031,-0.000149566060747964
11.3333333333333,2.99010097300455e-05,-0.000297103976121448,-0.000150438467965455
11.3666666666667,2.9853495746505e-05,-0.00029707120749952,-0.000151314642624434
11.4,2.98059530011668e-05,-0.000297036679103615,-0.000152194446366809
11.4333333333333,2.97583945174768e-05,-0.000297000574075198,-0.000153077721136585
11.4666666666667,2.97108347619647e-05,-0.00029696309563559,-0.000153964291666675
11.5,2.9663289539734e-05,-0.000296924463444477,-0.000154853968270182
11.5333333333333,2.96157758796675e-05,-0.000296884909706331,-0.000155746549833351
11.5666666666667,2.95683119105575e-05,-0.000296844675014967,-0.000156641827012253
11.6,2.95209167302288e-05,-0.000296804004111211,-0.00015753958550754
11.6333333333333,2.94736102663497e-05,-0.000296763141529699,-0.00015843960943422
11.6666666666667,2.94264131334768e-05,-0.000296722327321581,-0.000159341684647474
11.7,2.93793464830168e-05,-0.000296681792816212,-0.000160245602054711
11.7333333333333,2.93324318525824e-05,-0.000296641756606535,-0.000161151160772236
11.7666666666667,2.92856910097399e-05,-0.000296602420712004,-0.000162058171166911
11.8,2.92391457981663e-05,-0.000296563967089765,-0.000162966457647705
11.8333333333333,2.91928179798358e-05,-0.000296526554443813,-0.000163875861253475
11.8666666666667,2.91467290823712e-05,-0.000296490315479389,-0.000164786241915893
11.9,2.91009002441609e-05,-0.000296455354553827,-0.000165697480445292
11.9333333333333,2.90553520670534e-05,-0.000296421745840513,-0.000166609480138128
11.9666666666667,2.90101044685984e-05,-0.000296389531955621,-0.00016752216805678
12,2.89651765453365e-05,-0.00029635872291348,-0.000168435496054285
12.0333333333333,2.89205864272617e-05,-0.000296329295180342,-0.0001693494417471
12.0666666666667,2.88763511708717e-05,-0.000296301191793567,-0.000170264008653613
12.1,2.88324866162637e-05,-0.000296274323394621,-0.000171179225757735
12.1333333333333,2.87890072858289e-05,-0.000296248569855283,-0.000172095146566063
12.1666666666667,2.87459262792496e-05,-0.000296223782497791,-0.000173011847751819
12.2,2.87032551779905e-05,-0.000296199786843077,-0.000173929427403343
12.2333333333333,2.86610039604846e-05,-0.000296176385865329,-0.000174848002891796
12.2666666666667,2.86191809287235e-05,-0.000296153363627777,-0.000175767708443812
12.3,2.8577792643178e-05,-0.000296130489298757,-0.000176688692427514
12.3333333333333,2.85368438708822e-05,-0.000296107521382083,-0.000177611114457913
12.3666666666667,2.84963375427157e-05,-0.000296084212176417,-0.000178535142321408
12.4,2.84562747098657e-05,-0.00029606031227302,-0.00017946094887221
12.4333333333333,2.84166544650955e-05,-0.000296035575125764,-0.000180388708950464
12.4666666666667,2.83774738933584e-05,-0.000296009761493564,-0.000181318596328065
12.5,2.83387280856327e-05,-0.000295982643788642,-0.00018225078059198
12.5333333333333,2.83004101642318e-05,-0.000295954010162522,-0.000183185424191587
12.5666666666667,2.82625113225438e-05,-0.000295923668351687,-0.00018412267962575
12.6,2.82250208793167e-05,-0.000295891449131957,-0.000185062686876283
12.6333333333333,2.81879263488665e-05,-0.000295857209423992,-0.000186005571057316
12.6666666666667,2.81512135216652e-05,-0.000295820834904418,-0.000186951440392878
12.7,2.81148665608559e-05,-0.00029578224217824,-0.000187900384473687
12.7333333333333,2.80788681066549e-05,-0.000295741380401373,-0.00018885247288725
12.7666666666667,2.80431993930279e-05,-0.000295698232609236,-0.000189807754031838
12.8,2.80078403835754e-05,-0.000295652816919339,-0.00019076625398038
12.8333333333333,2.7972769887043e-05,-0.000295605186695734,-0.000191727976122656
12.8666666666667,2.79379657173573e-05,-0.000295555429712338,-0.000192692901426773
12.9,2.7903404837415e-05,-0.000295503666695318,-0.00019366098917498
12.9333333333333,2.78690635081639e-05,-0.000295450049235628,-0.000194632178135804
12.9666666666667,2.78349174510906e-05,-0.000295394757099249,-0.000195606388136501
13,2.78009420040443e-05,-0.000295337995030774,-0.000196583522009854
13.0333333333333,2.77671122845489e-05,-0.000295279989065275,-0.000197563467874428
13.0666666666667,2.77334033490143e-05,-0.000295220982490526,-0.000198546101672978
13.1,2.76997903544212e-05,-0.000295161231459916,-0.000199531289953517
13.1333333333333,2.76662487150582e-05,-0.000295101000435633,-0.000200518892782782
13.1666666666667,2.7632754258875e-05,-0.000295040557444413,-0.000201508766793375
13.2,2.75992833777432e-05,-0.000294980169346804,-0.000202500768235634
13.2333333333333,2.7565813174634e-05,-0.000294920097085047,-0.000203494756050857
13.2666666666667,2.75323216039249e-05,-0.000294860591115944,-0.000204490594829182
13.3,2.74987876061259e-05,-0.000294801886979811,-0.000205488157682107
13.3333333333333,2.74651912351713e-05,-0.00029474420120308,-0.000206487328895177
13.3666666666667,2.74315137779654e-05,-0.000294687727476888,-0.000207488006400499
13.4,2.73977378660746e-05,-0.000294632633288717,-0.000208490103945202
13.4333333333333,2.73638475778699e-05,-0.000294579056946935,-0.000209493553000522
13.4666666666667,2.73298285325136e-05,-0.000294527105145796,-0.000210498304305019
13.5,2.7295667972951e-05,-0.000294476851014553,-0.000211504329086705
13.5333333333333,2.72613548411335e-05,-0.000294428332731681,-0.000212511619900515
13.5666666666667,2.72268798382556e-05,-0.000294381552319544,-0.000213520191368271
13.6,2.71922354800386e-05,-0.000294336474783953,-0.000214530080684362
13.6333333333333,2.71574161433045e-05,-0.000294293028498416,-0.000215541347255739
13.6666666666667,2.71224180885756e-05,-0.000294251106482832,-0.000216554071756345
13.7,2.70872395147859e-05,-0.000294210568297759,-0.00021756835467958
13.7333333333333,2.70518806341509e-05,-0.000294171242560645,-0.000218584314407708
13.7666666666667,2.7016343685045e-05,-0.000294132930121276,-0.000219602084939859
13.8,2.69806329112445e-05,-0.000294095407633871,-0.000220621813405196
13.8333333333333,2.69447545278054e-05,-0.0002940584316726,-0.000221643657217791
13.8666666666667,2.69087166744051e-05,-0.000294021743140907,-0.000222667781046999
13.9,2.68725293534259e-05,-0.000293985071991481,-0.000223694353598609
13.9333333333333,2.68362043566408e-05,-0.000293948142083085,-0.000224723544319941
13.9666666666667,2.67997551787092e-05,-0.000293910676177506,-0.000225755520032734
14,2.67631969201194e-05,-0.000293872400875724,-0.000226790441628438
14.0333333333333,2.672654617913e-05,-0.000293833051527738,-0.000227828460804784
14.0666666666667,2.668982093443e-05,-0.000293792376906505,-0.000228869716986599
14.1,2.66530404191883e-05,-0.000293750143695803,-0.000229914334396297
14.1333333333333,2.66162249873534e-05,-0.000293706140594893,-0.000230962419410248
14.1666666666667,2.65793959738053e-05,-0.0002936601820972,-0.000232014058158978
14.2,2.65425755484941e-05,-0.000293612111769791,-0.000233069314492405
14.2333333333333,2.65057865668468e-05,-0.000293561805092028,-0.000234128228265318
14.2666666666667,2.64690524160216e-05,-0.000293509171712516,-0.000235190814043166
14.3,2.64323968597156e-05,-0.000293454157185061,-0.00023625706018014
14.3333333333333,2.63958438785746e-05,-0.00029339674430096,-0.00023732692819231
14.3666666666667,2.63594175249532e-05,-0.000293336954351454,-0.000238400352150774
14.4,2.63231417421073e-05,-0.000293274847225174,-0.000239477238973683
14.4333333333333,2.62870402334073e-05,-0.000293210520435764,-0.000240557469374854
14.4666666666667,2.62511362995574e-05,-0.000293144107447333,-0.000241640899376774
14.5,2.62154526878349e-05,-0.000293075775322217,-0.000242727362278678
14.5333333333333,2.61800114498825e-05,-0.000293005721741951,-0.000243816671053676
14.5666666666667,2.61448337994114e-05,-0.000292934171437156,-0.000244908621164668
14.6,2.61099399770753e-05,-0.000292861372154166,-0.000246002993695975
14.6333333333333,2.60753491211212e-05,-0.000292787590169608,-0.000247099558793213
14.6666666666667,2.60410791447525e-05,-0.000292713105529082,-0.000248198079287356
14.7,2.6007146620266e-05,-0.000292638207004035,-0.000249298314504094
14.7333333333333,2.59735666719047e-05,-0.000292563186972813,-0.000250400024111545
14.7666666666667,2.59403528756198e-05,-0.000292488336201403,-0.000251502972024256
14.8,2.59075171693489e-05,-0.000292413938742822,-0.000252606930203888
14.8333333333333,2.58750697704326e-05,-0.000292340266913883,-0.000253711682389756
14.8666666666667,2.58430191050298e-05,-0.000292267576564908,-0.000254817027599227
14.9,2.5811371744933e-05,-0.000292196102588925,-0.000255922783442512
14.9333333333333,2.57801323575843e-05,-0.000292126054868545,-0.00025702878910189
14.9666666666667,2.57493036617921e-05,-0.000292057614599957,-0.000258134908031306
15,2.57188863666803e-05,-0.000291990931169753,-0.000259241030298974
15.0333333333333,2.56888790846935e-05,-0.000291926119523573,-0.000260347074633465
15.0666666666667,2.56592783134891e-05,-0.000291863258122116,-0.000261452989913921
15.1,2.56300784492696e-05,-0.000291802387528128,-0.000262558756148815
15.1333333333333,2.56012718143343e-05,-0.000291743509261313,-0.000263664385236403
15.1666666666667,2.55728486929114e-05,-0.000291686584897281,-0.000264769921535106
15.2,2.55447974040412e-05,-0.000291631536495442,-0.000265875441415609
15.2333333333333,2.55171043529216e-05,-0.000291578248017195,-0.000266981052155132
15.2666666666667,2.54897541276549e-05,-0.000291526567429531,-0.000268086890251834
15.3,2.54627295959821e-05,-0.00029147630950322,-0.000269193119247751
15.3333333333333,2.54360120144906e-05,-0.000291427259212485,-0.00027029992709792
15.3666666666667,2.54095811518877e-05,-0.000291379175712969,-0.000271407523101589
15.4,2.5383415421516e-05,-0.000291331796746289,-0.000272516134510351
15.4333333333333,2.53574920236763e-05,-0.000291284843468659,-0.000273626002816429
15.4666666666667,2.53317870959251e-05,-0.000291238025507039,-0.000274737379861253
15.5,2.5306275871376e-05,-0.00029119104625864,-0.000275850523756301
15.5333333333333,2.52809328414372e-05,-0.000291143608211289,-0.000276965694777842
15.5666666666667,2.52557319253818e-05,-0.000291095418319114,-0.000278083151209718
15.6,2.52306466407002e-05,-0.000291046193202604,-0.000279203145306928
15.6333333333333,2.5205650278883e-05,-0.000290995664223338,-0.000280325919338175
15.6666666666667,2.51807160785737e-05,-0.000290943582210398,-0.000281451701878849
15.7,2.51558174025932e-05,-0.000290889721899246,-0.000282580704301126
15.7333333333333,2.51309279092344e-05,-0.000290833885881757,-0.00028371311762078
15.7666666666667,2.51060217257774e-05,-0.000290775908131942,-0.000284849109641384
15.8,2.50810736135654e-05,-0.000290715656938476,-0.000285988822535151
15.8333333333333,2.50560591335965e-05,-0.000290653037305323,-0.000287132370800724
15.8666666666667,2.50309548013971e-05,-0.00029058799269904,-0.000288279839705442
15.9,2.50057382377382e-05,-0.000290520506399887,-0.000289431284017603
15.9333333333333,2.49803883239434e-05,-0.000290450602704119,-0.000290586726834578
15.9666666666667,2.49548853139409e-05,-0.000290378346973597,-0.00029174615931695
16,2.49292109814552e-05,-0.000290303844508509,-0.000292909541185728
16.0333333333333,2.4903348732645e-05,-0.000290227238688375,-0.00029407680180959
16.0666666666667,2.4877283707717e-05,-0.000290148708399758,-0.000295247841820665
16.1,2.48510028831159e-05,-0.000290068464773915,-0.000296422535218688
16.1333333333333,2.48244951527215e-05,-0.000289986747353953,-0.000297600731923923
16.1666666666667,2.47977514029618e-05,-0.000289903819707018,-0.000298782260735458
16.2,2.47707645722734e-05,-0.000289819964652473,-0.000299966932595508
16.2333333333333,2.47435297002742e-05,-0.000289735479103743,-0.000301154544147983
16.2666666666667,2.47160439695064e-05,-0.000289650668737332,-0.00030234488143722
16.3,2.46883067819921e-05,-0.000289565842457568,-0.000303537723678071
16.3333333333333,2.46603198249977e-05,-0.000289481306927708,-0.000304732847007006
16.3666666666667,2.46320870649142e-05,-0.000289397361055517,-0.000305930028407061
16.4,2.46036147172468e-05,-0.000289314290734574,-0.000307129049502581
16.4333333333333,2.45749112028494e-05,-0.000289232363781751,-0.000308329700242337
16.4666666666667,2.45459870872105e-05,-0.000289151825254319,-0.000309531782349188
16.5,2.45168550013908e-05,-0.000289072893116557,-0.000310735112558177
16.5333333333333,2.44875295506193e-05,-0.000288995754447945,-0.000311939525496919
16.5666666666667,2.44580272048208e-05,-0.000288920562118394,-0.00031314487627058
16.6,2.44283661795996e-05,-0.000288847432103852,-0.000314351042612989
16.6333333333333,2.43985663005797e-05,-0.000288776441372372,-0.000315557926666155
16.6666666666667,2.43686488621255e-05,-0.00028870762642726,-0.000316765456305646
16.7,2.43386364666984e-05,-0.000288640982064981,-0.000317973586352344
16.7333333333333,2.43085528691664e-05,-0.000288576460612455,-0.000319182299434571
16.7666666666667,2.42784228064539e-05,-0.00028851397256555,-0.000320391605885012
16.8,2.42482718150191e-05,-0.000288453388210559,-0.000321601542965462
16.8333333333333,2.42181260571207e-05,-0.00028839453994672,-0.000322812173575877
16.8666666666667,2.41880121387589e-05,-0.000288337225333961,-0.00032402358446526
16.9,2.41579569228614e-05,-0.000288281210811055,-0.000325235883976512
16.9333333333333,2.412798734936e-05,-0.000288226235954456,-0.000326449199392488
16.9666666666667,2.40981302504365e-05,-0.000288172018264125,-0.000327663673918435
17,2.40684121732822e-05,-0.000288118258289335,-0.000328879463406217
17.0333333333333,2.40388592027688e-05,-0.000288064645100179,-0.000330096732834078
17.0666666666667,2.40094967921383e-05,-0.000288010861879671,-0.000331315652682657
17.1,2.39803495969206e-05,-0.000287956591664154,-0.000332536395199891
17.1333333333333,2.39514413176789e-05,-0.000287901522987381,-0.00033375913071445
17.1666666666667,2.39227945487609e-05,-0.000287845355476139,-0.000334984023971905
17.2,2.38944306363695e-05,-0.000287787805151806,-0.000336211230658917
17.2333333333333,2.38663695450615e-05,-0.000287728609501135,-0.000337440894074556
17.2666666666667,2.38386297337929e-05,-0.000287667532085851,-0.000338673142107873
17.3,2.38112280424066e-05,-0.000287604366763103,-0.000339908084470849
17.3333333333333,2.37841795877289e-05,-0.000287538941314687,-0.000341145810330031
17.3666666666667,2.37574976717129e-05,-0.000287471120558297,-0.000342386386281577
17.4,2.37311936991512e-05,-0.000287400808777153,-0.000343629854789579
17.4333333333333,2.37052771085033e-05,-0.000287327951551285,-0.000344876233022484
17.4666666666667,2.36797553119063e-05,-0.00028725253718219,-0.000346125511959042
17.5,2.36546336560801e-05,-0.000287174597908992,-0.00034737765559958
17.5333333333333,2.36299153690651e-05,-0.000287094209702171,-0.000348632601215614
17.5666666666667,2.36056015420922e-05,-0.000287011490948617,-0.000349890260313637
17.6,2.35816910384172e-05,-0.000286926600420337,-0.000351150520256681
17.6333333333333,2.35581804643562e-05,-0.000286839734341343,-0.00035241324639808
17.6666666666667,2.35350641925319e-05,-0.000286751122919476,-0.000353678284490396
17.7,2.35123343978603e-05,-0.000286661026134505,-0.000354945463595944
17.7333333333333,2.34899811078264e-05,-0.000286569729029251,-0.000356214599321879
17.7666666666667,2.34679922700676e-05,-0.000286477536534779,-0.000357485497350092
17.8,2.34463538319356e-05,-0.000286384767989441,-0.000358757957161873
17.8333333333333,2.34250498356578e-05,-0.000286291751369339,-0.000360031775934699
17.8666666666667,2.34040625246906e-05,-0.000286198817457681,-0.000361306752461645
17.9,2.33833724632599e-05,-0.000286106293924605,-0.000362582691106672
17.9333333333333,2.33629586659438e-05,-0.000286014499566927,-0.000363859405628013
17.9666666666667,2.33427987377846e-05,-0.000285923738658551,-0.000365136722900884
18,2.3322869022937e-05,-0.00028583429565585,-0.000366414486372787
18.0333333333333,2.33031447610511e-05,-0.000285746430194486,-0.000367692559295718
18.0666666666667,2.32836002504087e-05,-0.000285660372602047,-0.000368970827580204
18.1,2.32642090159743e-05,-0.000285576319855246,-0.000370249202323524
18.1333333333333,2.32449439822205e-05,-0.00028549443217407,-0.000371527621877455
18.1666666666667,2.3225777648124e-05,-0.000285414830181661,-0.000372806053510059
18.2,2.32066822648439e-05,-0.000285337592781033,-0.000374084494554143
18.2333333333333,2.31876300142976e-05,-0.000285262755638584,-0.000375362973123449
18.2666666666667,2.31685931811648e-05,-0.00028519030995527,-0.00037664154863817
18.3,2.31495443356114e-05,-0.000285120201725629,-0.000377920311983241
18.3333333333333,2.31304565077033e-05,-0.000285052332526562,-0.000379199384597609
18.3666666666667,2.31113033444291e-05,-0.000284986561299407,-0.000380478916895279
18.4,2.30920592852623e-05,-0.000284922706886066,-0.000381759086112594
18.4333333333333,2.30726997176468e-05,-0.000284860551341278,-0.000383040093647081
18.4666666666667,2.30532011292654e-05,-0.000284799843904277,-0.000384322161933356
18.5,2.3033541254399e-05,-0.000284740305600562,-0.000385605530885373
18.5333333333333,2.30136992111063e-05,-0.000284681634306486,-0.000386890454027296
18.5666666666667,2.29936556305781e-05,-0.000284623510267416,-0.000388177194319914
18.6,2.29733927767563e-05,-0.000284565601852451,-0.000389466019836972
18.6333333333333,2.29528946569882e-05,-0.000284507571558803,-0.000390757199284201
18.6666666666667,2.29321471212035e-05,-0.000284449082019958,-0.000392050997536859
18.7,2.291113795195e-05,-0.000284389802052555,-0.000393347671169869
18.7333333333333,2.28898569412298e-05,-0.000284329412486982,-0.000394647464166226
18.7666666666667,2.28682959581038e-05,-0.000284267611835148,-0.000395950603760989
18.8,2.2846449001725e-05,-0.000284204121549436,-0.0003972572966031
18.8333333333333,2.28243122458378e-05,-0.000284138690938808,-0.000398567725178982
18.8666666666667,2.28018840905271e-05,-0.00028407110152632,-0.000399882044616274
18.9,2.27791652521975e-05,-0.00028400117087411,-0.000401200379788708
18.9333333333333,2.27561587903417e-05,-0.00028392875583044,-0.000402522822958298
18.9666666666667,2.27328700911708e-05,-0.000283853755025951,-0.000403849432038398
19,2.27093068331757e-05,-0.000283776110731713,-0.000405180229344943
19.0333333333333,2.26854789373728e-05,-0.000283695810267935,-0.000406515200698331
19.0666666666667,2.26613985129848e-05,-0.000283612887176493,-0.00040785429470167
19.1,2.26370797531516e-05,-0.000283527421054429,-0.000409197423070588
19.1333333333333,2.26125388602002e-05,-0.000283439536123461,-0.000410544461799177
19.1666666666667,2.25877939281318e-05,-0.000283349398997417,-0.000411895252982043
19.2,2.25628648157297e-05,-0.000283257215656198,-0.000413249607218441
19.2333333333333,2.253777301479e-05,-0.000283163227661426,-0.000414607306563537
19.2666666666667,2.25125415003371e-05,-0.000283067707749337,-0.000415968107959403
19.3,2.24871945739106e-05,-0.000282970954820016,-0.000417331747106743
19.3333333333333,2.24617576972436e-05,-0.000282873288515858,-0.000418697942649354
19.3666666666667,2.24362573179426e-05,-0.000282775043388657,-0.000420066400664899
19.4,2.24107206900482e-05,-0.000282676562892946,-0.000421436819291313
19.4333333333333,2.23851756880704e-05,-0.000282578193181796,-0.000422808893504697
19.4666666666667,2.23596506197513e-05,-0.000282480276966302,-0.000424182319856638
19.5,2.23341740338844e-05,-0.000282383147393323,-0.000425556801206702
19.5333333333333,2.23087745306956e-05,-0.000282287122205916,-0.000426932051251139
19.5666666666667,2.22834805688886e-05,-0.000282192498123681,-0.000428307798900496
19.6,2.22583202788023e-05,-0.000282099545692738,-0.00042968379231341
19.6333333333333,2.22333212739101e-05,-0.000282008504532004,-0.000431059802650945
19.6666666666667,2.22085104715546e-05,-0.000281919579196015,-0.000432435627376286
19.7,2.21839139137384e-05,-0.000281832935578494,-0.000433811093169216
19.7333333333333,2.21595565997767e-05,-0.000281748698036117,-0.000435186058306768
19.7666666666667,2.21354623207174e-05,-0.000281666947162175,-0.000436560414578074
19.8,2.21116535087012e-05,-0.000281587718296248,-0.000437934088647418
19.8333333333333,2.20881510844829e-05,-0.00028151100029493,-0.000439307043235032
19.8666666666667,2.20649743302235e-05,-0.0002814367348626,-0.00044067927784978
19.9,2.20421407632572e-05,-0.000281364817415286,-0.000442050828431392
19.9333333333333,2.20196660153317e-05,-0.000281295099012478,-0.000443421766224473
19.9666666666667,2.19975637370316e-05,-0.000281227389064149,-0.000444792196051269
20,2.19758455078723e-05,-0.000281161458825471,-0.000446162254013599
20.0333333333333,2.19545207566046e-05,-0.000281097045623809,-0.000447532104655062
20.0666666666667,2.19335967004979e-05,-0.000281033857666812,-0.000448901937671313
20.1,2.19130782929197e-05,-0.000280971579419916,-0.000450271964200716
20.1333333333333,2.18929681848572e-05,-0.00028090987733822,-0.000451642412833653
20.1666666666667,2.18732666596792e-05,-0.000280848405976954,-0.000453013525408818
20.2,2.18539715556017e-05,-0.000280786814197881,-0.000454385552764801
20.2333333333333,2.18350782622928e-05,-0.000280724751517039,-0.00045575875024211
20.2666666666667,2.18165797528354e-05,-0.000280661874376369,-0.000457133373166055
20.3,2.17984666284988e-05,-0.000280597852280407,-0.000458509672401166
20.3333333333333,2.17807271813842e-05,-0.000280532373624794,-0.000459887890085836
20.3666666666667,2.1763347475863e-05,-0.000280465151248786,-0.000461268255526579
20.4,2.17463114432883e-05,-0.000280395927454077,-0.000462650981442341
20.4333333333333,2.17296009952842e-05,-0.000280324478583808,-0.000464036260484595
20.4666666666667,2.17131961473925e-05,-0.000280250618931393,-0.000465424262210698
20.5,2.16970751601945e-05,-0.000280174204064389,-0.000466815130438015
20.5333333333333,2.16812146876082e-05,-0.000280095133384579,-0.000468208981124468
20.5666666666667,2.16655899407598e-05,-0.000280013352017986,-0.00046960590069385
20.6,2.16501748559953e-05,-0.000279928852243897,-0.000471005944679386
20.6333333333333,2.16349422817684e-05,-0.000279841674637196,-0.000472409136532898
20.6666666666667,2.16198641453531e-05,-0.000279751907662269,-0.000473815467573789
20.7,2.1604911666342e-05,-0.000279659686093655,-0.000475224897674895
20.7333333333333,2.15900555368934e-05,-0.000279565188595657,-0.000476637356613617
20.7666666666667,2.15752661219162e-05,-0.000279468634462846,-0.000478052745976961
20.8,2.15605136561363e-05,-0.00027937027961881,-0.000479470941600452
20.8333333333333,2.1545768442169e-05,-0.000279270411910372,-0.000480891796504152
20.8666666666667,2.15310010437284e-05,-0.000279169345868118,-0.000482315144218305
20.9,2.15161824799519e-05,-0.000279067416944429,-0.000483740802476524
20.9333333333333,2.15012844111566e-05,-0.000278964975457596,-0.00048516857713635
20.9666666666667,2.14862793229927e-05,-0.000278862380228756,-0.000486598266319847
21,2.14711407009429e-05,-0.000278759992176006,-0.000488029664605774
21.0333333333333,2.14558431998079e-05,-0.000278658167827063,-0.000489462567288436
21.0666666666667,2.14403628029085e-05,-0.000278557253029516,-0.000490896774518853
21.1,2.14246769732336e-05,-0.000278457576797569,-0.000492332095364153
21.1333333333333,2.14087647938574e-05,-0.000278359445568878,-0.000493768351599284
21.1666666666667,2.13926070976686e-05,-0.00027826313779417,-0.000495205381283196
21.2,2.13761865861015e-05,-0.000278168899110571,-0.000496643041944428
21.2333333333333,2.13594879349719e-05,-0.000278076938013336,-0.000498081213438384
21.2666666666667,2.13424978891856e-05,-0.000277987422240575,-0.000499519800322229
21.3,2.13252053427909e-05,-0.000277900475786428,-0.000500958733813058
21.3333333333333,2.13076014078817e-05,-0.000277816176710633,-0.000502397973204257
21.3666666666667,2.12896794702229e-05,-0.000277734555589224,-0.000503837506853558
21.4,2.12714352188935e-05,-0.000277655594220347,-0.000505277353042916
21.4333333333333,2.12528667007687e-05,-0.000277579225133947,-0.000506717560217861
21.4666666666667,2.12339743849305e-05,-0.000277505332633039,-0.000508158206120009
21.5,2.12147612031857e-05,-0.000277433754964129,-0.000509599396167381
21.5333333333333,2.1195232541557e-05,-0.000277364287169863,-0.000511041261450045
21.5666666666667,2.1175396193031e-05,-0.000277296684834821,-0.000512483956171095
21.6,2.11552623033589e-05,-0.000277230668556273,-0.00051392765458631
21.6333333333333,2.11348432961683e-05,-0.000277165929048322,-0.00051537254753799
21.6666666666667,2.11141537840658e-05,-0.000277102132750882,-0.000516818838657392
21.7,2.1093210462508e-05,-0.000277038927912194,-0.000518266740267738
21.7333333333333,2.10720319916881e-05,-0.000276975950908846,-0.000519716469141428
21.7666666666667,2.10506388632342e-05,-0.00027691283282116,-0.000521168242108476
21.8,2.10290532567178e-05,-0.000276849205993021,-0.000522622271694955
21.8333333333333,2.10072988841011e-05,-0.000276784710616371,-0.000524078761769952
21.8666666666667,2.09854008257669e-05,-0.000276719001061382,-0.000525537903388443
21.9,2.09633853578594e-05,-0.000276651752012747,-0.000526999870790695
21.9333333333333,2.09412797732177e-05,-0.000276582664142635,-0.000528464817741969
21.9666666666667,2.09191121969771e-05,-0.000276511469395341,-0.000529932874159588
22,2.08969113979177e-05,-0.00027643793564016,-0.00053140414319577
22.0333333333333,2.08747065976989e-05,-0.000276361870773859,-0.000532878698715908
22.0666666666667,2.08525272780464e-05,-0.000276283126068626,-0.000534356583315555
22.1,2.0830402988792e-05,-0.000276201598844703,-0.000535837806815081
22.1333333333333,2.0808363155825e-05,-0.00027611723433566,-0.000537322345326906
22.1666666666667,2.07864368925215e-05,-0.000276030027174408,-0.000538810140584789
22.2,2.07646528191884e-05,-0.00027594002248329,-0.00054030109953741
22.2333333333333,2.07430388679923e-05,-0.000275847315392739,-0.000541795095086531
22.2666666666667,2.07216221244067e-05,-0.000275752049310803,-0.000543291967636409
22.3,2.07004286494679e-05,-0.000275654413346979,-0.000544791527281935
22.3333333333333,2.06794833178579e-05,-0.000275554638869041,-0.000546293556579985
22.3666666666667,2.06588096667628e-05,-0.000275452995255864,-0.000547797813868005
22.4,2.06384297487417e-05,-0.000275349784986379,-0.000549304037046648
22.4333333333333,2.06183639966885e-05,-0.000275245338092672,-0.000550811947786925
22.4666666666667,2.05986310978215e-05,-0.000275140006183674,-0.000552321256025224
22.5,2.05792478780464e-05,-0.000275034156044716,-0.000553831664735963
22.5333333333333,2.05602291979847e-05,-0.000274928163066816,-0.000555342874803009
22.5666666666667,2.05415878593766e-05,-0.00027482240448487,-0.00055685459000336
22.6,2.05233345247913e-05,-0.000274717252703711,-0.000558366521903091
22.6333333333333,2.0505477647724e-05,-0.000274613068666656,-0.000559878394699892
22.6666666666667,2.04880234174415e-05,-0.000274510195548657,-0.00056138994980696
22.7,2.04709757138448e-05,-0.00027440895270897,-0.000562900950230439
22.7333333333333,2.04543360638669e-05,-0.000274309630159422,-0.000564411184579205
22.7666666666667,2.04381035545992e-05,-0.000274212483539262,-0.000565920470801352
22.8,2.04222747932675e-05,-0.0002741177296324,-0.000567428659441921
22.8333333333333,2.04068439216372e-05,-0.000274025542659339,-0.000568935636238932
22.8666666666667,2.03918026529059e-05,-0.000273936051254067,-0.00057044132418948
22.9,2.03771403199871e-05,-0.000273849336166866,-0.000571945685076394
22.9333333333333,2.03628439467895e-05,-0.00027376542878164,-0.000573448720370924
22.9666666666667,2.03488983226313e-05,-0.000273684309853584,-0.000574950471972504
23,2.03352861168822e-05,-0.000273605909023496,-0.0005764510223162
23.0333333333333,2.03219879850994e-05,-0.000273530105954582,-0.000577950493346259
23.0666666666667,2.0308982693577e-05,-0.000273456732561312,-0.000579449044677822
23.1,2.02962472682719e-05,-0.000273385576075143,-0.000580946871116485
23.1333333333333,2.02837571453186e-05,-0.000273316382947149,-0.000582444199580236
23.1666666666667,2.02714863345466e-05,-0.000273248863527947,-0.000583941285445091
23.2,2.02594075942291e-05,-0.000273182697359515,-0.00058543840843287
23.2333333333333,2.02474926122068e-05,-0.000273117539064637,-0.000586935868064343
23.2666666666667,2.02357121943635e-05,-0.000273053024604564,-0.000588433978834733
23.3,2.02240364591562e-05,-0.000272988777913072,-0.000589933065112568
23.3333333333333,2.02124350346888e-05,-0.000272924417635915,-0.000591433455957006
23.3666666666667,2.02008772606421e-05,-0.000272859564008999,-0.000592935479829607
23.4,2.0189332388663e-05,-0.000272793845584506,-0.000594439459415549
23.4333333333333,2.01777697860714e-05,-0.000272726905860934,-0.000595945706508974
23.4666666666667,2.01661591342275e-05,-0.000272658409528324,-0.00059745451718062
23.5,2.01544706286251e-05,-0.000272588048401569,-0.000598966167165828
23.5333333333333,2.0142675170204e-05,-0.000272515546774098,-0.000600480907680146
23.5666666666667,2.01307445567446e-05,-0.00027244066627399,-0.000601998961590018
23.6,2.01186516625041e-05,-0.000272363209991302,-0.000603520520123255
23.6333333333333,2.01063706162485e-05,-0.000272283025959164,-0.000605045740042964
23.6666666666667,2.00938769650619e-05,-0.000272200009805861,-0.000606574741437728
23.7,2.00811478346021e-05,-0.000272114106672597,-0.000608107606041148
23.7333333333333,2.00681620734977e-05,-0.000272025312620278,-0.000609644375945785
23.7666666666667,2.00549003978053e-05,-0.000271933675695561,-0.000611185052559231
23.8,2.00413454969363e-05,-0.000271839295353925,-0.000612729596804361
23.8333333333333,2.00274821690306e-05,-0.000271742320636863,-0.000614277930142867
23.8666666666667,2.00132974062197e-05,-0.000271642947453622,-0.000615829936336847
23.9,1.99987804835736e-05,-0.000271541414968391,-0.000617385463836044
23.9333333333333,1.99839230308882e-05,-0.000271438001205982,-0.000618944328755496
23.9666666666667,1.99687190902022e-05,-0.000271333017911106,-0.000620506318410266
24,1.99531651581126e-05,-0.000271226804852081,-0.00062207119527606
24.0333333333333,1.99372602426435e-05,-0.000271119723582403,-0.00062363870130334
24.0666666666667,1.99210059484624e-05,-0.000271012150866707,-0.000625208562413056
24.1,1.9904406494485e-05,-0.000270904471889195,-0.000626780493282049
24.1333333333333,1.98874686830213e-05,-0.000270797073302147,-0.000628354202341538
24.1666666666667,1.98702018539701e-05,-0.000270690336297082,-0.000629929396786824
24.2,1.98526178198061e-05,-0.000270584629878273,-0.000631505787484459
24.2333333333333,1.98347307805798e-05,-0.000270480304285832,-0.000633083093811079
24.2666666666667,1.98165572235626e-05,-0.000270377684888933,-0.00063466104819113
24.3,1.97981158033136e-05,-0.000270277066442446,-0.000636239400414231
24.3333333333333,1.97794272097159e-05,-0.000270178707984896,-0.000637817921523006
24.3666666666667,1.97605140174912e-05,-0.000270082828283234,-0.00063939640734851
24.4,1.9741400527368e-05,-0.000269989602052349,-0.000640974681513833
24.4333333333333,1.97221125904987e-05,-0.000269899156858939,-0.000642552597984467
24.4666666666667,1.97026774283057e-05,-0.000269811570885927,-0.000644130043018031
24.5,1.96831234410429e-05,-0.000269726871383235,-0.000645706936648734
24.5333333333333,1.96634800014168e-05,-0.000269645033408735,-0.000647283233996666
24.5666666666667,1.96437772586673e-05,-0.000269565979468751,-0.000648858925915917
24.6,1.96240459365134e-05,-0.00026948958087693,-0.000650434038437988
24.6333333333333,1.96043171080296e-05,-0.000269415660077823,-0.000652008631576334
24.6666666666667,1.95846219969043e-05,-0.000269343993872269,-0.000653582797437174
24.7,1.95649917625651e-05,-0.000269274317526685,-0.000655156657737348
24.7333333333333,1.9545457295787e-05,-0.000269206329609565,-0.000656730360783814
24.7666666666667,1.95260490132876e-05,-0.000269139697536781,-0.000658304077953727
24.8,1.95067966614883e-05,-0.000269074063617015,-0.000659877999800128
24.8333333333333,1.94877291223702e-05,-0.000269009051594005,-0.000661452331802574
24.8666666666667,1.94688742306176e-05,-0.000268944273423744,-0.000663027289927093
24.9,1.94502585956492e-05,-0.000268879336310301,-0.000664603095994621
24.9333333333333,1.94319074357458e-05,-0.000268813849705304,-0.000666179973049502
24.9666666666667,1.94138444201295e-05,-0.000268747432321346,-0.000667758140704018
25,1.93960915233366e-05,-0.000268679718854192,-0.00066933781066335
25.0333333333333,1.93786688902501e-05,-0.000268610366486154,-0.000670919182386106
25.0666666666667,1.93615947133647e-05,-0.000268539060876585,-0.000672502439082857
25.1,1.93448851229606e-05,-0.000268465521726658,-0.000674087743992194
25.1333333333333,1.93285540892841e-05,-0.000268389507653504,-0.000675675237121551
25.1666666666667,1.93126133394373e-05,-0.000268310820466855,-0.000677265032383381
25.2,1.92970722859495e-05,-0.000268229308626744,-0.000678857215288047
25.2333333333333,1.92819379714285e-05,-0.000268144869972452,-0.000680451841122022
25.2666666666667,1.9267215023813e-05,-0.000268057453594228,-0.000682048933712359
25.3,1.92529056274726e-05,-0.00026796706134511,-0.000683648484414903
25.3333333333333,1.9239009457427e-05,-0.000267873748792822,-0.000685250451574101
25.3666666666667,1.92255236118755e-05,-0.000267777624432693,-0.000686854761220729
25.4,1.92124426335025e-05,-0.000267678847706471,-0.00068846130843538
25.4333333333333,1.91997585423925e-05,-0.000267577626153854,-0.00069006995930403
25.4666666666667,1.91874608902611e-05,-0.000267474211587949,-0.000691680553522983
25.5,1.91755368357952e-05,-0.000267368895474836,-0.000693292907524244
25.5333333333333,1.91639712302504e-05,-0.000267262003613944,-0.000694906818077126
25.5666666666667,1.91527467241517e-05,-0.000267153890155496,-0.000696522066315431
25.6,1.9141843884817e-05,-0.000267044931185203,-0.000698138422050753
25.6333333333333,1.91312413308491e-05,-0.000266935517874927,-0.000699755648357225
25.6666666666667,1.91209158768703e-05,-0.000266826049472906,-0.000701373506250415
25.7,1.91108426920236e-05,-0.000266716926109747,-0.000702991759466842
25.7333333333333,1.91009954671235e-05,-0.000266608541717472,-0.000704610179146845
25.7666666666667,1.90913465922907e-05,-0.000266501277011092,-0.000706228548449745
25.8,1.90818673414094e-05,-0.000266395492833732,-0.000707846666898327
25.8333333333333,1.90725280636222e-05,-0.000266291523792473,-0.000709464354500836
25.8666666666667,1.90632983796541e-05,-0.000266189672469291,-0.000711081455456216
25.9,1.90541473817458e-05,-0.00026609020412016,-0.00071269784150409
25.9333333333333,1.90450438362917e-05,-0.000265993342113177,-0.000714313414745754
25.9666666666667,1.90359563868114e-05,-0.000265899264014165,-0.000715928110004091
26,1.90268537574319e-05,-0.000265808098524072,-0.000717541896578645
26.0333333333333,1.90177049536783e-05,-0.000265719923180777,-0.000719154779463372
26.0666666666667,1.90084794645698e-05,-0.000265634762862939,-0.000720766799993016
26.1,1.89991474462372e-05,-0.000265552588495976,-0.000722378036383435
26.1333333333333,1.8989679921099e-05,-0.000265473316811379,-0.000723988603493317
26.1666666666667,1.89800489630877e-05,-0.00026539681182509,-0.000725598651394811
26.2,1.897022786328e-05,-0.000265322887298046,-0.000727208363287982
26.2333333333333,1.89601913031e-05,-0.000265251310123376,-0.000728817952743107
26.2666666666667,1.89499155112297e-05,-0.00026518180459282,-0.000730427660352168
26.3,1.89393784110439e-05,-0.00026511405745861,-0.000732037749837366
26.3333333333333,1.89285597590343e-05,-0.000265047723634654,-0.000733648503723437
26.3666666666667,1.89174412702601e-05,-0.000264982432510364,-0.00073526021860441
26.4,1.89060067325508e-05,-0.000264917794639572,-0.000736873200166069
26.4333333333333,1.88942421082094e-05,-0.000264853408808286,-0.000738487757967967
26.4666666666667,1.88821356219936e-05,-0.000264788869198872,-0.00074010420018366
26.5,1.8869677836774e-05,-0.0002647237726817,-0.000741722828278719
26.5333333333333,1.88568617137502e-05,-0.000264657725931223,-0.000743343931843316
26.5666666666667,1.88436826604974e-05,-0.000264590352422078,-0.000744967783537644
26.6,1.88301385703076e-05,-0.000264521299013167,-0.000746594634346182
26.6333333333333,1.88162299003097e-05,-0.000264450242133421,-0.000748224709038647
26.6666666666667,1.88019597246397e-05,-0.000264376893459178,-0.000749858202041081
26.7,1.87873337227989e-05,-0.000264301004917021,-0.000751495273919744
26.7333333333333,1.87723601389976e-05,-0.000264222372966181,-0.000753136048433276
26.7666666666667,1.87570497305371e-05,-0.00026414084220316,-0.000754780610089905
26.8,1.8741415693344e-05,-0.000264056308043342,-0.000756429002405255
26.8333333333333,1.87254735729481e-05,-0.000263968718644001,-0.00075808122672853
26.8666666666667,1.87092411584466e-05,-0.000263878076322038,-0.000759737241461539
26.9,1.8692738362006e-05,-0.00026378443849714,-0.000761396961643675
26.9333333333333,1.86759870702765e-05,-0.000263687916880207,-0.000763060259839202
26.9666666666667,1.86590110124466e-05,-0.000263588675408776,-0.000764726967878048
27,1.8641835584896e-05,-0.000263486927248464,-0.000766396879348181
27.0333333333333,1.86244876801613e-05,-0.000263382930854135,-0.000768069752743815
27.0666666666667,1.86069955045613e-05,-0.000263276985219188,-0.00076974531521367
27.1,1.85893883854622e-05,-0.000263169424350475,-0.000771423266876945
27.1333333333333,1.85716965732375e-05,-0.000263060611170578,-0.000773103285556973
27.1666666666667,1.85539510372065e-05,-0.00026295093085885,-0.000774785031922309
27.2,1.85361832585196e-05,-0.00026284078389387,-0.00077646815484674
27.2333333333333,1.85184250194306e-05,-0.000262730578782146,-0.000778152296995717
27.2666666666667,1.85007081936975e-05,-0.000262620724772395,-0.000779837100421842
27.3,1.84830645348575e-05,-0.000262511624512907,-0.00078152221220139
27.3333333333333,1.84655254697773e-05,-0.000262403666964407,-0.000783207289879996
27.3666666666667,1.84481218915825e-05,-0.000262297220502078,-0.000784892006781867
27.4,1.84308839615609e-05,-0.000262192626509846,-0.000786576056952573
27.4333333333333,1.84138409119616e-05,-0.000262090193383773,-0.0007882591598066
27.4666666666667,1.83970208609559e-05,-0.000261990191219254,-0.000789941064265966
27.5,1.83804506299924e-05,-0.00026189284709112,-0.000791621552470698
27.5333333333333,1.83641555759353e-05,-0.000261798341157764,-0.000793300442875399
27.5666666666667,1.83481594270725e-05,-0.000261706803500296,-0.000794977592814474
27.6,1.8332484135939e-05,-0.000261618311872325,-0.000796652900387663
27.6333333333333,1.83171497408052e-05,-0.000261532890177048,-0.000798326305810775
27.6666666666667,1.83021742303321e-05,-0.000261450507258381,-0.000799997792537366
27.7,1.82875734387825e-05,-0.000261371076704614,-0.000801667387598856
27.7333333333333,1.82733609500577e-05,-0.000261294458406959,-0.000803335160683139
27.7666666666667,1.82595479965286e-05,-0.000261220461119739,-0.000805001222512876
27.8,1.82461433970126e-05,-0.00026114884595975,-0.000806665722477617
27.8333333333333,1.82331534940162e-05,-0.000261079330825384,-0.000808328845617022
27.8666666666667,1.82205821120383e-05,-0.000261011595565688,-0.0008099908090284
27.9,1.82084305112009e-05,-0.00026094528787164,-0.000811651857773572
27.9333333333333,1.819669730448e-05,-0.000260880029744099,-0.000813312260449868
27.9666666666667,1.81853784243385e-05,-0.000260815424316007,-0.000814972304412117
28,1.81744671491079e-05,-0.000260751063087154,-0.000816632290579709
28.0333333333333,1.81639541468576e-05,-0.000260686533312923,-0.000818292528102901
28.0666666666667,1.81538275375002e-05,-0.000260621425344932,-0.000819953329024771
28.1,1.81440729742839e-05,-0.000260555340001629,-0.000821615002886057
28.1333333333333,1.81346737413942e-05,-0.000260487895596942,-0.000823277851539162
28.1666666666667,1.81256108705092e-05,-0.00026041873473222,-0.000824942164094807
28.2,1.81168632701276e-05,-0.000260347530534889,-0.000826608212234492
28.2333333333333,1.81084078732916e-05,-0.000260273992435998,-0.00082827624581581
28.2666666666667,1.81002197944351e-05,-0.000260197871211101,-0.000829946488981108
28.3,1.80922725033293e-05,-0.000260118963381466,-0.00083161913668791
28.3333333333333,1.80845380044478e-05,-0.000260037114746231,-0.000833294351844223
28.3666666666667,1.80769870315358e-05,-0.000259952223139109,-0.000834972262965175
28.4,1.80695892430116e-05,-0.000259864240283935,-0.000836652962466918
28.4333333333333,1.80623134350817e-05,-0.000259773173272075,-0.000838336505194337
28.4666666666667,1.8055127744617e-05,-0.000259679085349604,-0.000840022907458712
28.5,1.80479998640402e-05,-0.000259582094973318,-0.000841712147280613
28.5333333333333,1.80408972646036e-05,-0.000259482373607764,-0.000843404165507858
28.5666666666667,1.80337874070423e-05,-0.000259380142594264,-0.000845098867617676
28.6,1.80266379561107e-05,-0.000259275669078704,-0.000846796126178496
28.6333333333333,1.80194169972954e-05,-0.000259169261069541,-0.00084849578392357
28.6666666666667,1.80120932414564e-05,-0.000259061261792888,-0.000850197657347956
28.7,1.80046362316139e-05,-0.000258952043369251,-0.000851901540780487
28.7333333333333,1.79970165373988e-05,-0.00025884200005322,-0.000853607210791475
28.7666666666667,1.79892059464683e-05,-0.000258731541033254,-0.00085531443091621
28.8,1.79811776433842e-05,-0.000258621083084148,-0.000857022956509012
28.8333333333333,1.7972906381745e-05,-0.000258511043038712,-0.000858732539736641
28.8666666666667,1.79643686432188e-05,-0.000258401830398071,-0.000860442934500587
28.9,1.79555427866298e-05,-0.000258293840018771,-0.000862153901322235
28.9333333333333,1.79464091836833e-05,-0.000258187445198681,-0.000863865211973008
28.9666666666667,1.79369503418922e-05,-0.000258082991077419,-0.000865576653904655
29,1.79271510141265e-05,-0.000257980788654491,-0.000867288034269084
29.0333333333333,1.7916998292963e-05,-0.000257881109327058,-0.000868999183598094
29.0666666666667,1.79064816918059e-05,-0.000257784180214102,-0.000870709958952632
29.1,1.78955932089046e-05,-0.000257690180165041,-0.000872420246619263
29.1333333333333,1.78843273784149e-05,-0.000257599236669475,-0.000874129964194149
29.1666666666667,1.78726813048681e-05,-0.000257511423570782,-0.000875839062129162
29.2,1.78606547199583e-05,-0.00025742675958003,-0.000877547524665288
29.2333333333333,1.78482500384837e-05,-0.000257345206991149,-0.000879255370624233
29.2666666666667,1.78354723900856e-05,-0.000257266671792428,-0.000880962653258838
29.3,1.78223295508792e-05,-0.000257191005250175,-0.000882669459262586
29.3333333333333,1.78088318958799e-05,-0.000257118006665642,-0.00088437590690355
29.3666666666667,1.77949923264854e-05,-0.000257047427026003,-0.000886082143577116
29.4,1.77808261739013e-05,-0.000256978973543451,-0.000887788342776538
29.4333333333333,1.77663510879581e-05,-0.000256912315035663,-0.000889494700498003
29.4666666666667,1.77515869121726e-05,-0.000256847087945957,-0.00089120143121959
29.5,1.77365555399063e-05,-0.000256782902990813,-0.000892908763475884
29.5333333333333,1.77212807608759e-05,-0.000256719352182125,-0.00089461693518564
29.5666666666667,1.77057880920617e-05,-0.000256656016228876,-0.000896326188744866
29.6,1.76901046005454e-05,-0.000256592472022887,-0.00089803676607584
29.6333333333333,1.76742587147838e-05,-0.000256528300242997,-0.000899748903618526
29.6666666666667,1.76582800298343e-05,-0.000256463092759531,-0.000901462827475298
29.7,1.76421991049655e-05,-0.000256396459900485,-0.000903178748671895
29.7333333333333,1.76260472574267e-05,-0.000256328037262597,-0.000904896858748533
29.7666666666667,1.76098563524802e-05,-0.000256257492148997,-0.000906617325625873
29.8,1.75936585918229e-05,-0.000256184529338968,-0.000908340289947501
29.8333333333333,1.75774863019269e-05,-0.000256108896283123,-0.000910065861832198
29.8666666666667,1.75613717229634e-05,-0.000256030387469121,-0.000911794118212987
29.9,1.75453468009583e-05,-0.000255948848053405,-0.000913525100691586
29.9333333333333,1.75294429826307e-05,-0.000255864176557169,-0.000915258814050991
29.9666666666667,1.75136910148615e-05,-0.000255776326768934,-0.000916995225322106
30,1.74981207569742e-05,-0.000255685309187385,-0.000918734263150467
