0,0,0,147.7386
0.0333333333333333,-0.000344844435077152,-0.000215854415992606,147.73859999944
0.0666666666666667,-0.00137308274016065,-0.000861504534495599,147.738599991107
0.1,-0.00306613331479293,-0.00193222481201883,147.738599955548
0.133333333333333,-0.0053939833155881,-0.00342258046284425,147.738599861887
0.166666666666667,-0.00831652399767355,-0.00532775532563985,147.738599669858
0.2,-0.011785222886626,-0.00764288674636049,147.738599332249
0.233333333333333,-0.0157449755131704,-0.0103605342846321,147.738598797725
0.266666666666667,-0.0201359949538565,-0.0134672666741903,147.738598013974
0.3,-0.0248956366449876,-0.0169404221420611,147.738596931165
0.333333333333333,-0.0299600969486212,-0.0207457276423153,147.7385955056
0.366666666666667,-0.0352659555621669,-0.0248360456030938,147.738593703349
0.4,-0.0407515485877663,-0.0291512351981444,147.738591503631
0.433333333333333,-0.0463581670419535,-0.0336189761070775,147.73858890163
0.466666666666667,-0.0520310779397004,-0.0381563608046045,147.738585910449
0.5,-0.0577203631694226,-0.042672065574864,147.738582561951
0.533333333333333,-0.0633815727451853,-0.0470689295607195,147.738578906297
0.566666666666667,-0.0689761873668508,-0.0512467934819638,147.738575010089
0.6,-0.0744718884895718,-0.0551054691482828,147.738570953171
0.633333333333333,-0.0798426361139467,-0.0585477256585591,147.738566824229
0.666666666666667,-0.0850685583865848,-0.061482191608841,147.738562715496
0.7,-0.0901356612577277,-0.0638260844632759,147.738558716922
0.733333333333333,-0.0950353712790389,-0.06550768745576,147.738554910291
0.766666666666667,-0.0997639278341109,-0.0664685093678218,147.738551363738
0.8,-0.104321646347656,-0.0666650686458601,147.738548127165
0.833333333333333,-0.108712075298013,-0.0660702585083238,147.738545228947
0.866666666666667,-0.11294107756165,-0.0646742572506979,147.738542674258
0.9,-0.117015863140654,-0.0624849629033264,147.738540445197
0.933333333333333,-0.120944004904721,-0.0595279802233664,147.738538502746
0.966666666666667,-0.124732462127156,-0.0558463536558976,147.738536790364
1,-0.128386629763921,-0.0514997014775688,147.738535239165
1.03333333333333,-0.131909506189428,-0.0465625163477454,147.738533774281
1.06666666666667,-0.135300921077213,-0.0411222024220337,147.738532321752
1.1,-0.138556955676394,-0.0352765798744446,147.7385308154
1.13333333333333,-0.141669491094329,-0.0291311843971872,147.73852920308
1.16666666666667,-0.144625957031128,-0.0227963228069664,147.73852745178
1.2,-0.147409285784348,-0.0163840450003089,147.738525551142
1.23333333333333,-0.149998039565385,-0.0100051145707404,147.738523515181
1.26666666666667,-0.152366731936412,-0.00376607205701296,147.738521382054
1.3,-0.154486334920611,0.00223355110659307,147.738519211963
1.33333333333333,-0.156324939972816,0.00790373802848431,147.738517083407
1.36666666666667,-0.157848583890786,0.0131662118742124,147.738515088096
1.4,-0.159022141637388,0.0179562199483354,147.738513325039
1.43333333333333,-0.159810368506259,0.0222239732724362,147.738511894161
1.46666666666667,-0.160178966173367,0.0259355973058577,147.73851089003
1.5,-0.16009568491418,0.0290736154314341,147.738510396093
1.53333333333333,-0.159531418426418,0.0316371079511306,147.738510479766
1.56666666666667,-0.158461293890611,0.0336414038689471,147.738511188635
1.6,-0.156865790309301,0.0351170642268867,147.738512547933
1.63333333333333,-0.154731724730894,0.0361083389425942,147.738514559478
1.66666666666667,-0.152053033809723,0.0366712153155348,147.738517202038
1.7,-0.148943886171148,0.0368480008343511,147.738520325282
1.73333333333333,-0.146078497016649,0.036540112621916,147.738523262732
1.76666666666667,-0.143586763220032,0.035710349301965,147.738525908351
1.8,-0.141484087720317,0.0343454384076054,147.738528260585
1.83333333333333,-0.139780743288063,0.0324423243627857,147.738530312168
1.86666666666667,-0.138483610571299,0.0300097281670621,147.738532047891
1.9,-0.137597072976832,0.0270683701201492,147.738533444423
1.93333333333333,-0.137123492281771,0.0236505432467488,147.738534471409
1.96666666666667,-0.137063459524403,0.019799318228102,147.738535093438
2,-0.137415878505054,0.0155675083470067,147.738535272586
2.03333333333333,-0.138177959008094,0.0110164635167711,147.738534971243
2.06666666666667,-0.139345225600334,0.00621473339099953,147.738534154923
2.1,-0.140911513963967,0.00123663077336621,147.738532794853
2.13333333333333,-0.142868956208861,-0.00383927486463319,147.738530870187
2.16666666666667,-0.145207962121491,-0.00893170606922092,147.738528369658
2.2,-0.147917201123476,-0.0139582413988575,147.73852529259
2.23333333333333,-0.150983588593086,-0.0188368666091985,147.738521649191
2.26666666666667,-0.154392279125941,-0.0234874895523611,147.738517460146
2.3,-0.158126668916633,-0.0278333946005233,147.73851275554
2.33333333333333,-0.162168408994993,-0.0318026134434518,147.738507573215
2.36666666666667,-0.166497430465725,-0.0353291959426348,147.738501956712
2.4,-0.171091983167862,-0.0383543590368571,147.738495952939
2.43333333333333,-0.175928687928972,-0.0408275037785901,147.738489609755
2.46666666666667,-0.180982603923533,-0.0427070814065056,147.738482973673
2.5,-0.186227310325902,-0.0439613054169813,147.738476087824
2.53333333333333,-0.191635003111946,-0.0445686955866284,147.738468990365
2.56666666666667,-0.197176606623853,-0.0445184506501796,147.738461713439
2.6,-0.20282189961633,-0.0438106477234421,147.738454282777
2.63333333333333,-0.208539651165571,-0.0424563618923046,147.738446717946
2.66666666666667,-0.214297787619492,-0.0404777942875194,147.7384390332
2.7,-0.220063524265915,-0.0379079869683122,147.738431239098
2.73333333333333,-0.225803575797325,-0.0347901966213302,147.738423344597
2.76666666666667,-0.231484313505046,-0.0311771038972444,147.738415359583
2.8,-0.23707197547793,-0.027129830453824,147.73840729753
2.83333333333333,-0.242532869374674,-0.0227168126335682,147.738399178121
2.86666666666667,-0.247833583520467,-0.0180125462116537,147.738391029627
2.9,-0.252941205652142,-0.0130962267090029,147.738382890823
2.93333333333333,-0.25782354467653,-0.00805031895665917,147.738374812275
2.96666666666667,-0.262449351503423,-0.00295910276857068,147.738366856892
3,-0.266788547430629,0.00209284917373032,147.738359099629
3.03333333333333,-0.27081243925665,0.00702211265239583,147.738351626356
3.06666666666667,-0.274493940941712,0.0117478749681101,147.738344531891
3.1,-0.277807782824165,0.0161933025531332,147.738337917322
3.13333333333333,-0.2807307102138,0.0202868155868302,147.73833188673
3.16666666666667,-0.283241679811403,0.0239632980159065,147.738326543491
3.2,-0.285322038990502,0.027165157086273,147.73832198637
3.23333333333333,-0.286955694440745,0.0298432554584052,147.738318305609
3.26666666666667,-0.288129261153488,0.03195769015389,147.738315579253
3.3,-0.288832201281991,0.0334784234228884,147.738313869878
3.33333333333333,-0.289056938323413,0.0343857374466729,147.738313221952
3.36666666666667,-0.288798962579063,0.03467055299892,147.738313659903
3.4,-0.288057004215735,0.0343347300781861,147.738315186849
3.43333333333333,-0.286833180755759,0.0333912207033906,147.738317784226
3.46666666666667,-0.285133058499858,0.0318637986033059,147.738321412548
3.5,-0.282965658841213,0.0297865471672878,147.738326013115
3.53333333333333,-0.280343414114102,0.0272031860992728,147.738331510535
3.56666666666667,-0.277282114903875,0.0241661988119976,147.738337815828
3.6,-0.273800815649275,0.020735811185611,147.738344829971
3.63333333333333,-0.269921713317278,0.0169788268518664,147.738352447657
3.66666666666667,-0.265669996156673,0.0129673622140501,147.738360561029
3.7,-0.261073665649692,0.00877748470740738,147.738369063209
3.73333333333333,-0.256163332871954,0.00448781028945315,147.738377851412
3.76666666666667,-0.250971990835756,0.000178055662625069,147.738386829517
3.8,-0.24553476773865,-0.00407239274319891,147.738395909978
3.83333333333333,-0.239888659174173,-0.0081859035698056,147.73840501502
3.86666666666667,-0.234072248778151,-0.0120879569962553,147.738414077124
3.9,-0.228125411615626,-0.0157084482253226,147.738423038833
3.93333333333333,-0.222089013633285,-0.0189828800503717,147.738431851974
3.96666666666667,-0.216004598241133,-0.0218534629858947,147.738440476403
4,-0.209914076243186,-0.0242700724480335,147.738448878429
4.03333333333333,-0.203859407574588,-0.0261910824911968,147.738457029066
4.06666666666667,-0.197882292984746,-0.0275840353108253,147.738464902269
4.1,-0.192023862218201,-0.0284261649229333,147.738472473318
4.13333333333333,-0.186324377813001,-0.0287047454572179,147.738479717451
4.16666666666667,-0.180822939925874,-0.0284172826789455,147.738486608881
4.2,-0.175557213430356,-0.0275716075857214,147.738493120213
4.23333333333333,-0.170563143936059,-0.026185940423585,147.738499222344
4.26666666666667,-0.165874741375516,-0.0242886016296493,147.738504884793
4.3,-0.161523808179566,-0.0219174290634287,147.738510076573
4.33333333333333,-0.157539743507493,-0.019119031825714,147.738514767314
4.36666666666667,-0.153949345006019,-0.0159478749657099,147.738518928628
4.4,-0.150776632720574,-0.0124652266424153,147.738522535543
4.43333333333333,-0.148042695915427,-0.00873797650586812,147.738525567869
4.46666666666667,-0.145765564284668,-0.00483737104504286,147.738528011349
4.5,-0.143960098158093,-0.000837666249872894,147.738529858492
4.53333333333333,-0.142637905430734,0.00318524604152664,147.73853110899
4.56666666666667,-0.141807278784109,0.00715524407418997,147.738531769671
4.6,-0.141473157602565,0.0109973537932389,147.738531853961
4.63333333333333,-0.141637104715602,0.0146391087064119,147.738531380906
4.66666666666667,-0.142297231254457,0.0180118390532408,147.738530373872
4.7,-0.143448104510905,0.0210518902745198,147.738528858992
4.73333333333333,-0.145080789047796,0.023701730854425,147.738526863349
4.76666666666667,-0.147182945744769,0.0259109730897912,147.738524413106
4.8,-0.149738944407966,0.0276372295392496,147.738521531766
4.83333333333333,-0.152730009577588,0.0288468542327506,147.738518238688
4.86666666666667,-0.156134384625409,0.0295155167433714,147.738514547995
4.9,-0.159927522554209,0.029628632095372,147.738510467961
4.93333333333333,-0.164082289629813,0.0291817053631821,147.738506000942
4.96666666666667,-0.168569203178018,0.0281806455840314,147.738501143862
5,-0.173356643089239,0.0266417260688409,147.738495889368
5.03333333333333,-0.178411136670496,0.0245912669581882,147.738490227482
5.06666666666667,-0.183697600623613,0.0220651367805607,147.738484147771
5.1,-0.189179612875081,0.019108069064991,147.738477641797
5.13333333333333,-0.194819684502368,0.0157728141179204,147.738470705734
5.16666666666667,-0.200579534675421,0.0121191379163174,147.738463342952
5.2,-0.206420361107516,0.00821270312068947,147.738455566403
5.23333333333333,-0.212303113609895,0.00412383748285584,147.738447400607
5.26666666666667,-0.218188756995805,-7.37617705679975e-05,147.738438883118
5.3,-0.224038533045115,-0.00430438839901449,147.738430065328
5.33333333333333,-0.229814209802095,-0.00849169612725893,147.738421012545
5.36666666666667,-0.235478325272973,-0.0125600830622492,147.738411803304
5.4,-0.24099441740727,-0.0164360323741511,147.73840252794
5.43333333333333,-0.246327244646749,-0.0200494217025961,147.738393286475
5.46666666666667,-0.251442992274367,-0.0233347436659253,147.738384185937
5.5,-0.256309466302281,-0.0262322540940535,147.738375337237
5.53333333333333,-0.260896273166016,-0.028688995513668,147.738366851797
5.56666666666667,-0.26517498467694,-0.0306597147597159,147.73835883808
5.6,-0.269119289134119,-0.0321076300856337,147.738351398235
5.63333333333333,-0.272705126096593,-0.0330050668225064,147.738344625015
5.66666666666667,-0.275910807883507,-0.0333339266901898,147.738338599144
5.7,-0.278717123728036,-0.033086010565281,147.738333387245
5.73333333333333,-0.281107434423147,-0.0322632415227727,147.738329040414
5.76666666666667,-0.283067728523143,-0.0308778798269429,147.738325593522
5.8,-0.284586719750037,-0.0289523998975968,147.7383230652
5.83333333333333,-0.285655852983064,-0.0265190669119436,147.738321458695
5.86666666666667,-0.286269352349883,-0.0236193375019441,147.73832076325
5.9,-0.2864242382213,-0.0203030870573312,147.738320956008
5.93333333333333,-0.286120343264508,-0.016627681034616,147.738322004243
5.96666666666667,-0.285360400128731,-0.0126569184680978,147.738323867588
6,-0.284150086310515,-0.0084598422310718,147.738326500335
6.03333333333333,-0.28249797539328,-0.00410948670405095,147.738329853718
6.06666666666667,-0.280415468294431,0.000318444058535507,147.73833387792
6.1,-0.277916709668335,0.00474694924292553,147.738338523651
6.13333333333333,-0.275018486019108,0.00909909169860932,147.738343743251
6.16666666666667,-0.271740107332799,0.0132993650796248,147.738349491258
6.2,-0.268103273909098,0.0172750047440908,147.738355724466
6.23333333333333,-0.264131928946398,0.0209572556588426,147.738362401502
6.26666666666667,-0.259852097723201,0.0242825431485941,147.738369482018
6.3,-0.255291715582257,0.0271935619314984,147.738376925598
6.33333333333333,-0.250480444297758,0.0296402348189364,147.738384690518
6.36666666666667,-0.245449480265152,0.0315805587437481,147.738392732495
6.4,-0.240231353253796,0.0329812974705603,147.738401003568
6.43333333333333,-0.234859719934252,0.0338185384817854,147.738409451227
6.46666666666667,-0.229369150401439,0.0340780847083622,147.738418017918
6.5,-0.22379490692806,0.0337557492893753,147.738426640969
6.53333333333333,-0.218172749133391,0.0328576473028338,147.738435252938
6.56666666666667,-0.212538669003513,0.031400204944744,147.738443782589
6.6,-0.206928707123525,0.0294098368263261,147.738452156274
6.63333333333333,-0.201378724287613,0.0269224419790611,147.738460299786
6.66666666666667,-0.195924176262036,0.0239827248874073,147.738468140515
6.7,-0.19059990651941,0.0206433475504386,147.738475609734
6.73333333333333,-0.185439932745146,0.0169639440607365,147.738482644895
6.76666666666667,-0.1804772422866,0.01301000440522,147.738489191763
6.8,-0.175743593475128,0.00885166932132668,147.738495206217
6.83333333333333,-0.171269323257323,0.00456243892653017,147.738500655594
6.86666666666667,-0.167083164239822,0.000217846586422914,147.738505519478
6.9,-0.163212069023732,-0.00410590510374197,147.738509789838
6.93333333333333,-0.159681046608835,-0.00833328985527201,147.738513470522
6.96666666666667,-0.156513006731485,-0.0123907934713405,147.738516576101
7,-0.153728618936257,-0.0162081832452901,147.738519130139
7.03333333333333,-0.151346180113714,-0.0197197243354607,147.738521162987
7.06666666666667,-0.149381499091461,-0.0228652901160729,147.738522709232
7.1,-0.147847790305344,-0.0255913828925338,147.738523804971
7.13333333333333,-0.146755586405287,-0.0278520186552768,147.738524485061
7.16666666666667,-0.146112660659217,-0.0296094933338971,147.738524780533
7.2,-0.145923969707885,-0.0308349930892755,147.738524716332
7.23333333333333,-0.146191596049943,-0.0315090672726418,147.738524309524
7.26666666666667,-0.146914637128474,-0.0316219235699701,147.738523568172
7.3,-0.148089110214656,-0.0311736227078147,147.738522490854
7.33333333333333,-0.149707943606869,-0.0301742328236169,147.738521066807
7.36666666666667,-0.151761034982663,-0.0286437931678268,147.738519276732
7.4,-0.154235309169435,-0.0266119215372272,147.738517094341
7.43333333333333,-0.15711478519768,-0.024117233642769,147.738514488482
7.46666666666667,-0.160380693527801,-0.0212066037529633,147.738511425671
7.5,-0.164011596947572,-0.0179342632403677,147.738507872925
7.53333333333333,-0.16798353829756,-0.014360776329713,147.738503800664
7.56666666666667,-0.172270206083318,-0.0105518962797379,147.738499185532
7.6,-0.176843117673598,-0.00657734699408615,147.738494012936
7.63333333333333,-0.181671819284496,-0.00250953020123339,147.738488279163
7.66666666666667,-0.186724099435731,0.00157778845706713,147.73848199295
7.7,-0.191966216706649,0.00561082005906283,147.738475176409
7.73333333333333,-0.197363135657041,0.00951706269769376,147.738467865273
7.76666666666667,-0.202878774765239,0.0132265922848655,147.738460108463
7.8,-0.208476256842433,0.0166732775779798,147.738451967022
7.83333333333333,-0.214118168857049,0.0197959343471842,147.738443512482
7.86666666666667,-0.21976681878474,0.0225393668461943,147.738434824802
7.9,-0.225384498978277,0.0248553138892678,147.738425989994
7.93333333333333,-0.230933741585834,0.026703254970988,147.738417097596
7.96666666666667,-0.236377577469423,0.0280510941792196,147.738408238132
8,-0.241679782822678,0.0288756866259816,147.73839950073
8.03333333333333,-0.246805126268751,0.0291632242352079,147.738390970986
8.06666666666667,-0.251719595675267,0.0289094909812865,147.738382729223
8.1,-0.256390642348837,0.0281201150112138,147.738374849115
8.13333333333333,-0.260787374734379,0.026810590005303,147.738367396887
8.16666666666667,-0.264880764702951,0.0250059607934536,147.738360431008
8.2,-0.268643841565883,0.0227403363764052,147.738354002349
8.23333333333333,-0.272051861303463,0.0200562330825812,147.738348154744
8.26666666666667,-0.275082462931042,0.0170037590744294,147.738342925832
8.3,-0.277715811796236,0.0136396570639517,147.738338348066
8.33333333333333,-0.279934719911092,0.0100262369637186,147.738334449753
8.36666666666667,-0.281724754338825,0.00623020287745553,147.738331255999
8.4,-0.283074322671252,0.00232142132092659,147.738328789447
8.43333333333333,-0.2839747435307,-0.00162837111288971,147.738327070715
8.46666666666667,-0.284420295926448,-0.00554686655777523,147.738326118471
8.5,-0.284408252690272,-0.00936249847982824,147.738325949123
8.53333333333333,-0.28393893286402,-0.0130057102174146,147.738326576058
8.56666666666667,-0.283015807552711,-0.0164102020080226,147.738328008401
8.6,-0.281645510648691,-0.0195140691708444,147.738330249693
8.63333333333333,-0.279837776278996,-0.0222609042781682,147.738333296511
8.66666666666667,-0.277605360207875,-0.0246007545460648,147.738337137071
8.7,-0.274963934920266,-0.0264909850184442,147.738341749941
8.73333333333333,-0.271931965837752,-0.0278970006946482,147.738347102989
8.76666666666667,-0.268530562677721,-0.0287928389980575,147.738353152691
8.8,-0.264783316904861,-0.029161604765289,147.738359843867
8.83333333333333,-0.26071611633166,-0.0289957652540263,147.738367109943
8.86666666666667,-0.256356952109967,-0.0282973516754775,147.738374873738
8.9,-0.251735691536946,-0.0270781323277613,147.738383048808
8.93333333333333,-0.246883886336134,-0.0253594631925681,147.738391541279
8.96666666666667,-0.2418345054909,-0.023171875882779,147.738400252257
9,-0.236621713525322,-0.0205545010345399,147.7384090805
9.03333333333333,-0.231280622637529,-0.0175543281186973,147.738417925329
9.06666666666667,-0.225847043531621,-0.0142253229949155,147.738426689582
9.1,-0.220357235297905,-0.0106274132620586,147.738435282451
9.13333333333333,-0.214847659192475,-0.00682537811442998,147.738443622023
9.16666666666667,-0.209354730013867,-0.00288764582939016,147.738451637407
9.2,-0.203914577037561,0.00111495324284268,147.7384592703
9.23333333333333,-0.198562806134811,0.00511048069718903,147.738466475915
9.26666666666667,-0.193334273066363,0.00902717726993131,147.738473223223
9.3,-0.188262862266585,0.0127947513234743,147.738479494508
9.33333333333333,-0.183381277764535,0.0163456131848442,147.738485284261
9.36666666666667,-0.178720843196237,0.0196160683126692,147.738490597508
9.4,-0.174311314556913,0.0225474161757309,147.738495447665
9.43333333333333,-0.170180704985604,0.0250869712373071,147.738499854072
9.46666666666667,-0.166355122542907,0.0271889584221424,147.738503839364
9.5,-0.162858622335366,0.0288153010514443,147.73850742683
9.53333333333333,-0.159713071625413,0.0299362614879803,147.738510637934
9.56666666666667,-0.156938031008854,0.0305309521739906,147.738513490137
9.6,-0.154550648389886,0.0305876896302679,147.738515995154
9.63333333333333,-0.152565566998857,0.0301042731604763,147.738518157725
9.66666666666667,-0.150994865568071,0.0290882308635314,147.738519974939
9.7,-0.149847968532932,0.0275567630267417,147.738521436256
9.73333333333333,-0.149131630211848,0.02553640924897,147.738522524116
9.76666666666667,-0.148849895686519,0.0230625525594564,147.738523215129
9.8,-0.149004076662557,0.0201787552378078,147.738523481734
9.83333333333333,-0.149592695383247,0.0169359436708933,147.738523294229
9.86666666666667,-0.150611405911521,0.0133914570628011,147.738522623022
9.9,-0.152053019784006,0.00960798112889041,147.738521440841
9.93333333333333,-0.153907567761822,0.00565240528955061,147.738519724786
9.96666666666667,-0.156162374351404,0.00159458942099185,147.738517458143
10,-0.158802151784644,-0.00249389195719905,147.738514631822
10.0333333333333,-0.161809112400289,-0.00654104082178602,147.738511245328
10.0666666666667,-0.165163096017653,-0.0104757082347475,147.738507307239
10.1,-0.168841713277726,-0.014228854707883,147.738502835163
10.1333333333333,-0.172820502501744,-0.0177347464735127,147.738497855206
10.1666666666667,-0.177073099179649,-0.0209320997499623,147.738492401015
10.2,-0.181571417003882,-0.0237651229924697,147.738486512484
10.2333333333333,-0.1862858381607,-0.0261844728130624,147.73848023423
10.2666666666667,-0.191185412804619,-0.0281480794926294,147.738473613963
10.3,-0.196238064439007,-0.0296218589079783,147.738466700882
10.3333333333333,-0.201410801880583,-0.0305802750275729,147.738459544208
10.3666666666667,-0.206669933913864,-0.0310067691263872,147.738452191969
10.4,-0.21198128782329,-0.0308940324695124,147.738444690109
10.4333333333333,-0.217310430569083,-0.0302442031371916,147.738437081976
10.4666666666667,-0.222622872722168,-0.0290690267987909,147.738429408222
10.5,-0.22788431506587,-0.0273897103577568,147.738421707093
10.5333333333333,-0.233060833821868,-0.0252365080317946,147.738414015199
10.5666666666667,-0.238119101871204,-0.0226481501896968,147.738406368536
10.6,-0.243026596120468,-0.0196711142190959,147.738398803699
10.6333333333333,-0.247751791554606,-0.0163587485897922,147.73839135919
10.6666666666667,-0.252264355587685,-0.0127702811169671,147.738384076633
10.7,-0.256535331056657,-0.00896971684380116,147.738377001807
10.7333333333333,-0.260537310841341,-0.00502466734472321,147.738370185346
10.7666666666667,-0.264244603615112,-0.00100511244363676,147.73836368303
10.8,-0.267633387744725,0.00301785605301276,147.738357555586
10.8333333333333,-0.270681855912387,0.00697331303142014,147.738351867976
10.8666666666667,-0.273370345671485,0.0107917480768556,147.738346688164
10.9,-0.275681460389499,0.0144062922488585,147.738342085429
10.9333333333333,-0.277600174099444,0.0177538712044185,147.738338128271
10.9666666666667,-0.279113926520741,0.0207762980350045,147.738334882052
11,-0.280212700326134,0.0234212575088489,147.738332406479
11.0333333333333,-0.280889088317937,0.02564319742026,147.73833075308
11.0666666666667,-0.281138341615867,0.0274040855294344,147.73832996284
11.1,-0.280958413460179,0.0286740493369576,147.7383300641
11.1333333333333,-0.280350040033427,0.0294318592380653,147.738331070784
11.1666666666667,-0.279316834950887,0.0296652871690994,147.738332981107
11.2,-0.277865277760872,0.0293713349214413,147.738335777049
11.2333333333333,-0.276004693756751,0.0285564529161429,147.738339424464
11.2666666666667,-0.273747155647932,0.0272365318780789,147.738343873979
11.3,-0.271107439566309,0.0254365912145464,147.738349062442
11.3333333333333,-0.268102914497924,0.0231902909368514,147.738354915024
11.3666666666667,-0.264753419120501,0.0205392885338162,147.738361347772
11.4,-0.261081130316352,0.0175324473114363,147.738368270455
11.4333333333333,-0.257110408490327,0.0142249093823688,147.738375589587
11.4666666666667,-0.252867627979833,0.0106770663666389,147.738383211415
11.5,-0.248380994361653,0.00695343092623555,147.73839104475
11.5333333333333,-0.243680348278493,0.00312145414828718,147.738399003456
11.5666666666667,-0.23879695786714,-0.000749712915931354,147.738407008506
11.6,-0.233763303145021,-0.00459046222436749,147.738414989487
11.6333333333333,-0.22861285046919,-0.00833198299003709,147.738422885527
11.6666666666667,-0.22337982417001,-0.011907473643598,147.738430645605
11.7,-0.218098970307898,-0.0152533228729037,147.738438228294
11.7333333333333,-0.212805322530553,-0.018310207868987,147.738445600971
11.7666666666667,-0.207533962336266,-0.0210241245051309,147.738452738617
11.8,-0.202319785985566,-0.0233473025104729,147.738459622292
11.8333333333333,-0.197197268220127,-0.0252390220754647,147.738466237433
11.8666666666667,-0.192200236641921,-0.0266662923514451,147.738472572103
11.9,-0.187361645340556,-0.027604408207475,147.738478615324
11.9333333333333,-0.182713362560067,-0.0280373548719194,147.738484355614
11.9666666666667,-0.178285960038965,-0.0279580774170075,147.738489779821
12,-0.174108521282809,-0.027368654909709,147.738494872323
12.0333333333333,-0.17020843861334,-0.0262804450266941,147.738499614642
12.0666666666667,-0.166611270172704,-0.0247139317089288,147.738503985475
12.1,-0.163340544532622,-0.0226983232264168,147.738507961238
12.1333333333333,-0.160417629407086,-0.020270993373287,147.738511516906
12.1666666666667,-0.157861596101952,-0.0174767684691877,147.738514627158
12.2,-0.155689099397373,-0.0143670808307929,147.738517267676
12.2333333333333,-0.153914274457978,-0.0109989970680143,147.738519416495
12.2666666666667,-0.152548651632339,-0.00743415737754296,147.738521055283
12.3,-0.151601084399325,-0.00373762767985759,147.738522170426
12.3333333333333,-0.151077697468961,2.32890079681412e-05,147.738522753846
12.3666666666667,-0.150981848985355,0.00378028521754036,147.738522803468
12.4,-0.15131409194963,0.00746527363425868,147.73852232331
12.4333333333333,-0.152072084453213,0.0110116128985653,147.738521323267
12.4666666666667,-0.153250544054854,0.0143552810827612,147.738519818484
12.5,-0.154841295349389,0.0174360067133912,147.738517828354
12.5333333333333,-0.156833333951649,0.0201983131869171,147.738515375286
12.5666666666667,-0.159212911031096,0.0225924840022,147.738512483335
12.6,-0.161963638304131,0.0245754100645315,147.738509176819
12.6333333333333,-0.165066615231319,0.0261113323531646,147.738505479008
12.6666666666667,-0.168500570076685,0.0271724432557044,147.738501411028
12.7,-0.172242022661347,0.0277393637068174,147.738496991046
12.7333333333333,-0.176265456881068,0.0278014689347414,147.738492233835
12.7666666666667,-0.1805435091445,0.0273571326438906,147.738487150737
12.8,-0.185047182429394,0.0264139349612299,147.738481750031
12.8333333333333,-0.18974602879501,0.0249885963974503,147.73847603781
12.8666666666667,-0.194608393635547,0.0231066520030911,147.738470019206
12.9,-0.199601633926391,0.0208019689469475,147.738463699965
12.9333333333333,-0.204692341467451,0.0181161077077953,147.738457088234
12.9666666666667,-0.209846582555669,0.0150975366503328,147.738450196407
13,-0.215030125289534,0.0118007269585786,147.738443042927
13.0333333333333,-0.220208674701461,0.00828513379381745,147.738435653882
13.0666666666667,-0.225348099169242,0.00461410190229797,147.738428064279
13.1,-0.230414657495842,0.000853697030933247,147.738420318876
13.1333333333333,-0.235375216164639,-0.00292848984121664,147.73841247249
13.1666666666667,-0.240197463338499,-0.00666456951974199,147.738404589741
13.2,-0.244850111631441,-0.0102875613052036,147.738396744208
13.2333333333333,-0.249303094061774,-0.0137325885777708,147.738389017017
13.2666666666667,-0.253527748001362,-0.0169380112340701,147.738381494941
13.3,-0.257496989146423,-0.0198465083395467,147.738374268085
13.3333333333333,-0.261185473095388,-0.0224060620178462,147.738367427277
13.3666666666667,-0.26456974433935,-0.0245708586605762,147.738361061314
13.4,-0.267628372731208,-0.0263020643285093,147.738355254198
13.4333333333333,-0.27034207531795,-0.0275684914137403,147.738350082504
13.4666666666667,-0.272693825709401,-0.0283471213762435,147.73834561304
13.5,-0.274668947288414,-0.0286234998962083,147.738341900891
13.5333333333333,-0.276255194961293,-0.0283919862308205,147.738338987963
13.5666666666667,-0.277442815714561,-0.0276559545664135,147.738336902079
13.6,-0.27822460206269,-0.0264279073202468,147.738335656649
13.6333333333333,-0.278595933344283,-0.0247292795117062,147.738335250972
13.6666666666667,-0.278554784110524,-0.022590025272621,147.738335671156
13.7,-0.278101776802918,-0.0200480585073881,147.738336891401
13.7333333333333,-0.277240261865317,-0.0171485483148803,147.73833887561
13.7666666666667,-0.275976312822082,-0.013943062391226,147.738341579381
13.8,-0.274318675912305,-0.0104886247915374,147.738344952192
13.8333333333333,-0.272278702392506,-0.00684665370872225,147.738348939575
13.8666666666667,-0.269870264772459,-0.0030818417344235,147.738353485148
13.9,-0.267109653417953,0.000739024513950106,147.738358532396
13.9333333333333,-0.264015458928954,0.004548262454458,147.738364026108
13.9666666666667,-0.260608437960434,0.00827850973954172,147.738369913399
14,-0.256911366184362,0.0118639099387802,147.73837614431
14.0333333333333,-0.252948877866707,0.0152412764133988,147.738382671967
14.0666666666667,-0.248747294484101,0.018351184470456,147.738389452361
14.1,-0.244334443344501,0.0211390047977342,147.738396443789
14.1333333333333,-0.239739467450864,0.0235558320143693,147.738403606072
14.1666666666667,-0.234992628809855,0.0255593235817726,147.738410899621
14.2,-0.230125105422553,0.0271144092478776,147.738418284496
14.2333333333333,-0.225168785054418,0.0281938868870997,147.738425719523
14.2666666666667,-0.220156055257013,0.0287788730829697,147.738433161611
14.3,-0.215119593285561,0.0288591250539057,147.738440565316
14.3333333333333,-0.210092152000088,0.0284332634910227,147.738447882727
14.3666666666667,-0.205106366658983,0.0275089764386001,147.738455063651
14.4,-0.200194516349166,0.02610294732902,147.738462056269
14.4333333333333,-0.195388353672619,0.0242405336616028,147.738468808052
14.4666666666667,-0.190718893761193,0.0219552858326446,147.738475267037
14.5,-0.186216221073792,0.0192883142665261,147.738481383287
14.5333333333333,-0.181909309246942,0.0162875188035398,147.738487110434
14.5666666666667,-0.177825842536495,0.0130066906877257,147.738492407212
14.6,-0.173992048369468,0.0095045185040378,147.738497238842
14.6333333333333,-0.170432539084309,0.00584350206482299,147.738501578171
14.6666666666667,-0.167170163988051,0.0020888160823604,147.738505406455
14.7,-0.164225871715279,-0.00169287701529608,147.738508713731
14.7333333333333,-0.161618585303842,-0.00543461719730966,147.738511498721
14.7666666666667,-0.159365087503858,-0.00907034547065112,147.738513768271
14.8,-0.157479920888176,-0.0125360609313899,147.738515536341
14.8333333333333,-0.155975298215386,-0.0157709462767992,147.738516822607
14.8666666666667,-0.154861029220475,-0.0187184131739292,147.738517650756
14.9,-0.154144457696439,-0.0213270808087581,147.738518046587
14.9333333333333,-0.153830416235785,-0.0235516436063157,147.738518036033
14.9666666666667,-0.153921188756306,-0.0253536434280003,147.738517643235
15,-0.15441645178403,-0.0267021078458741,147.738516888849
15.0333333333333,-0.155313182917157,-0.0275740701594602,147.738515788693
15.0666666666667,-0.15660565856771,-0.0279549512334211,147.738514352719
15.1,-0.158285492025687,-0.0278387952991232,147.738512584446
15.1333333333333,-0.160341689348058,-0.0272284431035225,147.738510480898
15.1666666666667,-0.162760715312555,-0.0261356486605815,147.73850803307
15.2,-0.165526606003143,-0.0245808978677019,147.738505226912
15.2333333333333,-0.168621052929847,-0.022593008623475,147.738502044851
15.2666666666667,-0.172023544109971,-0.020208583153153,147.738498467642
15.3,-0.175711503859479,-0.0174713125687163,147.738494476493
15.3333333333333,-0.179660447135261,-0.0144311561894418,147.738490055319
15.3666666666667,-0.183844150307258,-0.0111434024964358,147.738485192969
15.4,-0.188234832083034,-0.00766764670901925,147.738479885286
15.4333333333333,-0.192803345205209,-0.00406668670946887,147.738474136875
15.4666666666667,-0.197519376488647,-0.000405381541024038,147.738467962449
15.5,-0.202351655151183,0.00325053045233243,147.738461387689
15.5333333333333,-0.207268164852596,0.0068356046462112,147.738454449552
15.5666666666667,-0.212236362406968,0.0102858619421027,147.738447196008
15.6,-0.217223395497372,0.0135399090448927,147.738439685233
15.6333333333333,-0.222196325206171,0.0165400188491254,147.738431984304
15.6666666666667,-0.22712234322107,0.0192331230306589,147.738424167473
15.7,-0.231968991860544,0.0215717312147807,147.73841631413
15.7333333333333,-0.236704374915537,0.0235147341141379,147.738408506577
15.7666666666667,-0.241297369264085,0.0250281061517895,147.738400827725
15.8,-0.245717824003703,0.0260854724453594,147.738393358866
15.8333333333333,-0.249936758312899,0.0266685551787601,147.738386177611
15.8666666666667,-0.253926544145595,0.0267674748000507,147.738379356119
15.9,-0.257661082010972,0.0263809631559559,147.738372959674
15.9333333333333,-0.261115980698964,0.0255165426447088,147.738367045635
15.9666666666667,-0.264268682006745,0.0241904572683804,147.738361662926
16,-0.26709862743932,0.0224273535588825,147.738356851892
16.0333333333333,-0.269587380894772,0.0202598093881078,147.738352644614
16.0666666666667,-0.271718736662809,0.0177277164187567,147.738349065557
16.1,-0.273478827117672,0.0148775230221357,147.738346132446
16.1333333333333,-0.274856203785143,0.0117613646189821,147.738343857299
16.1666666666667,-0.275841910291891,0.008436086173103,147.738342247478
16.2,-0.276429535668059,0.00496219414584957,147.738341306678
16.2333333333333,-0.276615254775223,0.00140273832114839,147.738341035742
16.2666666666667,-0.276397859521212,-0.00217783083783442,147.738341433225
16.3,-0.27577883230931,-0.00571483555550362,147.738342495563
16.3333333333333,-0.274762406038797,-0.00914451789617709,147.738344216923
16.3666666666667,-0.273355536820965,-0.0124051843202376,147.7383465889
16.4,-0.271567848369425,-0.0154382848861986,147.73834959997
16.4333333333333,-0.269411560602651,-0.0181894402827097,147.738353234748
16.4666666666667,-0.266901398761975,-0.0206093791690793,147.738357473125
16.5,-0.264054481549592,-0.0226547931666198,147.73836228939
16.5333333333333,-0.26089019569808,-0.0242890706808761,147.738367651422
16.5666666666667,-0.257430050189641,-0.0254829264451013,147.73837352005
16.6,-0.253697520514874,-0.0262148922252438,147.738379848662
16.6333333333333,-0.249717874501599,-0.0264716848012905,147.738386583153
16.6666666666667,-0.245517993031826,-0.0262484348453534,147.738393662226
16.7,-0.241126169204963,-0.0255488692723773,147.738401018103
16.7333333333333,-0.236571915103642,-0.0243853933254998,147.738408577599
16.7666666666667,-0.231885752631818,-0.0227788850285283,147.738416263611
16.8,-0.227098991480094,-0.0207582909028928,147.738423996946
16.8333333333333,-0.222243519166925,-0.0183600829273893,147.738431698342
16.8666666666667,-0.217351582688204,-0.0156275734825217,147.738439290621
16.9,-0.212455566010455,-0.0126101012354689,147.738446700843
16.9333333333333,-0.207587777206843,-0.00936211580870528,147.738453862309
16.9666666666667,-0.2027802312359,-0.00594216533478005,147.738460716323
17,-0.198064442974867,-0.00241182582063432,147.738467213585
17.0333333333333,-0.193471221422003,0.00116542804359904,147.73847331514
17.0666666666667,-0.189030474623783,0.00472536464640995,147.738478992816
17.1,-0.184771019596064,0.00820415516213872,147.738484229134
17.1333333333333,-0.180720403808703,0.0115395019598609,147.738489016693
17.1666666666667,-0.176904734848733,0.0146717456820872,147.738493357062
17.2,-0.173348522117242,0.017544902204291,147.738497259266
17.2333333333333,-0.170074529463785,0.0201076429974093,147.73850073795
17.2666666666667,-0.167103640018004,0.0223141737207251,147.738503811333
17.3,-0.164454734222871,0.0241250266680422,147.738506499096
17.3333333333333,-0.162144580028492,0.0255077280130495,147.738508820317
17.3666666666667,-0.160187738047819,0.0264373559515077,147.738510791583
17.4,-0.158596478702544,0.0268969586685734,147.738512425402
17.4333333333333,-0.157380715431156,0.0268778503159666,147.738513728992
17.4666666666667,-0.156547949281971,0.0263798242560963,147.738514703528
17.5,-0.156103238414697,0.025411323652028,147.738515343845
17.5333333333333,-0.156049151709721,0.0239893311181835,147.738515638727
17.5666666666667,-0.156385763661803,0.0221390423105206,147.738515571654
17.6,-0.157110565231178,0.0198934026970639,147.738515122099
17.6333333333333,-0.158218447456166,0.0172924727938629,147.738514267111
17.6666666666667,-0.159701745666856,0.0143826952956097,147.738512983076
17.7,-0.161550298279249,0.0112160244829533,147.738511247616
17.7333333333333,-0.163751521784115,0.00784896733170543,147.738509041458
17.7666666666667,-0.166290505210953,0.00434154329625897,147.738506350169
17.8,-0.169150117725042,0.000756194514838532,147.738503165647
17.8333333333333,-0.172311133339147,-0.00284334965144325,147.738499487265
17.8666666666667,-0.175752367482821,-0.00639320937241755,147.738495322621
17.9,-0.179450827551328,-0.00983049790367155,147.738490687843
17.9333333333333,-0.183381873664604,-0.0130944238477125,147.738485607456
17.9666666666667,-0.18751939005522,-0.0161273620655842,147.738480113837
18,-0.19183596467375,-0.0188758466489418,147.738474246301
18.0333333333333,-0.196303075997202,-0.021291498978521,147.738468049911
18.0666666666667,-0.200891285829623,-0.0233318485494571,147.738461574081
18.1,-0.205570435942953,-0.0249610613360058,147.738454871104
18.1333333333333,-0.210309848349888,-0.0261505398729841,147.738447994681
18.1666666666667,-0.21507852624101,-0.0268794099957359,147.73844099856
18.2,-0.219845356152544,-0.0271348665989717,147.738433935379
18.2333333333333,-0.224579309374115,-0.0269124008398155,147.738426855766
18.2666666666667,-0.229249634208772,-0.0262159705526729,147.73841980774
18.3,-0.233826058636995,-0.0250580765631184,147.738412836429
18.3333333333333,-0.238278981946874,-0.0234595486497982,147.738405984146
18.3666666666667,-0.242579645312201,-0.0214491456879506,147.738399290807
18.4,-0.246700321751859,-0.0190630170305583,147.738392794536
18.4333333333333,-0.250614482182779,-0.016344022551514,147.738386532459
18.4666666666667,-0.25429695663069,-0.0133409347791684,147.738380541541
18.5,-0.257724087686716,-0.0101075299886111,147.738374859386
18.5333333333333,-0.260873872666684,-0.00670160078371463,147.738369524884
18.5666666666667,-0.263726096111843,-0.00318389284124615,147.738364578633
18.6,-0.266262450622549,0.000382992829141118,147.738360063054
18.6333333333333,-0.268466647002008,0.00393573410556025,147.738356022156
18.6666666666667,-0.270324511040249,0.00741141227897986,147.738352500932
18.7,-0.271824069648657,0.0107486334444981,147.738349544396
18.7333333333333,-0.272955621963792,0.0138885994628719,147.738347196303
18.7666666666667,-0.273711799930704,0.0167761389465824,147.738345497612
18.8,-0.274087612571317,0.0193606531962087,147.738344484787
18.8333333333333,-0.274080480720776,0.0215969902217091,147.738344188028
18.8666666666667,-0.273690279700128,0.0234462078422095,147.738344629504
18.9,-0.272919423915547,0.0248762319054394,147.738345821663
18.9333333333333,-0.271772881617703,0.0258624024102905,147.738347765896
18.9666666666667,-0.270258142376238,0.0263878770378323,147.738350451656
19,-0.268385165162415,0.0264439142459099,147.738353856006
19.0333333333333,-0.266166310166204,0.0260300718632199,147.738357943666
19.0666666666667,-0.263616266223227,0.0251543610536699,147.738362667529
19.1,-0.260751924302499,0.023833154714352,147.738367969782
19.1333333333333,-0.257592284200543,0.0220908664865166,147.738373783417
19.1666666666667,-0.254158315350141,0.0199594868441733,147.7383800342
19.2,-0.250472808439908,0.0174779791970722,147.738386642919
19.2333333333333,-0.246560222786552,0.0146915438075058,147.7383935278
19.2666666666667,-0.242446515216684,0.0116507753041129,147.738400606974
19.3,-0.238158962600944,0.00841071830094346,147.738407800844
19.3333333333333,-0.233725975169963,0.00502985687719404,147.738415034239
19.3666666666667,-0.229176902401417,0.00156903844302564,147.738422238244
19.4,-0.224541834632678,-0.001909624641204,147.7384293516
19.4333333333333,-0.219851398884083,-0.00534387977380544,147.738436321647
19.4666666666667,-0.215136554589858,-0.00867243801904107,147.738443104737
19.5,-0.210428385253949,-0.0118360655759458,147.738449666166
19.5333333333333,-0.20575789412783,-0.0147786155771118,147.738455979618
19.5666666666667,-0.201155797511567,-0.017448012021535,147.738462026217
19.6,-0.196652325839041,-0.0197971416811448,147.738467793246
19.6333333333333,-0.192277024125871,-0.0217846679383501,147.738473272652
19.6666666666667,-0.188058563465419,-0.0233757280303624,147.738478459446
19.7,-0.184024553640301,-0.0245425282995704,147.738483350101
19.7333333333333,-0.180201369485139,-0.0252648064993627,147.738487941078
19.7666666666667,-0.176613980097317,-0.0255301749116595,147.738492227558
19.8,-0.173285794962867,-0.0253343301178939,147.738496202462
19.8333333333333,-0.170238508977717,-0.0246812147659199,147.738499855819
19.8666666666667,-0.167491975292748,-0.0235830789314737,147.738503174483
19.9,-0.165064079913372,-0.0220602704261303,147.738506142285
19.9333333333333,-0.162970622862679,-0.0201408386046981,147.738508740554
19.9666666666667,-0.161225226832012,-0.0178600050593243,147.738510948928
20,-0.159839252442191,-0.0152595002880914,147.73851274641
20.0333333333333,-0.158821724915623,-0.0123867774635788,147.738514112561
20.0666666666667,-0.158179281402915,-0.00929413096576778,147.738515028729
20.1,-0.157916127546606,-0.00603772274581075,147.738515479216
20.1333333333333,-0.158034009215427,-0.00267655495932285,147.738515452295
20.1666666666667,-0.158532156343608,0.00072861476412855,147.738514941042
20.2,-0.159407214375288,0.00411636566204769,147.738513943912
20.2333333333333,-0.160653254562097,0.00742572158810667,147.738512464931
20.2666666666667,-0.162261821696249,0.0105972363125791,147.738510513541
20.3,-0.164221995291852,0.0135740464084513,147.738508104155
20.3333333333333,-0.166520469429222,0.0163028621139007,147.738505255434
20.3666666666667,-0.169141652084342,0.0187349023929212,147.738501989376
20.4,-0.172067777977058,0.0208267303127687,147.738498330283
20.4333333333333,-0.175279040372293,0.0225410059718523,147.738494303689
20.4666666666667,-0.178753733042352,0.0238471181594732,147.738489935351
20.5,-0.182468409711613,0.0247217106531952,147.738485250379
20.5333333333333,-0.186398050040707,0.0251490734771739,147.738480272578
20.5666666666667,-0.190516240806253,0.0251214165456437,147.738475024066
20.6,-0.194795360183504,0.0246390626175439,147.738469525186
20.6333333333333,-0.199206780379887,0.0237105902055572,147.738463794729
20.6666666666667,-0.20372104786251,0.0223527112359759,147.738457850524
20.7,-0.208308110760361,0.0205899499415042,147.73845171026
20.7333333333333,-0.212937510083915,0.0184541812885618,147.738445392592
20.7666666666667,-0.217578590052027,0.0159840305254044,147.738438918339
20.8,-0.222200703504811,0.0132241514913898,147.738432311735
20.8333333333333,-0.226773416674744,0.0102243910417904,147.738425601599
20.8666666666667,-0.231266707250437,0.00703886940032549,147.738418822338
20.9,-0.235651161943395,0.003724979026586,147.738412014663
20.9333333333333,-0.239898163604273,0.000342341220623869,147.738405225973
20.9666666666667,-0.243980075149038,-0.00304828144269703,147.738398510309
21,-0.247870412084156,-0.00638607197498713,147.738391927883
21.0333333333333,-0.251544008520709,-0.00961125165676654,147.738385544163
21.0666666666667,-0.254977171375552,-0.0126661315865795,147.73837942854
21.1,-0.258147825191454,-0.0154961336927005,147.738373652651
21.1333333333333,-0.261035644970921,-0.0180507355444692,147.738368288414
21.1666666666667,-0.263622177226358,-0.0202843525238912,147.738363405896
21.2,-0.265890949084077,-0.022157115832907,147.738359071114
21.2333333333333,-0.267827563665595,-0.0236355614350874,147.738355343886
21.2666666666667,-0.26941978371246,-0.0246931947781413,147.738352275861
21.3,-0.270657600010164,-0.0253109464201568,147.738349908815
21.3333333333333,-0.271533288340091,-0.0254774914368085,147.738348273327
21.3666666666667,-0.272041452926317,-0.0251894595948952,147.73834738787
21.4,-0.27217904363907,-0.0244516012861005,147.738347258413
21.4333333333333,-0.271945398632679,-0.0232768185803637,147.738347878436
21.4666666666667,-0.271342297190047,-0.021685941965751,147.738349229432
21.5,-0.270373988506825,-0.0197073216659322,147.738351281879
21.5333333333333,-0.269047171169268,-0.0173763089959949,147.738353996664
21.5666666666667,-0.267370934059416,-0.0147345940445399,147.738357326848
21.6,-0.265356690976304,-0.0118294286891649,147.738361219594
21.6333333333333,-0.263018095118812,-0.00871275116289234,147.738365618175
21.6666666666667,-0.260370940256643,-0.00544023421007924,147.73837046393
21.7,-0.257433045364751,-0.00207026277195459,147.73837569806
21.7333333333333,-0.254224128055435,0.00133711945075442,147.73838126318
21.7666666666667,-0.250765663589554,0.00472129712060428,147.738387104541
21.8,-0.247080734521212,0.00802215947050936,147.738393170887
21.8333333333333,-0.243193869085121,0.0111811722323945,147.738399414923
21.8666666666667,-0.239130872002321,0.0141423998533149,147.738405793411
21.9,-0.234918647411081,0.0168534883181576,147.738412266915
21.9333333333333,-0.230585016218815,0.0192665651526446,147.738418799274
21.9666666666667,-0.226158528932374,0.0213390696059566,147.738425356858
22,-0.221668275050271,0.023034474199385,147.738431907709
22.0333333333333,-0.21714369113704,0.0243229118828037,147.738438420654
22.0666666666667,-0.212614367651538,0.0251816766556086,147.738444864476
22.1,-0.208109857409316,0.0255956116632371,147.738451207233
22.1333333333333,-0.203659484745489,0.0255573644613117,147.738457415784
22.1666666666667,-0.199292158920649,0.0250675797316582,147.738463455567
22.2,-0.195036196268117,0.0241350273223459,147.738469290644
22.2333333333333,-0.190919128727544,0.0227764770220096,147.738474884095
22.2666666666667,-0.186967549429382,0.021016373959766,147.738480198652
22.3,-0.183206940005685,0.0188863810351662,147.738485197601
22.3333333333333,-0.179661514400756,0.0164247859563885,147.738489845831
22.3666666666667,-0.176354074134978,0.0136757840385986,147.738494110958
22.4,-0.173305868308716,0.0106886600381062,147.738497964439
22.4333333333333,-0.17053646633116,0.00751687424890477,147.738501382579
22.4666666666667,-0.168063640307749,0.00421708641748316,147.73850434734
22.5,-0.165903258388737,0.000848118742728485,147.738506846893
22.5333333333333,-0.164069190307096,-0.00253010126812207,147.738508875849
22.5666666666667,-0.162573223790626,-0.00585762129244936,147.738510435144
22.6,-0.161424994677892,-0.00907552362629456,147.738511531577
22.6333333333333,-0.160631927805445,-0.0121269709410201,147.738512177023
22.6666666666667,-0.160199192882304,-0.0149581937900512,147.738512387363
22.7,-0.160129670632992,-0.0175194306073007,147.738512181212
22.7333333333333,-0.16042392083946,-0.0197657800517186,147.73851157853
22.7666666666667,-0.161080108472034,-0.0216579677623191,147.738510599272
22.8,-0.162093976206401,-0.0231630224739695,147.738509262065
22.8333333333333,-0.163458870434873,-0.0242548255509417,147.73850758303
22.8666666666667,-0.165165789236145,-0.0249145489648076,147.738505574841
22.9,-0.167203441347327,-0.0251309761074035,147.738503246118
22.9333333333333,-0.16955832732645,-0.0249006923707748,147.738500601195
22.9666666666667,-0.172214823439426,-0.0242282396986847,147.73849764028
23,-0.175155304228718,-0.0231261481809805,147.738494360003
23.0333333333333,-0.178360256207286,-0.0216147133362989,147.738490754384
23.0666666666667,-0.1818084087891,-0.0197216039737523,147.738486816133
23.1,-0.185476888095992,-0.017481341894054,147.738482538189
23.1333333333333,-0.189341371404459,-0.014934654452014,147.738477915407
23.1666666666667,-0.19337625323906,-0.0121277103833639,147.738472946296
23.2,-0.19755482128466,-0.0091112655835984,147.73846763466
23.2333333333333,-0.201849437352924,-0.00593972188665877,147.738461991062
23.2666666666667,-0.206231724271895,-0.00267013516444542,147.738456033987
23.3,-0.210672757401575,0.000638828025929188,147.738449790639
23.3333333333333,-0.215143257334196,0.00392794287527578,147.738443297302
23.3666666666667,-0.219613785988507,0.0071384928716424,147.738436599238
23.4,-0.224054939912184,0.0102133054681831,147.738429750124
23.4333333333333,-0.228437545468244,0.0130977657633929,147.738422811049
23.4666666666667,-0.232732847588078,0.0157407639281092,147.738415849128
23.5,-0.236912698900224,0.0180955881940618,147.738408935804
23.5333333333333,-0.240949739188065,0.0201207227455273,147.738402144939
23.5666666666667,-0.244817573716366,0.0217805639664105,147.738395550793
23.6,-0.248490939150886,0.0230460202873245,147.738389226004
23.6333333333333,-0.251945866849126,0.0238950092993895,147.73838323966
23.6666666666667,-0.255159831550333,0.024312825009295,147.738377655594
23.7,-0.258111895734607,0.0242923908067736,147.738372530934
23.7333333333333,-0.260782838020068,0.0238344331592018,147.738367915011
23.7666666666667,-0.263155280847401,0.0229476026867289,147.738363848615
23.8,-0.265213780904772,0.0216483444621866,147.738360363717
23.8333333333333,-0.266944946979129,0.01996057991403,147.738357483527
23.8666666666667,-0.268337509788549,0.0179152549249689,147.738355222957
23.9,-0.269382395019521,0.0155497552327058,147.738353589345
23.9333333333333,-0.270072779903165,0.012907207122255,147.738352583402
23.9666666666667,-0.270404136195839,0.0100356695107689,147.738352200261
24,-0.270374258818898,0.00698724696674881,147.738352430567
24.0333333333333,-0.269983308330658,0.00381712620007411,147.738353261442
24.0666666666667,-0.269233880183326,0.000582567661389401,147.738354677241
24.1,-0.268131010294144,-0.00265812965438232,147.738356660197
24.1333333333333,-0.266682135353959,-0.00584668139473106,147.738359190885
24.1666666666667,-0.264897039651512,-0.00892586140397923,147.738362248427
24.2,-0.262787784495455,-0.011840508694713,147.738365810451
24.2333333333333,-0.260368619583173,-0.0145385059935643,147.738369852837
24.2666666666667,-0.257655880756073,-0.0169716818851874,147.738374349284
24.3,-0.254667870216546,-0.0190966530429883,147.738379270769
24.3333333333333,-0.251424726345836,-0.0208755652414699,147.738384584974
24.3666666666667,-0.247948277048717,-0.0222767479414786,147.738390255744
24.4,-0.244261886184559,-0.023275248878111,147.738396242662
24.4333333333333,-0.240390285204267,-0.0238532629460499,147.738402500814
24.4666666666667,-0.236359401388065,-0.0240004297560911,147.738408980782
24.5,-0.232196176369908,-0.0237140267413251,147.73841562891
24.5333333333333,-0.227928371549073,-0.0229991175096586,147.738422387875
24.5666666666667,-0.223584384025904,-0.0218685651229891,147.738429197515
24.6,-0.219193057532129,-0.0203427895877097,147.738435995967
24.6333333333333,-0.214783472567211,-0.0184493833693186,147.738442721047
24.6666666666667,-0.21038476176829,-0.0162225953196387,147.738449311746
24.7,-0.206025910869171,-0.0137026867573517,147.738455709813
24.7333333333333,-0.201735570002678,-0.0109351838823573,147.738461861296
24.7666666666667,-0.197541864612551,-0.00797003013799551,147.738467717959
24.8,-0.193472215419847,-0.00486067013142524,147.738473238476
24.8333333333333,-0.18955316084968,-0.00166306621899,147.738478389326
24.8666666666667,-0.185810190440762,0.00156531313103774,147.73848314533
24.9,-0.182267583290918,0.00476653640646294,147.738487489781
24.9333333333333,-0.178948258213863,0.00788323996546949,147.738491414172
24.9666666666667,-0.175873631769228,0.0108596542636705,147.738494917518
25,-0.173063488182321,0.0136425807299899,147.738498005324
25.0333333333333,-0.170535859644582,0.0161823303173631,147.738500688252
25.0666666666667,-0.168306918447258,0.0184335810658973,147.738502980585
25.1,-0.166390881574169,0.0203561681257973,147.738504898557
25.1333333333333,-0.164799926908137,0.0219157681450878,147.738506458686
25.1666666666667,-0.163544123540017,0.0230844925132136,147.738507676184
25.2,-0.162631373362985,0.0238413579330439,147.738508563563
25.2333333333333,-0.162067367983089,0.02417264845804,147.738509129513
25.2666666666667,-0.161855555863679,0.0240721511338916,147.738509378126
25.3,-0.16199712449035,0.0235413385076439,147.738509308498
25.3333333333333,-0.162490949195953,0.0225894693517097,147.738508914796
25.3666666666667,-0.163333541072465,0.0212334371617518,147.738508186781
25.4,-0.164519076677489,0.0194974470633155,147.738507110648
25.4333333333333,-0.16603943857515,0.0174125695709622,147.738505670212
25.4666666666667,-0.167884275459357,0.0150161561683508,147.738503848337
25.5,-0.170041081537071,0.0123511435848169,147.738501628519
25.5333333333333,-0.172495285115075,0.0094652612978974,147.738498996522
25.5666666666667,-0.175230356163382,0.00641014802444684,147.738495941959
25.6,-0.17822792332708,0.00324041079323814,147.738492459708
25.6333333333333,-0.181467905858567,1.26266933490644e-05,147.738488551085
25.6666666666667,-0.184928654202895,-0.00321567311865317,147.738484224701
25.7,-0.188587102326275,-0.00638704051224877,147.73847949695
25.7333333333333,-0.192418927006291,-0.0094451258419899,147.738474392103
25.7666666666667,-0.196398715657761,-0.0123356791604762,147.738468942031
25.8,-0.200500139268438,-0.0150074941479164,147.738463185554
25.8333333333333,-0.204696130572304,-0.0174133055033743,147.738457167492
25.8666666666667,-0.208959065392557,-0.0195105993639523,147.738450937478
25.9,-0.21326094601503,-0.0212623496467564,147.738444548606
25.9333333333333,-0.217573585740895,-0.022637644877358,147.738438056018
25.9666666666667,-0.221868792479521,-0.0236122191704304,147.738431515507
26,-0.226118551540335,-0.0241688587586198,147.73842498222
26.0333333333333,-0.230295204774938,-0.0242976972389776,147.738418509542
26.0666666666667,-0.234371629693307,-0.0239963948102908,147.738412148203
26.1,-0.238321400844575,-0.0232702874481823,147.738405945657
26.1333333333333,-0.242118964112353,-0.0221323853558686,147.738399945731
26.1666666666667,-0.245739797454841,-0.0206031273232836,147.73839418859
26.2,-0.249160553173912,-0.0187099969739522,147.738388710974
26.2333333333333,-0.252359206166792,-0.0164870097580931,147.738383546625
26.2666666666667,-0.255315186852822,-0.0139740783029516,147.738378726858
26.3,-0.25800950500477,-0.0112162688930024,147.738374281196
26.3333333333333,-0.260424865001235,-0.00826297190719099,147.738370237975
26.3666666666667,-0.262545769067252,-0.00516699068761212,147.738366624859
26.4,-0.264358610151995,-0.00198358290042552,147.738363469177
26.4333333333333,-0.265851753428871,0.00123054570774762,147.738360798037
26.4666666666667,-0.267015605431314,0.00441825511779634,147.738358638187
26.5,-0.267842672161318,0.00752299666286772,147.738357015595
26.5333333333333,-0.268327603490942,0.0104898079017191,147.73835595478
26.5666666666667,-0.268467226844392,0.0132662847510924,147.738355477898
26.6,-0.268260573311428,0.0158034902098478,147.738355603663
26.6333333333333,-0.267708938302215,0.0180568020924922,147.738356346063
26.6666666666667,-0.266815920150248,0.019986684893818,147.738357713077
26.7,-0.265587401480031,0.0215593632150947,147.738359705548
26.7333333333333,-0.264031505303495,0.0227473911045709,147.738362316226
26.7666666666667,-0.262158541889651,0.0235301240644276,147.73836552904
26.8,-0.259980935942389,0.0238940603117203,147.738369318694
26.8333333333333,-0.25751314145779,0.0238330751089131,147.738373650607
26.8666666666667,-0.254771542130509,0.0233485840946449,147.738378481236
26.9,-0.251774339575975,0.0224496403982056,147.738383758777
26.9333333333333,-0.248541417410236,0.0211527883947812,147.738389424291
26.9666666666667,-0.245094220599807,0.0194817451638645,147.738395413124
27,-0.241455597189716,0.017466954795392,147.738401656645
27.0333333333333,-0.237649644457188,0.0151450154096116,147.738408084137
27.0666666666667,-0.233701545701845,0.0125579972775249,147.738414624783
27.1,-0.229637398527113,0.00975265779191564,147.738421209619
27.1333333333333,-0.22548403906199,0.00677958158964623,147.738427773364
27.1666666666667,-0.221268861475583,0.0036922477473155,147.738434256013
27.2,-0.217019635388182,0.000546060524621727,147.738440604129
27.2333333333333,-0.212764320669709,-0.00260265829081776,147.738446771753
27.2666666666667,-0.208530883776484,-0.00569767414575124,147.738452720905
27.3,-0.20434711275555,-0.00868384747074465,147.738458421659
27.3333333333333,-0.20024043739156,-0.0115081015500476,147.738463851804
27.3666666666667,-0.196237749316716,-0.0141203598152212,147.738468996132
27.4,-0.192365230471401,-0.0164744111802081,147.738473845413
27.4333333333333,-0.188648182835287,-0.0185287151538149,147.738478395135
27.4666666666667,-0.185110869268508,-0.0202471094328543,147.738482644099
27.5,-0.181776356918223,-0.0215994328816891,147.738486592968
27.5333333333333,-0.178666373999306,-0.0225620327438935,147.738490242866
27.5666666666667,-0.175801170417302,-0.023118168831206,147.738493594116
27.6,-0.173199393514183,-0.0232582912809418,147.738496645194
27.6333333333333,-0.17087797181908,-0.0229802175511091,147.738499391961
27.6666666666667,-0.168852002033529,-0.0222892654220648,147.738501827215
27.7,-0.167134663053906,-0.0211982473351505,147.738503940573
27.7333333333333,-0.165737138090867,-0.0197272260882289,147.738505718711
27.7666666666667,-0.164668532722172,-0.0179031356030707,147.738507145944
27.8,-0.163935827367936,-0.0157592760931288,147.738508205037
27.8333333333333,-0.163543829536518,-0.013334687152384,147.738508878227
27.8666666666667,-0.163495144725359,-0.0106734225615629,147.738509148345
27.9,-0.163790143669266,-0.00782373130127138,147.738508999983
27.9333333333333,-0.164426898551602,-0.00483716507955333,147.738508420645
27.9666666666667,-0.165401162475285,-0.00176764295416481,147.73850740173
28,-0.16670640092014,0.00132953449610885,147.738505939272
28.0333333333333,-0.168333838479822,0.00439868625196978,147.738504034427
28.0666666666667,-0.170272521426363,0.00738473989767805,147.738501693682
28.1,-0.17250939700978,0.0102342192041067,147.738498928779
28.1333333333333,-0.175029406543282,0.0128961803600452,147.738495756371
28.1666666666667,-0.177815594627272,0.0153231113648219,147.738492197452
28.2,-0.180849229058784,0.0174717524585793,147.738488276597
28.2333333333333,-0.184109936160415,0.0193038505409046,147.7384840211
28.2666666666667,-0.187575843427328,0.0207868112159956,147.738479460063
28.3,-0.19122373623872,0.0218942621892669,147.738474623518
28.3333333333333,-0.195029218484077,0.0226064980051696,147.738469541654
28.3666666666667,-0.198966885407133,0.0229108194493391,147.738464244194
28.4,-0.203010496240403,0.0228017515347712,147.738458759994
28.4333333333333,-0.207133161007352,0.0222812105822653,147.738453116855
28.4666666666667,-0.211307517494216,0.0213585791360768,147.738447341591
28.5,-0.21550591739227,0.0200505507223392,147.738441460356
28.5333333333333,-0.219700618426363,0.0183808084912678,147.738435499176
28.5666666666667,-0.223863964519602,0.0163795825996494,147.738429484663
28.6,-0.227968568083382,0.014083085125392,147.738423444812
28.6333333333333,-0.231987492969849,0.0115328325697259,147.738417409815
28.6666666666667,-0.23589442597779,0.00877487851748717,147.738411412812
28.7,-0.239663849064164,0.00585896008358977,147.738405490489
28.7333333333333,-0.243271199997803,0.0028375903899841,147.738399683465
28.7666666666667,-0.246693029438897,-0.00023490311052925,147.738394036398
28.8,-0.249907146463192,-0.00330335562581013,147.738388597771
28.8333333333333,-0.252892757545555,-0.00631276171649524,147.738383419348
28.8666666666667,-0.255630593727607,-0.00920924948863853,147.738378555301
28.9,-0.258103028757916,-0.0119410405419895,147.738374061034
28.9333333333333,-0.260294185438604,-0.0144593533048927,147.738369991767
28.9666666666667,-0.262190030779423,-0.0167192610785947,147.738366400925
29,-0.263778459599941,-0.0186804650628699,147.738363338452
29.0333333333333,-0.265049365161297,-0.0203079956031756,147.738360849102
29.0666666666667,-0.265994698617732,-0.0215728068839853,147.738358970832
29.1,-0.266608514129444,-0.0224522789085617,147.738357733377
29.1333333333333,-0.26688700324554,-0.0229305987326066,147.738357157087
29.1666666666667,-0.266828515583296,-0.0229990342680202,147.738357252095
29.2,-0.266433598582022,-0.0226561016140518,147.73835801781
29.2333333333333,-0.265705036815982,-0.0219077048229153,147.738359442786
29.2666666666667,-0.264647871280944,-0.0207670920291544,147.738361505034
29.3,-0.263269335126517,-0.0192546190995185,147.738364172874
29.3333333333333,-0.261578807479473,-0.0173973609029163,147.738367406098
29.3666666666667,-0.259587746940463,-0.0152286075567421,147.738371157432
29.4,-0.257309605559147,-0.0127872471613364,147.738375374218
29.4333333333333,-0.254759731202415,-0.010117041891902,147.738380000204
29.4666666666667,-0.251955259036137,-0.00726582438866997,147.738384977349
29.5,-0.248914987784609,-0.00428461664739849,147.738390247528
29.5333333333333,-0.245659248505633,-0.00122670474396181,147.738395754079
29.5666666666667,-0.242209760858076,0.00185333085393496,147.738401443081
29.6,-0.238589483140091,0.00490059080875064,147.738407264336
29.6333333333333,-0.234822453131213,0.00786084264088369,147.738413172007
29.6666666666667,-0.23093362432267,0.0106814754583439,147.738419124909
29.7,-0.226948696181885,0.0133124318406881,147.738425086463
29.7333333333333,-0.222893941582051,0.0157070761611496,147.738431024357
29.7666666666667,-0.218796031443646,0.0178230103549551,147.738436909956
29.8,-0.214681858350661,0.0196227995766814,147.738442717545
29.8333333333333,-0.210578360390857,0.021074620420552,147.738448423471
29.8666666666667,-0.206512345769945,0.0221527994552651,147.738454005261
29.9,-0.202510320394951,0.0228382551103498,147.738459440811
29.9333333333333,-0.198598317977543,0.023118817620933,147.7384647077
29.9666666666667,-0.194801734281879,0.0229894460972708,147.738469782686
30,-0.191145172316057,0.0224523861665743,147.73847464142
