0,0,0,0.00417237235072321
0.0333333333333333,-0.0314632912060162,-6.20653086702719e-05,0.00417244445583777
0.0666666666666667,-0.0314621927777647,-0.000244100093453168,0.00417265942922382
0.1,-0.0314582420076113,-0.000534663280502826,0.00417301330947551
0.133333333333333,-0.0314489043992548,-0.000917641526738193,0.00417349969809646
0.166666666666667,-0.0314315797882202,-0.00137527944559939,0.00417411004426672
0.2,-0.0314040174728613,-0.00189062483430529,0.00417483400132719
0.233333333333333,-0.0313644999753419,-0.00244896516524087,0.00417565982153601
0.266666666666667,-0.0313118466932944,-0.00303834591361543,0.00417657475947338
0.3,-0.0312453231091973,-0.00364948496358302,0.00417756546105694
0.333333333333333,-0.0311645235652811,-0.00427539163330223,0.00417861832622599
0.366666666666667,-0.0310692648532762,-0.00491090096217024,0.00417971983778978
0.4,-0.0309595040843069,-0.00555223577253369,0.00418085685480604
0.433333333333333,-0.030835281317951,-0.00619664144293042,0.00418201686800254
0.466666666666667,-0.0306966823218688,-0.00684210111738463,0.0041831882175955
0.5,-0.0305438158427931,-0.00748712284668827,0.00418436027206934
0.533333333333333,-0.0303768006347672,-0.00813058454521102,0.00418552356732687
0.566666666666667,-0.0301957586268527,-0.00877162320401502,0.00418666990465546
0.6,-0.0300008117965652,-0.00940955660632422,0.00418779240780323
0.633333333333333,-0.029792081143278,-0.0100438284940645,0.00418888553893531
0.666666666666667,-0.0295696867716616,-0.0106739703788297,0.00418994507430781
0.7,-0.0293337484963519,-0.0112995750506005,0.00419096804119459
0.733333333333333,-0.0290843866296579,-0.0119202782633165,0.00419195261983473
0.766666666666667,-0.0288217227807947,-0.0125357460876717,0.00419289801298238
0.8,-0.0285458805759715,-0.0131456662023019,0.00419380428806754
0.833333333333333,-0.0282569862712784,-0.0137497418974694,0.00419467219704756
0.866666666666667,-0.0279551692511962,-0.0143476879564358,0.00419550298031976
0.9,-0.0276405624254549,-0.0149392278253016,0.00419629816071121
0.933333333333333,-0.0273133025395367,-0.0155240916704146,0.00419705933389927
0.966666666666667,-0.0269735304140844,-0.0161020150491198,0.00419778796116056
1,-0.0266213911281391,-0.0166727380038472,0.00419848516815442
1.03333333333333,-0.0262570341656663,-0.0172360044389227,0.00419915156849311
1.06666666666667,-0.0258806135217687,-0.0177915617142033,0.00419978710129195
1.1,-0.0254922877946288,-0.0183391603655002,0.00420039090940057
1.13333333333333,-0.0250922202572437,-0.0188785539305498,0.00420096124522894
1.16666666666667,-0.0246805789196601,-0.0194094988427021,0.00420149541893181
1.2,-0.0242575365830773,-0.0199317543762453,0.00420198979063593
1.23333333333333,-0.0238232708882491,-0.0204450826300041,0.00420243979891228
1.26666666666667,-0.0233779643601707,-0.0209492485396936,0.00420284003048355
1.3,-0.0229218044498283,-0.0214440199131495,0.00420318432888621
1.33333333333333,-0.0224549835731164,-0.0219291674846767,0.00420346593514775
1.36666666666667,-0.0219776991471219,-0.022404464985438,0.00420367766346295
1.4,-0.0214901536233622,-0.0228696892281791,0.00420381208998857
1.43333333333333,-0.0209925545175705,-0.0233246202047243,0.00420386177291326
1.46666666666667,-0.0204851144353358,-0.0237690411953823,0.00420381947709244
1.5,-0.0199680510930571,-0.0242027388892901,0.00420367840601268
1.53333333333333,-0.0194415873333455,-0.0246255035150982,0.00420343243119355
1.56666666666667,-0.0189059511342554,-0.0250371289812443,0.00420307632075281
1.6,-0.0183613756115403,-0.0254374130252,0.00420260597366126
1.63333333333333,-0.0178080990133378,-0.0258261573710319,0.00420201862649216
1.66666666666667,-0.0172463647064975,-0.0262031678947067,0.00420131301631825
1.7,0.000183788376499755,-6.13796146361716e-06,0.00416879557188603
1.73333333333333,0.000188780898161207,-8.89518837746563e-06,0.00416866006497023
1.76666666666667,0.000193240429299255,-1.11662468221718e-05,0.00416852211485871
1.8,0.000197271472075177,-1.30718655626585e-05,0.0041683818151495
1.83333333333333,0.000200949810038457,-1.46939992806542e-05,0.00416823923244298
1.86666666666667,0.000204332276440013,-1.60906834924061e-05,0.00416809440939219
1.9,0.000207462666687354,-1.73044221237907e-05,0.00416794736696367
1.93333333333333,0.000210375495530655,-1.83672108801247e-05,0.00416779810625883
1.96666666666667,0.000213098482364356,-1.93036922870372e-05,0.00416764661069494
2,0.000215654250582487,-2.01332163107467e-05,0.00416749284764461
2.03333333333333,0.000218061523175965,-2.08712313001822e-05,0.00416733677046957
2.06666666666667,0.000220335984622162,-2.15302495687103e-05,0.00416717832069262
2.1,0.000222490915363291,-2.2120534068625e-05,0.00416701742980324
2.13333333333333,0.000224537667491909,-2.26505971000532e-05,0.00416685402140175
2.16666666666667,0.000226486027423062,-2.31275693328761e-05,0.00416668801354601
2.2,0.000228344496399177,-2.35574773662657e-05,0.00416651932075755
2.23333333333333,0.000230120509942098,-2.39454555098254e-05,0.00416634785595899
2.26666666666667,0.00023182061188295,-2.42959095959966e-05,0.00416617353292874
2.3,0.000233450593751815,-2.46126451825395e-05,0.00416599626777889
2.33333333333333,0.000235015607247458,-2.48989689297084e-05,0.00416581598120059
2.36666666666667,0.000236520256234986,-2.51577696476299e-05,0.00416563259979096
2.4,0.000237968672066621,-2.53915835802114e-05,0.00416544605791924
2.43333333333333,0.000239364576227246,-2.56026475252903e-05,0.00416525629871003
2.46666666666667,0.000240711332245399,-2.57929423055872e-05,0.00416506327534917
2.5,0.000242011989586323,-2.59642286950944e-05,0.00416486695209721
2.53333333333333,0.000243269320550498,-2.61180772453562e-05,0.00416466730469085
2.56666666666667,0.000244485851682567,-2.62558932400921e-05,0.00416446432111061
2.6,0.000245663890627548,-2.63789376975219e-05,0.00416425800145147
2.63333333333333,0.000246805549226024,-2.64883451353143e-05,0.0041640483584642
2.66666666666667,0.000247912763320524,-2.65851386405717e-05,0.00416383541731209
2.7,0.000248987310088354,-2.66702428294648e-05,0.00416361921527213
2.73333333333333,0.000250030823499392,-2.67444950499613e-05,0.00416339980104105
2.76666666666667,0.000251044807786539,-2.68086550812446e-05,0.00416317723361271
2.8,0.000252030649601798,-2.68634135975571e-05,0.00416295158106836
2.83333333333333,0.000252989628800533,-2.69093995737811e-05,0.00416272291932961
2.86666666666667,0.000253922928221956,-2.69471868098952e-05,0.00416249133035713
2.9,0.000254831642574292,-2.69772996994055e-05,0.00416225690089294
2.93333333333333,0.000255716786516358,-2.70002183500902e-05,0.00416201972027585
2.96666666666667,0.000256579301953246,-2.70163831377797e-05,0.00416177987906461
3,0.000257420065048682,-2.70261987996285e-05,0.00416153746717526
3.03333333333333,0.000258239892293092,-2.70300380718748e-05,0.0041612925721654
3.06666666666667,0.000259039546432432,-2.70282449814298e-05,0.00416104527751782
3.1,0.000259819741783846,-2.70211377918759e-05,0.0041607956612173
3.13333333333333,0.000260581149120208,-2.70090116534533e-05,0.00416054379430618
3.16666666666667,0.000261324400350555,-2.69921409998039e-05,0.00416028973956735
3.2,0.000262050092713546,-2.69707816947075e-05,0.00416003355040271
3.23333333333333,0.000262758792671664,-2.69451729622611e-05,0.00415977527006512
3.26666666666667,0.000263451039458213,-2.69155391184378e-05,0.0041595149308086
3.3,0.00026412734835353,-2.68820911197791e-05,0.00415925255334332
3.33333333333333,0.000264788213605615,-2.6845027940441e-05,0.00415898814665011
3.36666666666667,0.000265434111119606,-2.68045378005246e-05,0.00415872170788165
3.4,0.000266065500951926,-2.67607992754764e-05,0.00415845322214778
3.43333333333333,0.000266682829580031,-2.67139822787313e-05,0.00415818266267067
3.46666666666667,0.000267286531654326,-2.66642488612323e-05,0.00415790999165005
3.5,0.000267877031430813,-2.6611753880333e-05,0.00415763516072317
3.53333333333333,0.000268454743900493,-2.65566455616624e-05,0.0041573581122469
3.56666666666667,0.000269020075630015,-2.64990659446954e-05,0.00415707878049732
3.6,0.000269573425310243,-2.64391512359613e-05,0.004156797092999
3.63333333333333,0.00027011518405616,-2.6377032072123e-05,0.00415651297211955
3.66666666666667,0.000270645735458541,-2.63128337107698e-05,0.00415622633649014
3.7,0.000271165455424755,-2.62466761505473e-05,0.00415593710293207
3.73333333333333,0.000271674711828416,-2.61786742034224e-05,0.00415564518782617
3.76666666666667,0.00027217386399636,-2.61089375155569e-05,0.00415535050890129
3.8,0.000272663262066379,-2.60375705614144e-05,0.00415505298678876
3.83333333333333,0.000273143246236687,-2.59646726071683e-05,0.00415475254650357
3.86666666666667,0.000273614145948995,-2.58903376652368e-05,0.00415444911901774
3.9,0.000274076279019867,-2.58146544373128e-05,0.00415414264224051
3.93333333333333,0.000274529950765571,-2.57377062638961e-05,0.00415383306234138
3.96666666666667,0.000274975453130689,-2.56595710776177e-05,0.00415352033479199
4,0.000275413063863901,-2.55803213767965e-05,0.00415320442482254
4.03333333333333,0.000275843045748977,-2.55000242148891e-05,0.00415288530840448
4.06666666666667,0.000276265645929015,-2.54187412195662e-05,0.0041525629723918
4.1,0.000276681095331097,-2.53365286381449e-05,0.00415223741484615
4.13333333333333,0.000277089608221253,-2.52534374182516e-05,0.00415190864493852
4.16666666666667,0.000277491381894615,-2.51695133207822e-05,0.00415157668294351
4.2,0.000277886596440206,-2.50847970485593e-05,0.00415124155997003
4.23333333333333,0.000278275414525117,-2.49993243758835e-05,0.00415090331747832
4.26666666666667,0.000278657981537473,-2.4913126361164e-05,0.00415056200660865
4.3,0.000279034426050337,-2.48262296459897e-05,0.0041502176875498
4.33333333333333,0.000279404860480933,-2.47386567862113e-05,0.00414987042798488
4.36666666666667,0.000279769381966031,-2.4650426626967e-05,0.00414952030221994
4.4,0.000280128073421992,-2.45615547121387e-05,0.00414916738968472
4.43333333333333,0.000280481004794715,-2.44720537248937e-05,0.00414881177339275
4.46666666666667,0.000280828234449252,-2.43819339465014e-05,0.00414845353870472
4.5,0.000281169810708754,-2.42912037354109e-05,0.00414809277157614
4.53333333333333,0.000281505773478278,-2.41998700083033e-05,0.00414772955724817
4.56666666666667,0.000281836155966226,-2.41079387269649e-05,0.00414736397855034
4.6,0.000282160986430846,-2.40154153720883e-05,0.00414699611475366
4.63333333333333,0.000282480289966415,-2.39223054089995e-05,0.00414662604004861
4.66666666666667,0.000282794090259395,-2.38286147400581e-05,0.0041462538222789
4.7,0.00028310241131649,-2.37343501373188e-05,0.00414587952191972
4.73333333333333,0.000283405279115227,-2.36395196217284e-05,0.00414550319099096
4.76666666666667,0.000283702723199732,-2.35441328070452e-05,0.00414512487230813
4.8,0.000283994778119571,-2.34482011919453e-05,0.00414474459877449
4.83333333333333,0.000284281484765855,-2.33517384118756e-05,0.00414436239295599
4.86666666666667,0.000284562891531804,-2.32547604377715e-05,0.00414397826678547
4.9,0.00028483905532028,-2.31572857258275e-05,0.00414359222132192
4.93333333333333,0.000285110042459144,-2.30593353384331e-05,0.00414320424694025
4.96666666666667,0.000285375929590256,-2.2960933050057e-05,0.00414281432313163
5,0.000285636804126687,-2.28621053481129e-05,0.00414242241914531
5.03333333333333,0.000285892764358277,-2.27628813384502e-05,0.00414202849428239
5.06666666666667,0.000286143919306574,-2.26632925982941e-05,0.00414163249903027
5.1,0.000286390388318063,-2.25633729667491e-05,0.00414123437575183
5.13333333333333,0.000286632300409049,-2.246315828128e-05,0.00414083405989961
5.16666666666667,0.000286869793370091,-2.23626860637579e-05,0.00414043148119751
5.2,0.000287103012665201,-2.22619951676111e-05,0.00414002656478719
5.23333333333333,0.000287332110128344,-2.21611253861434e-05,0.00413961923270161
5.26666666666667,0.000287557242512882,-2.20601170385578e-05,0.00413920940521061
5.3,0.000287778569891436,-2.19590105332546e-05,0.00413879700195501
5.33333333333333,0.000287996253976126,-2.18578459257776e-05,0.0041383819435613
5.36666666666667,0.000288210456351382,-2.17566624704153e-05,0.00413796415261127
5.4,0.000288421336697055,-2.16554981833039e-05,0.00413754355518908
5.43333333333333,0.000288629050989327,-2.15543894149897e-05,0.00413712008154769
5.46666666666667,0.000288833749758801,-2.14533704490646e-05,0.0041366936676846
5.5,0.000289035576389525,-2.13524731253532e-05,0.00413626425557972
5.53333333333333,0.00028923466553504,-2.12517264999327e-05,0.00413583179451767
5.56666666666667,0.000289431141633038,-2.11511565424972e-05,0.00413539624130803
5.6,0.000289625117586593,-2.10507858797613e-05,0.00413495756107226
5.63333333333333,0.000289816693594404,-2.09506335847833e-05,0.00413451572729297
5.66666666666667,0.000290005956185828,-2.08507150189627e-05,0.00413407072218781
5.7,0.000290192977442694,-2.07510417241116e-05,0.00413362253681746
5.73333333333333,0.000290377814349124,-2.06516213493739e-05,0.00413317117081447
5.76666666666667,0.000290560508145475,-2.05524575865868e-05,0.00413271663245665
5.8,0.000290741084157325,-2.04535502081047e-05,0.00413225893839144
5.83333333333333,0.000290919552060704,-2.03548952122287e-05,0.00413179811317031
5.86666666666667,0.000291095906422068,-2.02564850210995e-05,0.00413133418832301
5.9,0.000291270127516896,-2.01583087393752e-05,0.00413086720184787
5.93333333333333,0.000291442182410055,-2.00603524640479e-05,0.00413039719715331
5.96666666666667,0.000291612026266163,-1.99625996297287e-05,0.00412992422245913
6,0.00029177960390037,-1.98650314037382e-05,0.00412944832971023
6.03333333333333,0.000291944851471053,-1.97676271134674e-05,0.00412896957346859
6.06666666666667,0.000292107698328208,-1.96703646998656e-05,0.00412848801009769
6.1,0.000292268068994064,-1.95732211900128e-05,0.00412800369670862
6.13333333333333,0.000292425885181916,-1.94761731688625e-05,0.00412751669008081
6.16666666666667,0.000292581067881818,-1.93791972557691e-05,0.00412702704597539
6.2,0.000292733539417277,-1.92822705656949e-05,0.00412653481796993
6.23333333333333,0.000292883225490882,-1.91853711578851e-05,0.00412604005695341
6.26666666666667,0.000293030057133257,-1.90884784551027e-05,0.00412554281027783
6.3,0.000293173972574478,-1.89915736381817e-05,0.00412504312121626
6.33333333333333,0.000293314918958791,-1.88946399991441e-05,0.0041245410283941
6.36666666666667,0.000293452853923731,-1.879766325853e-05,0.00412403656555405
6.4,0.000293587746974518,-1.87006318337055e-05,0.00412352976110712
6.43333333333333,0.000293719580674066,-1.86035370624645e-05,0.00412302063811479
6.46666666666667,0.000293848351595033,-1.85063733736703e-05,0.00412250921413346
6.5,0.000293974071134012,-1.84091384246105e-05,0.00412199550126966
6.53333333333333,0.000294096766331362,-1.83118332328553e-05,0.00412147950630953
6.56666666666667,0.000294216480251102,-1.82144622219461e-05,0.00412096123072765
6.6,0.000294333271830573,-1.8117033151449e-05,0.00412044067135149
6.63333333333333,0.000294447215422614,-1.80195569912763e-05,0.00411991782059218
6.66666666666667,0.000294558400032925,-1.792204773519e-05,0.00411939266716005
6.7,0.00029466692825351,-1.78245221565308e-05,0.00411886519671394
6.73333333333333,0.000294772914935114,-1.77269995165198e-05,0.00411833539244886
6.76666666666667,0.000294876485603316,-1.76295012266353e-05,0.00411780323583711
6.8,0.000294977774680702,-1.75320504781874e-05,0.00411726870744477
6.83333333333333,0.000295076923515671,-1.74346718403359e-05,0.00411673178742362
6.86666666666667,0.000295174078299446,-1.73373908424072e-05,0.00411619245640244
6.9,0.000295269387864853,-1.72402335403653e-05,0.00411565069593327
6.93333333333333,0.000295363001459953,-1.71432260842638e-05,0.00411510648917548
6.96666666666667,0.000295455066483368,-1.70463942856219e-05,0.00411455982140887
7,0.0002955457262779,-1.69497632017397e-05,0.00411401068037313
7.03333333333333,0.000295635117963821,-1.68533567340117e-05,0.00411345905662914
7.06666666666667,0.000295723370405061,-1.67571972558991e-05,0.00411290494400108
7.1,0.000295810602286049,-1.66613052680958e-05,0.0041123483393905
7.13333333333333,0.000295896920383324,-1.65656990933311e-05,0.00411178924317011
7.16666666666667,0.000295982418008991,-1.64703946074306e-05,0.00411122765908091
7.2,0.000296067173696321,-1.63754050182878e-05,0.00411066359397713
7.23333333333333,0.000296151250103015,-1.62807406873948e-05,0.00411009705779772
7.26666666666667,0.000296234693208172,-1.61864090094726e-05,0.00410952806326572
7.3,0.000296317531677593,-1.60924143221518e-05,0.00410895662550833
7.33333333333333,0.000296399776297136,-1.59987578251232e-05,0.00410838276153009
7.36666666666667,0.000296481419739145,-1.59054375574458e-05,0.0041078064901811
7.4,0.000296562436960358,-1.5812448489555e-05,0.00410722783133827
7.43333333333333,0.000296642785950436,-1.571978267521e-05,0.00410664680571521
7.46666666666667,0.000296722408786484,-1.56274294540924e-05,0.00410606343378999
7.5,0.000296801233006081,-1.5535375706698e-05,0.00410547773573382
7.53333333333333,0.00029687917323465,-1.54436061491454e-05,0.00410488973065628
7.56666666666667,0.00029695613306617,-1.53521036680154e-05,0.00410429943583337
7.6,0.000297032007120634,-1.52608496788715e-05,0.00410370686643917
7.63333333333333,0.000297106683280475,-1.5169824510936e-05,0.00410311203498954
7.66666666666667,0.000297180045011824,-1.50790077996612e-05,0.00410251495089255
7.7,0.000297251973781213,-1.49883788898124e-05,0.00410191561998304
7.73333333333333,0.000297322351464187,-1.48979172303944e-05,0.00410131404435685
7.76666666666667,0.000297391062763951,-1.48076027658023e-05,0.00410071022202814
7.8,0.000297457997535469,-1.4717416305049e-05,0.00410010414672243
7.83333333333333,0.000297523053039111,-1.46273398733519e-05,0.004099495807915
7.86666666666667,0.000297586136025123,-1.45373570308784e-05,0.00409888519084905
7.9,0.000297647164675973,-1.44474531638903e-05,0.00409827227635244
7.93333333333333,0.000297706070320028,-1.43576157330335e-05,0.00409765704136601
7.96666666666667,0.000297762798943105,-1.42678344865789e-05,0.0040970394590061
8,0.000297817312427053,-1.41781016263373e-05,0.00409641949877182
8.03333333333333,0.000297869589540517,-1.40884119311974e-05,0.00409579712708574
8.06666666666667,0.000297919626694668,-1.39987628425795e-05,0.00409517230780893
8.1,0.000297967438698625,-1.39091545525396e-05,0.00409454500232468
8.13333333333333,0.00029801305908448,-1.38195900198848e-05,0.00409391517053922
8.16666666666667,0.000298056539792155,-1.37300748846255e-05,0.00409328277112188
8.2,0.000298097950511684,-1.36406173313254e-05,0.00409264776231322
8.23333333333333,0.000298137377681225,-1.35512279003918e-05,0.00409201010258952
8.26666666666667,0.000298174923155204,-1.34619192544265e-05,0.00409136975116143
8.3,0.000298210702569236,-1.33727059013212e-05,0.00409072666890149
8.33333333333333,0.000298244843457243,-1.32836038872264e-05,0.00409008081867531
8.36666666666667,0.000298277483125566,-1.31946304578194e-05,0.00408943216626241
8.4,0.000298308766370814,-1.31058037060425e-05,0.00408878068055483
8.43333333333333,0.000298338843036764,-1.30171422014557e-05,0.00408812633428837
8.46666666666667,0.000298367865513477,-1.29286646220032e-05,0.00408746910440414
8.5,0.000298395986165041,-1.28403893827935e-05,0.00408680897242415
8.53333333333333,0.000298423354799107,-1.27523342839663e-05,0.00408614592474619
8.56666666666667,0.000298450116135821,-1.26645161725366e-05,0.00408547995289582
8.6,0.000298476407451593,-1.25769506363824e-05,0.00408481105375479
8.63333333333333,0.000298502356258291,-1.24896517080097e-05,0.00408413922950768
8.66666666666667,0.000298528078235624,-1.24026316129557e-05,0.00408346448761431
8.7,0.000298553675321863,-1.23159005489698e-05,0.00408278684070932
8.73333333333333,0.000298579234061217,-1.22294665062827e-05,0.00408210630627326
8.76666666666667,0.000298604824190431,-1.21433351274626e-05,0.0040814229065508
8.8,0.000298630497525868,-1.20575096144522e-05,0.00408073666797363
8.83333333333333,0.000298656287122399,-1.19719906755731e-05,0.00408004762089038
8.86666666666667,0.000298682206615162,-1.18867764990504e-05,0.00407935579918193
8.9,0.000298708249616998,-1.18018627306267e-05,0.00407866123952838
8.93333333333333,0.000298734389768084,-1.1717242549529e-05,0.00407796398131444
8.96666666666667,0.000298760581329668,-1.16329068175853e-05,0.00407726406575218
9,0.000298786760129497,-1.15488442775959e-05,0.00407656153539432
9.03333333333333,0.000298812844864036,-1.1465041795286e-05,0.00407585643365796
9.06666666666667,0.000298838738718773,-1.13814846391424e-05,0.00407514880428748
9.1,0.000298864331290907,-1.12981567959002e-05,0.00407443869080878
9.13333333333333,0.000298889500742934,-1.12150413086015e-05,0.00407372613605183
9.16666666666667,0.000298914116183794,-1.11321206372991e-05,0.00407301118163855
9.2,0.000298938040180974,-1.10493770264655e-05,0.00407229386776057
9.23333333333333,0.000298961131409956,-1.09667928814213e-05,0.00407157423259161
9.26666666666667,0.00029898324732997,-1.08843511353323e-05,0.00407085231235155
9.3,0.000299004246902048,-1.08020356120499e-05,0.00407012814064308
9.33333333333333,0.000299023993232983,-1.07198313652206e-05,0.00406940174850599
9.36666666666667,0.000299042356169825,-1.06377249999503e-05,0.00406867316433775
9.4,0.000299059214731113,-1.05557049603399e-05,0.00406794241367032
9.43333333333333,0.000299074459405632,-1.04737617883824e-05,0.00406720951919361
9.46666666666667,0.000299087994214763,-1.03918883399307e-05,0.00406647450086165
9.5,0.000299099738571496,-1.0310079964649e-05,0.00406573737589963
9.53333333333333,0.00029910962884769,-1.02283346367089e-05,0.00406499815887322
9.56666666666667,0.000299117619681587,-1.01466530437845e-05,0.00406425686206534
9.6,0.000299123684962004,-1.00650386260619e-05,0.00406351349533197
9.63333333333333,0.00029912781865872,-9.98349758996505e-06,0.00406276806652108
9.66666666666667,0.000299130035586827,-9.90203891387339e-06,0.00406202058171056
9.7,0.000299130371525211,-9.8206742537505e-06,0.00406127104539204
9.73333333333333,0.000299128882733222,-9.73941777497946e-06,0.00406051946064217
9.76666666666667,0.000299125645103043,-9.6582859293751e-06,0.00405976582950018
9.8,0.00029912075293012,-9.57729718301333e-06,0.00405901015304557
9.83333333333333,0.000299114317335013,-9.49647169170338e-06,0.00405825243163619
9.86666666666667,0.000299106464364365,-9.41583093040884e-06,0.00405749266485187
9.9,0.000299097332809396,-9.33539730785315e-06,0.0040567308517058
9.93333333333333,0.000299087071824551,-9.25519376783184e-06,0.00405596699055108
9.96666666666667,0.0002990758383145,-9.17524336824239e-06,0.00405520107945696
10,0.000299063794235791,-9.09556886230275e-06,0.00405443311581091
10.0333333333333,0.000299051103785201,-9.01619227649077e-06,0.00405366309662396
10.0666666666667,0.000299037930592987,-8.9371345033236e-06,0.00405289101815339
10.1,0.000299024434908306,-8.85841490644737e-06,0.00405211687602095
10.1333333333333,0.00029901077089263,-8.78005095440233e-06,0.00405134066503971
10.1666666666667,0.000298997083996966,-8.70205787919826e-06,0.00405056237885805
10.2,0.000298983508536037,-8.62444837479883e-06,0.00404978201008567
10.2333333333333,0.000298970165428358,-8.54723233076127e-06,0.00404899954970876
10.2666666666667,0.000298957160203336,-8.47041661326703e-06,0.00404821498723794
10.3,0.000298944581242317,-8.3940048891674e-06,0.00404742831034142
10.3333333333333,0.000298932498337452,-8.31799750244799e-06,0.00404663950448541
10.3666666666667,0.000298920961536946,-8.24239139763335e-06,0.0040458485530674
10.4,0.000298910000332962,-8.16718009704912e-06,0.00404505543702719
10.4333333333333,0.000298899623015539,-8.09235370716449e-06,0.00404426013480812
10.4666666666667,0.000298889816105439,-8.0178989372975e-06,0.00404346262206947
10.5,0.000298880544477586,-7.94379922507245e-06,0.00404266287187196
10.5333333333333,0.000298871752098009,-7.87003493079678e-06,0.00404186085432656
10.5666666666667,0.00029886336312863,-7.7965835898794e-06,0.00404105653705156
10.6,0.000298855283407424,-7.72342021306619e-06,0.00404024988488426
10.6333333333333,0.00029884740228332,-7.6505176279871e-06,0.00403944086040741
10.6666666666667,0.000298839594738335,-7.5778468574896e-06,0.00403862942404641
10.7,0.000298831723788361,-7.50537752893035e-06,0.00403781553432149
10.7333333333333,0.000298823643069465,-7.43307830230912e-06,0.00403699914834156
10.7666666666667,0.000298815199609316,-7.36091731672099e-06,0.00403618022211745
10.8,0.000298806236671255,-7.28886263927376e-06,0.00403535871122291
10.8333333333333,0.0002987965966815,-7.21688271782633e-06,0.0040345345710558
10.8666666666667,0.000298786124117117,-7.14494682140276e-06,0.00403370775757409
10.9,0.000298774668375457,-7.07302547078622e-06,0.00403287822780402
10.9333333333333,0.000298762086502568,-7.00109084348427e-06,0.00403204594048064
10.9666666666667,0.000298748245808995,-6.92911715711969e-06,0.00403121085656312
11,0.000298733026258721,-6.85708101639061e-06,0.0040303729399758
11.0333333333333,0.00029871632266384,-6.78496172966153e-06,0.00402953215805573
11.0666666666667,0.00029869804658579,-6.71274158032683e-06,0.00402868848227123
11.1,0.00029867812797816,-6.64040606311442e-06,0.00402784188865957
11.1333333333333,0.000298656516473729,-6.5679440886541e-06,0.00402699235848017
11.1666666666667,0.000298633182386805,-6.49534815950872e-06,0.00402613987870726
11.2,0.000298608117419085,-6.42261447286779e-06,0.00402528444250322
11.2333333333333,0.000298581335344723,-6.34974301803092e-06,0.00402442604978421
11.2666666666667,0.0002985528721653,-6.27673758054099e-06,0.00402356470718749
11.3,0.000298522785542907,-6.20360567857416e-06,0.00402270042851233
11.3333333333333,0.000298491153808616,-6.13035842521777e-06,0.00402183323468864
11.3666666666667,0.000298458074590196,-6.05701034112613e-06,0.00402096315367984
11.4,0.000298423663070981,-5.98357912131715e-06,0.00402009022053629
11.4333333333333,0.000298388049908214,-5.91008535455683e-06,0.00401921447689657
11.4666666666667,0.00029835137888676,-5.83655220683572e-06,0.00401833597075338
11.5,0.000298313804313358,-5.76300507047422e-06,0.00401745475599802
11.5333333333333,0.000298275488257289,-5.68947119181794e-06,0.00401657089179815
11.5666666666667,0.000298236597632749,-5.61597927596124e-06,0.00401568444204197
11.6,0.000298197301245005,-5.54255908576582e-06,0.00401479547440586
11.6333333333333,0.000298157766784929,-5.46924103033678e-06,0.00401390405982806
11.6666666666667,0.000298118157900489,-5.39605576215956e-06,0.00401301027148373
11.7,0.000298078631319887,-5.32303377583924e-06,0.00401211418393845
11.7333333333333,0.000298039334151925,-5.25020502769828e-06,0.00401121587217371
11.7666666666667,0.000298000401331036,-5.17759856736087e-06,0.00401031541076909
11.8,0.000297961953321489,-5.10524220088033e-06,0.00400941287288658
11.8333333333333,0.000297924094044618,-5.03316217455018e-06,0.00400850832942971
11.8666666666667,0.000297886909126543,-4.96138289740012e-06,0.00400760184800886
11.9,0.000297850464430537,-4.88992669132022e-06,0.00400669349234135
11.9333333333333,0.000297814804949853,-4.81881358523483e-06,0.00400578332122468
11.9666666666667,0.000297779954024017,-4.74806114093033e-06,0.00400487138802632
12,0.000297745912783465,-4.67768430879816e-06,0.00400395773997021
12.0333333333333,0.000297712659666057,-4.60769528103835e-06,0.004003042417356
12.0666666666667,0.000297680150654965,-4.53810344904268e-06,0.00400212545329845
12.1,0.000297648320135083,-4.46891539876553e-06,0.00400120687339075
12.1333333333333,0.00029761708213989,-4.40013497337954e-06,0.0040002866953472
12.1666666666667,0.000297586331989482,-4.33176337018371e-06,0.00399936492921208
12.2,0.000297555948271116,-4.2637992752914e-06,0.00399844157723805
12.2333333333333,0.000297525795144636,-4.19623903501507e-06,0.00399751663416345
12.2666666666667,0.000297495724886055,-4.12907685412501e-06,0.0039965900875946
12.3,0.000297465580666976,-4.06230501919998e-06,0.00399566191821574
12.3333333333333,0.000297435199456352,-3.99591413705233e-06,0.00399473210063135
12.3666666666667,0.000297404415053724,-3.92989338795058e-06,0.00399380060369989
12.4,0.000297373061126328,-3.8642307703369e-06,0.00399286739123422
12.4333333333333,0.000297340974275511,-3.79891331365763e-06,0.00399193242283106
12.4666666666667,0.000297307996993431,-3.73392729384125e-06,0.00399099565429518
12.5,0.000297273980530057,-3.66925848281806e-06,0.00399005703868103
12.5333333333333,0.000297238787563499,-3.60489238091907e-06,0.00398911652708469
12.5666666666667,0.000297202294689179,-3.54081443775706e-06,0.00398817406936732
12.6,0.000297164394629014,-3.4770102510737e-06,0.00398722961519811
12.6333333333333,0.000297124998190361,-3.41346575046604e-06,0.00398628311479019
12.6666666666667,0.0002970840358808,-3.35016735163067e-06,0.0039853345196296
12.7,0.000297041459217548,-3.28710209130927e-06,0.00398438378335834
12.7333333333333,0.00029699724166113,-3.22425773029587e-06,0.00398343086232638
12.7666666666667,0.000296951379344584,-3.16162284743547e-06,0.00398247571638138
12.8,0.000296903891709631,-3.09918694273614e-06,0.00398151830949136
12.8333333333333,0.000296854821454308,-3.03694045468291e-06,0.00398055861017224
12.8666666666667,0.000296804233816824,-2.97487475203056e-06,0.00397959659204773
12.9,0.000296752215456254,-2.91298207698594e-06,0.00397863223378205
12.9333333333333,0.000296698872926483,-2.85125545814328e-06,0.00397766551929198
12.9666666666667,0.000296644330764562,-2.7896886044192e-06,0.00397669643782171
13,0.000296588729261734,-2.72827577073968e-06,0.00397572498360631
13.0333333333333,0.000296532221929104,-2.66701160886179e-06,0.00397475115573719
13.0666666666667,0.000296474972754913,-2.60589100496535e-06,0.00397377495767513
13.1,0.000296417153255511,-2.54490890938808e-06,0.00397279639700571
13.1333333333333,0.000296358939439805,-2.48406016583382e-06,0.0039718154844654
13.1666666666667,0.000296300508676755,-2.42333934099206e-06,0.00397083223383794
13.2,0.000296242036597756,-2.36274056541671e-06,0.00396984666077201
13.2333333333333,0.000296183694011302,-2.30225738304357e-06,0.00396885878244125
13.2666666666667,0.000296125643963645,-2.24188262093566e-06,0.00396786861663503
13.3,0.000296068038912593,-2.18160827565096e-06,0.00396687618104296
13.3333333333333,0.000296011018141001,-2.12142542651186e-06,0.00396588149243427
13.3666666666667,0.000295954705370581,-2.06132417058961e-06,0.0039648845660739
13.4,0.000295899206687833,-2.00129358954102e-06,0.00396388541494503
13.4333333333333,0.000295844608740754,-1.94132174102303e-06,0.00396288404926394
13.4666666666667,0.000295790977297791,-1.88139568547395e-06,0.00396188047578778
13.5,0.000295738356130039,-1.82150153793479e-06,0.00396087469742881
13.5333333333333,0.000295686766264634,-1.76162455340377e-06,0.00395986671288064
13.5666666666667,0.000295636205361152,-1.70174921312877e-06,0.00395885651622446
13.6,0.00029558664731353,-1.6418593302069e-06,0.00395784409663156
13.6333333333333,0.000295538042648728,-1.58193822485352e-06,0.00395682943837557
13.6666666666667,0.000295490319493314,-1.52196893086734e-06,0.00395581252082885
13.7,0.000295443384920477,-1.4619344685265e-06,0.00395479331897685
13.7333333333333,0.000295397126678926,-1.40181817439814e-06,0.00395377180368913
13.7666666666667,0.000295351415332032,-1.34160400463586e-06,0.00395274794254668
13.8,0.000295306106634573,-1.28127682314351e-06,0.00395172170013407
13.8333333333333,0.00029526104423616,-1.22082269953404e-06,0.00395069303914839
13.8666666666667,0.000295216062550471,-1.16022920515753e-06,0.00394966192106003
13.9,0.000295170989799973,-1.09948570200022e-06,0.00394862830694729
13.9333333333333,0.000295125651124581,-1.03858361779685e-06,0.00394759215842128
13.9666666666667,0.000295079871755835,-9.77516705392479e-07,0.0039465534387272
14,0.000295033480129348,-9.16281276702225e-07,0.00394551211369266
14.0333333333333,0.000294986310957436,-8.54876412565481e-07,0.00394446815261933
14.0666666666667,0.000294938208130514,-7.93304138114877e-07,0.00394342152918762
14.1,0.000294889027479541,-7.31569566736615e-07,0.00394237222260279
14.1333333333333,0.000294838639276931,-6.69681003300315e-07,0.00394132021816243
14.1666666666667,0.000294786930513558,-6.07650011084485e-07,0.00394026550812212
14.2,0.000294733806845371,-5.4549143389998e-07,0.00393920809231031
14.2333333333333,0.000294679194248486,-4.83223378469746e-07,0.00393814797885603
14.2666666666667,0.000294623040297368,-4.20867151382856e-07,0.00393708518443622
14.3,0.000294565315107019,-3.58447155599147e-07,0.00393601973468933
14.3333333333333,0.000294506012014864,-2.95990751815147e-07,0.00393495166445143
14.3666666666667,0.000294445148209103,-2.33528124063608e-07,0.00393388101807793
14.4,0.00029438276463314,-1.71092034125487e-07,0.00393280784914646
14.4333333333333,0.000294318925223608,-1.0871756702031e-07,0.00393173222049557
14.4666666666667,0.000294253715723203,-4.64417988808866e-08,0.0039306542033578
14.5,0.000294187242083905,1.56965624891655e-08,0.00392957387709889
14.5333333333333,0.0002941196284968,7.76575627283595e-08,0.00392849132817366
14.5666666666667,0.000294051015075619,1.39400418786432e-07,0.00392740664913429
14.6,0.000293981555275929,2.00883953675718e-07,0.00392631993765804
14.6333333333333,0.000293911413060236,2.62067047365512e-07,0.0039252312951624
14.6666666666667,0.000293840759919747,3.22909092676917e-07,0.00392414082563664
14.7,0.00029376977175123,3.83370455398869e-07,0.00392304863398189
14.7333333333333,0.000293698625716155,4.43412924996813e-07,0.0039219548249017
14.7666666666667,0.000293627497067878,5.03000158058756e-07,0.00392085950090523
14.8,0.000293556556080028,5.62098099791653e-07,0.0039197627613686
14.8333333333333,0.000293485965050271,6.2067538687356e-07,0.00391866470054236
14.8666666666667,0.000293415875508692,6.78703717562246e-07,0.00391756540642381
14.9,0.000293346425596445,7.36158194353199e-07,0.00391646495921211
14.9333333333333,0.000293277737731722,7.93017624493051e-07,0.00391536343016472
14.9666666666667,0.000293209916523817,8.49264788829717e-07,0.00391426088017429
15,0.000293143047040411,9.04886700462806e-07,0.00391315735898598
15.0333333333333,0.000293077193388379,9.59874867881161e-07,0.00391205290389233
15.0666666666667,0.000293012397651766,1.01422544105094e-06,0.00391094753912565
15.1,0.0002929486792128,1.06793928299322e-06,0.00390984127525631
15.1333333333333,0.000292886034236642,1.12102200699796e-06,0.00390873410876471
15.1666666666667,0.000292824435304409,1.17348398818732e-06,0.00390762602160152
15.2,0.000292763831836139,1.22534025931734e-06,0.00390651698139015
15.2333333333333,0.000292704151100701,1.27661038404227e-06,0.00390540694147549
15.2666666666667,0.000292645299618261,1.32731823829083e-06,0.00390429584177366
15.3,0.000292587164962229,1.3774917571009e-06,0.00390318360938267
15.3333333333333,0.000292529617900272,1.42716263755023e-06,0.00390207015951114
15.3666666666667,0.000292472514857673,1.47636599637721e-06,0.00390095539682744
15.4,0.000292415700610914,1.52513999685879e-06,0.00389983921670583
15.4333333333333,0.000292359011208155,1.57352544453163e-06,0.00389872150671718
15.4666666666667,0.000292302276998829,1.62156536388031e-06,0.00389760214814202
15.5,0.000292245325780935,1.66930455575918e-06,0.00389648101801373
15.5333333333333,0.000292187985934357,1.71678915002776e-06,0.00389535799051194
15.5666666666667,0.000292130089560302,1.76406614898272e-06,0.00389423293894172
15.6,0.000292071475491805,1.81118298015742e-06,0.00389310573746046
15.6333333333333,0.000292011992205123,1.85818704964527e-06,0.00389197626301087
15.6666666666667,0.000291951500502983,1.90512531626756e-06,0.00389084439681494
15.7,0.000291889876006142,1.95204387464844e-06,0.003889710026193
15.7333333333333,0.00029182701133812,1.99898756879499e-06,0.00388857304605157
15.7666666666667,0.000291762818042186,2.0459996214545e-06,0.0038874333603462
15.8,0.000291697228135591,2.09312130061345e-06,0.00388629088330299
15.8333333333333,0.000291630195338558,2.14039160743495e-06,0.00388514554062062
15.8666666666667,0.000291561695911724,2.18784700500982e-06,0.00388399727033079
15.9,0.000291491729253506,2.23552116772074e-06,0.00388284602379886
15.9333333333333,0.000291420318401228,2.28344472599601e-06,0.0038816917663578
15.9666666666667,0.000291347509863421,2.33164511824256e-06,0.00388053447777406
16,0.000291273372768113,2.38014643875854e-06,0.0038793741523951
16.0333333333333,0.000291197997597697,2.42896935855005e-06,0.0038782107989671
16.0666666666667,0.000291121494523743,2.47813108547648e-06,0.00387704444039294
16.1,0.000291043991358128,2.52764534252777e-06,0.00387587511282002
16.1333333333333,0.00029096563119699,2.57752239360001e-06,0.00387470286508953
16.1666666666667,0.000290886569768307,2.62776909045882e-06,0.0038735277575998
16.2,0.00029080697258619,2.67838894897115e-06,0.00387234986111015
16.2333333333333,0.000290727011913031,2.72938224741941e-06,0.00387116925545714
16.2666666666667,0.000290646863653447,2.78074613146768e-06,0.003869986028009
16.3,0.000290566704159237,2.83247466750263e-06,0.00386880027226352
16.3333333333333,0.00029048670710532,2.88455889740608e-06,0.00386761208622855
16.3666666666667,0.000290407040379644,2.93698699314018e-06,0.00386642157103726
16.4,0.000290327863152393,2.9897444285524e-06,0.00386522882884352
16.4333333333333,0.000290249323088081,3.04281415933279e-06,0.00386403396147042
16.4666666666667,0.000290171553802401,3.09617680727568e-06,0.00386283706862882
16.5,0.000290094672544467,3.14981085594249e-06,0.0038616382464863
16.5333333333333,0.000290018778208681,3.20369284125052e-06,0.00386043758608185
16.5666666666667,0.000289943949631137,3.25779755084866e-06,0.00385923517207308
16.6,0.000289870244263062,3.31209821380963e-06,0.00385803108140491
16.6333333333333,0.000289797697178391,3.36656669609442e-06,0.00385682538249979
16.6666666666667,0.000289726320458582,3.42117368273041e-06,0.00385561813411092
16.7,0.000289656102705335,3.475888887076e-06,0.00385440938473251
16.7333333333333,0.000289587008824128,3.53068123927031e-06,0.00385319917166271
16.7666666666667,0.000289518980588919,3.58551905062342e-06,0.00385198752080581
16.8,0.000289451937747321,3.64037016893537e-06,0.0038507744469064
16.8333333333333,0.000289385779502211,3.69520210189534e-06,0.00384955995347981
16.8666666666667,0.000289320386380747,3.74998213800488e-06,0.00384834403348925
16.9,0.000289255622456394,3.80467746065974e-06,0.00384712666985947
16.9333333333333,0.000289191337847395,3.85925524373452e-06,0.00384590783667865
16.9666666666667,0.000289127371482824,3.91368274727812e-06,0.00384468750007764
17,0.000289063554029346,3.96792740096076e-06,0.00384346561931811
17.0333333333333,0.000288999710981233,4.02195688927415e-06,0.00384224214843286
17.0666666666667,0.00028893566578761,4.07573923096197e-06,0.00384101703748492
17.1,0.00028887124303228,4.12924286115854e-06,0.00383979023411832
17.1333333333333,0.000288806271531149,4.18243671512409e-06,0.00383856168498379
17.1666666666667,0.000288740587374312,4.23529031603088e-06,0.00383733133741725
17.2,0.000288674036778866,4.28777386976878e-06,0.00383609914078195
17.2333333333333,0.00028860647878849,4.33985836496443e-06,0.00383486504807083
17.2666666666667,0.000288537787695694,4.391515683577e-06,0.00383362901703013
17.3,0.00028846785522803,4.44271871827504e-06,0.00383239101150946
17.3333333333333,0.000288396592391038,4.49344150231432e-06,0.00383115100268507
17.3666666666667,0.000288323931010095,4.54365934510467e-06,0.00382990896972371
17.4,0.000288249824886343,4.593348982234e-06,0.00382866490079762
17.4333333333333,0.000288174250614601,4.6424887295862e-06,0.00382741879358814
17.4666666666667,0.000288097208170113,4.69105863936225e-06,0.00382617065579745
17.5,0.000288018721371277,4.73904063205741e-06,0.003824920505673
17.5333333333333,0.000287938837574184,4.78641870301626e-06,0.00382366837198809
17.5666666666667,0.000287857626769963,4.83317910780006e-06,0.00382241429365788
17.6,0.000287775180313621,4.87931069705688e-06,0.00382115831913778
17.6333333333333,0.000287691609175457,4.92480517448395e-06,0.00381990050559579
17.6666666666667,0.000287607041917394,4.96965727752279e-06,0.0038186409178334
17.7,0.000287521622291858,5.01386495535145e-06,0.00381737962721047
17.7333333333333,0.000287435506599202,5.05742953085236e-06,0.00381611671002559
17.7666666666667,0.000287348860823432,5.10035583993074e-06,0.00381485224642018
17.8,0.000287261857634718,5.1426523494184e-06,0.00381358631844046
17.8333333333333,0.000287174673269875,5.18433124718419e-06,0.00381231900847295
17.8666666666667,0.000287087484413173,5.22540850275921e-06,0.00381105039728747
17.9,0.000287000465062742,5.26590389678991e-06,0.00380978056272208
17.9333333333333,0.000286913783514201,5.30584101409961e-06,0.00380850957746787
17.9666666666667,0.000286827599434436,5.34524720375418e-06,0.0038072375077633
18,0.000286742061152241,5.38415349943856e-06,0.00380596441159985
18.0333333333333,0.000286657303130051,5.42259450541814e-06,0.003804690337117
18.0666666666667,0.000286573443731058,5.46060824310471e-06,0.00380341532172847
18.1,0.000286490583241084,5.49823596297908e-06,0.00380213939052924
18.1333333333333,0.000286408802241531,5.53552191903974e-06,0.00380086255539023
18.1666666666667,0.000286328160291989,5.5725131115946e-06,0.00379958481431374
18.2,0.000286248694996641,5.60925899546949e-06,0.00379830615090976
18.2333333333333,0.000286170421392893,5.64581115943777e-06,0.00379702653380841
18.2666666666667,0.000286093331494475,5.6822230033101e-06,0.00379574591675392
18.3,0.000286017394088392,5.71854937343548e-06,0.00379446423816873
18.3333333333333,0.000285942555319378,5.754846163272e-06,0.00379318142205606
18.3666666666667,0.000285868739779026,5.79116991224008e-06,0.00379189737828607
18.4,0.00028579585196721,5.82757734708795e-06,0.00379061200405907
18.4333333333333,0.000285723778137559,5.86412493459248e-06,0.00378932518498476
18.4666666666667,0.000285652388461344,5.90086842211168e-06,0.00378803679676056
18.5,0.000285581539491973,5.93786237033772e-06,0.0037867467068685
18.5333333333333,0.000285511076842186,5.97515969131795e-06,0.00378545477661157
18.5666666666667,0.000285440838067095,6.01281118954073e-06,0.00378416086318391
18.6,0.000285370655640963,6.05086511675752e-06,0.0037828648217995
18.6333333333333,0.000285300360033345,6.08936673893953e-06,0.00378156650810359
18.6666666666667,0.000285229782759251,6.12835792716466e-06,0.00378026578033122
18.7,0.000285158759420769,6.16787676755341e-06,0.00377896250156898
18.7333333333333,0.000285087132611778,6.20795720527834e-06,0.00377765654229587
18.7666666666667,0.000285014754712946,6.24862871240219e-06,0.00377634778210096
18.8,0.00028494149045484,6.28991599777539e-06,0.00377503611199901
18.8333333333333,0.000284867219283078,6.33183874480298e-06,0.00377372143617875
18.8666666666667,0.000284791837417532,6.37441135201212e-06,0.00377240367387977
18.9,0.000284715259617443,6.4176426104998e-06,0.00377108276078351
18.9333333333333,0.000284637420643869,6.46153552394511e-06,0.00376975865067957
18.9666666666667,0.000284558276333508,6.50608723082103e-06,0.00376843131592652
19,0.00028447780434183,6.55128898356828e-06,0.00376710074879169
19.0333333333333,0.000284396004651588,6.59712616921459e-06,0.00376576696146774
19.0666666666667,0.00028431289995392,6.64357834751828e-06,0.00376442998681956
19.1,0.000284228535363946,6.69061942575381e-06,0.00376308987834684
19.1333333333333,0.000284142977507813,6.73821780768041e-06,0.00376174670926596
19.1666666666667,0.000284056313224831,6.78633665129121e-06,0.00376040057214588
19.2,0.000283968647891008,6.83493416664437e-06,0.00375905157741348
19.2333333333333,0.000283880103386422,6.8839639434194e-06,0.00375769985185187
19.2666666666667,0.000283790815780385,6.9333753338467e-06,0.00375634553701738
19.3,0.000283700932747003,6.98311386523852e-06,0.00375498878705626
19.3333333333333,0.000283610610810648,7.03312168560535e-06,0.00375362976662241
19.3666666666667,0.000283520012424029,7.08333803729516e-06,0.00375226864847086
19.4,0.000283429302997504,7.13369974828222e-06,0.00375090561087235
19.4333333333333,0.000283338647869741,7.18414174527006e-06,0.00374954083519941
19.4666666666667,0.00028324820934702,7.23459757027391e-06,0.00374817450322411
19.5,0.000283158143789285,7.2849999108894e-06,0.00374680679442816
19.5333333333333,0.000283068598869154,7.33528112296662e-06,0.0037454378836598
19.5666666666667,0.00028297971097199,7.38537375805363e-06,0.00374406793850608
19.6,0.000282891602853832,7.43521107195782e-06,0.00374269711691852
19.6333333333333,0.000282804381518994,7.48472753223674e-06,0.00374132556520357
19.6666666666667,0.000282718136417962,7.53385929592119e-06,0.00373995341590268
19.7,0.000282632937925565,7.58254467991104e-06,0.00373858078607241
19.7333333333333,0.000282548836179096,7.6307245942672e-06,0.00373720777570325
19.7666666666667,0.000282465860238652,7.67834296210698e-06,0.00373583446664392
19.8,0.000282384017604315,7.72534709569074e-06,0.00373446092140474
19.8333333333333,0.000282303293861806,7.77168807529522e-06,0.00373308718245885
19.8666666666667,0.000282223652593202,7.81732106622856e-06,0.00373171327142588
19.9,0.000282145036010144,7.86220560324632e-06,0.00373033918935009
19.9333333333333,0.000282067366080952,7.90630584407102e-06,0.00372896491675741
19.9666666666667,0.000281990546005433,7.94959075655388e-06,0.0037275904144734
20,0.000281914462041231,7.99203428075465e-06,0.00372621562477854
20.0333333333333,0.000281838985651114,8.03361545747043e-06,0.00372484047261087
20.0666666666667,0.000281763975895998,8.07431850765721e-06,0.00372346486723969
20.1,0.000281689282066708,8.11413288581453e-06,0.00372208870410684
20.1333333333333,0.000281614746451058,8.15305329974566e-06,0.00372071186696709
20.1666666666667,0.000281540207250529,8.19107978643141e-06,0.00371933422975892
20.2,0.000281465501512061,8.22821782023309e-06,0.0037179556591808
20.2333333333333,0.000281390468086857,8.26447825719881e-06,0.00371657601675446
20.2666666666667,0.000281314950519172,8.29987720623842e-06,0.00371519516141839
20.3,0.000281238799840862,8.33443587651225e-06,0.00371381295196252
20.3333333333333,0.000281161877191954,8.3681803932292e-06,0.00371242924930163
20.3666666666667,0.00028108405628352,8.40114157848611e-06,0.00371104391885892
20.4,0.000281005225586271,8.4333547137651e-06,0.00370965683277202
20.4333333333333,0.000280925290289886,8.46485926901771e-06,0.0037082678718015
20.4666666666667,0.000280844173930729,8.49569862145212e-06,0.0037068769272984
20.5,0.000280761819729198,8.52591974461615e-06,0.00370548390262963
20.5333333333333,0.000280678191559593,8.55557289366358e-06,0.00370408871468553
20.5666666666667,0.000280593274597995,8.58471126589404e-06,0.0037026912950645
20.6,0.000280507075747994,8.61339065565375e-06,0.00370129159089401
20.6333333333333,0.000280419623924141,8.64166906766703e-06,0.00369988956588146
20.6666666666667,0.00028033096962883,8.6696064013175e-06,0.00369848520058508
20.7,0.000280241183994749,8.69726404255877e-06,0.00369707849214104
20.7333333333333,0.00028015035745857,8.72470454165915e-06,0.0036956694540854
20.7666666666667,0.000280058598066738,8.75199125078513e-06,0.00369425811543875
20.8,0.000279966029465845,8.7791879741102e-06,0.00369284451947926
20.8333333333333,0.000279872788599135,8.80635861830521e-06,0.00369142872273124
20.8666666666667,0.000279779023191461,8.83356685298829e-06,0.00369001079309216
20.9,0.000279684889031291,8.86087576722574e-06,0.0036885908080603
20.9333333333333,0.000279590547156613,8.88834754012982e-06,0.00368716885299142
20.9666666666667,0.000279496160940466,8.91604310800114e-06,0.00368574501867738
21,0.000279401893196632,8.94402184491485e-06,0.00368431939949924
21.0333333333333,0.000279307903288207,8.9723412430857e-06,0.00368289209094421
21.0666666666667,0.000279214344363353,9.00105660473537e-06,0.00368146318753483
21.1,0.000279121360689443,9.03022073858379e-06,0.00368003278081922
21.1333333333333,0.000279029085204822,9.05988366530093e-06,0.00367860095696574
21.1666666666667,0.000278937637250914,9.09009233298002e-06,0.00367716779512255
21.2,0.000278847120591614,9.12089034084969e-06,0.00367573336555218
21.2333333333333,0.000278757621678296,9.15231767693572e-06,0.00367429772799413
21.2666666666667,0.000278669208249581,9.18441046452746e-06,0.0036728609304142
21.3,0.00027858192822427,9.21720072727216e-06,0.00367142300768477
21.3333333333333,0.000278495808954891,9.25071616427556e-06,0.00366998398099539
21.3666666666667,0.000278410856769483,9.28497994161223e-06,0.00366854385699261
21.4,0.000278327056631682,9.32001054252048e-06,0.00366710262731169
21.4333333333333,0.000278244372148608,9.35582154003724e-06,0.00366566026838179
21.4666666666667,0.000278162746235708,9.39242131854798e-06,0.00366421674187864
21.5,0.00027808210225992,9.4298128349078e-06,0.00366277199544736
21.5333333333333,0.000278002345465519,9.46799349042072e-06,0.00366132596378514
21.5666666666667,0.000277923364768277,9.50695508763076e-06,0.00365987856999297
21.6,0.000277845034838136,9.54668379753449e-06,0.00365842972716584
21.6333333333333,0.000277767218429214,9.58716017285146e-06,0.00365697934017046
21.6666666666667,0.000277689768898659,9.62835919472458e-06,0.00365552730779628
21.7,0.000277612532899208,9.67025036251556e-06,0.00365407352475355
21.7333333333333,0.000277535353142587,9.71279781712907e-06,0.0036526178841341
21.7666666666667,0.000277458071240773,9.75596050744144e-06,0.00365116027979187
21.8,0.000277380530508974,9.79969239047058e-06,0.00364970060849999
21.8333333333333,0.000277302578747709,9.84394267258553e-06,0.00364823877255488
21.8666666666667,0.000277224070885986,9.8886560838839e-06,0.00364677468186014
21.9,0.000277144871512227,9.93377318926455e-06,0.00364530825635145
21.9333333333333,0.000277064857180468,9.97923073110411e-06,0.00364383942767688
21.9666666666667,0.00027698391852532,1.00249620031153e-05,0.00364236814118657
22,0.000276901962085684,1.00708972543938e-05,0.00364089435776222
22.0333333333333,0.000276818911873784,1.0116964116638e-05,0.00363941805474706
22.0666666666667,0.000276734710607755,1.0163088058786e-05,0.00363793922736979
22.1,0.000276649320643893,1.0209192858665e-05,0.00363645788938364
22.1333333333333,0.000276562724558143,1.02552010966084e-05,0.00363497407372411
22.1666666666667,0.000276474925557067,1.03010346546872e-05,0.0036334878327682
22.2,0.000276385947713317,1.03466152098718e-05,0.00363199923848218
22.2333333333333,0.000276295835548645,1.03918647961648e-05,0.00363050838207177
22.2666666666667,0.000276204653101868,1.0436706296504e-05,0.00362901537305729
22.3,0.000276112482659968,1.04810640028252e-05,0.00362752033799654
22.3333333333333,0.000276019423146948,1.05248641534781e-05,0.00362602341894256
22.3666666666667,0.000275925588202743,1.05680354571983e-05,0.00362452477127571
22.4,0.000275831104016217,1.061050962117e-05,0.00362302456186342
22.4333333333333,0.00027573610692783,1.06522218573574e-05,0.00362152296623082
22.4666666666667,0.000275640740891008,1.06931113742524e-05,0.00362002016613073
22.5,0.000275545154797618,1.07331218473161e-05,0.00361851634680094
22.5333333333333,0.000275449499772929,1.07722018610045e-05,0.00361701169383346
22.5666666666667,0.000275353926433289,1.08103053256001e-05,0.00361550639042946
22.6,0.000275258582219137,1.08473918554589e-05,0.00361400061433162
22.6333333333333,0.000275163608784755,1.0883427117558e-05,0.003612494535158
22.6666666666667,0.000275069139555898,1.09183831325182e-05,0.00361098831131419
22.7,0.00027497529742702,1.09522385430108e-05,0.00360948208769664
22.7333333333333,0.000274882192697736,1.09849788674655e-05,0.0036079759929184
22.7666666666667,0.000274789921244381,1.10165968632372e-05,0.00360647013722925
22.8,0.000274698562928433,1.10470927524763e-05,0.00360496461034259
22.8333333333333,0.000274608180327836,1.10764742860078e-05,0.0036034594799528
22.8666666666667,0.000274518817752906,1.11047567315606e-05,0.00360195479031942
22.9,0.00027443050055853,1.11319628169011e-05,0.00360045056130598
22.9333333333333,0.000274343234780836,1.11581225947335e-05,0.00359894678787619
22.9666666666667,0.000274257006863243,1.11832732904603e-05,0.00359744343951393
23,0.000274171783683006,1.12074590247432e-05,0.00359594046028335
23.0333333333333,0.000274087513205724,1.12307305343516e-05,0.00359443776912085
23.0666666666667,0.000274004125550341,1.12531448262403e-05,0.00359293526125502
23.1,0.000273921534359878,1.12747647492223e-05,0.00359143280946855
23.1333333333333,0.000273839638475278,1.12956585484602e-05,0.00358993026594807
23.1666666666667,0.000273758323884796,1.13158993718962e-05,0.00358842746465746
23.2,0.000273677465881795,1.13355647355752e-05,0.00358692422371883
23.2333333333333,0.000273596931423577,1.13547359621957e-05,0.00358542034809401
23.2666666666667,0.000273516581600881,1.13734975933867e-05,0.00358391563277843
23.3,0.000273436274220146,1.13919367789663e-05,0.00358240986588244
23.3333333333333,0.000273355866394116,1.14101426561244e-05,0.00358090283159513
23.3666666666667,0.000273275217153185,1.1428205713079e-05,0.00357939431390279
23.4,0.000273194189967148,1.14462171559186e-05,0.00357788409944052
23.4333333333333,0.000273112655198977,1.14642682670085e-05,0.00357637198090909
23.4666666666667,0.000273030492382612,1.14824497803227e-05,0.00357485776014364
23.5,0.000272947592353191,1.15008512529941e-05,0.00357334125095212
23.5333333333333,0.000272863859131282,1.15195604659589e-05,0.00357182228188247
23.5666666666667,0.000272779211593371,1.15386628267818e-05,0.00357030069863492
23.6,0.000272693584845436,1.15582408099794e-05,0.00356877636635228
23.6333333333333,0.000272606931332606,1.15783734051086e-05,0.00356724917139023
23.6666666666667,0.000272519221621242,1.15991356097384e-05,0.00356571902298553
23.7,0.000272430444891676,1.1620597934162e-05,0.00356418585427899
23.7333333333333,0.000272340609229309,1.16428259537183e-05,0.00356264962348062
23.7666666666667,0.000272249741777976,1.16658798563486e-05,0.00356111031458559
23.8,0.000272157888282003,1.16898141139602e-05,0.00355956793743851
23.8333333333333,0.000272065112167539,1.17146770709701e-05,0.003558022527395
23.8666666666667,0.000271971493306482,1.17405106817419e-05,0.00355647414425896
23.9,0.000271877126465293,1.17673502369384e-05,0.00355492287117194
23.9333333333333,0.000271782119488499,1.17952241406458e-05,0.00355336881277038
23.9666666666667,0.000271686591235441,1.18241537283918e-05,0.00355181209333953
24,0.000271590669345626,1.18541531276475e-05,0.00355025285428563
24.0333333333333,0.000271494487839957,1.18852290726259e-05,0.00354869125188744
24.0666666666667,0.000271398184636007,1.19173806298474e-05,0.00354712745444472
24.1,0.000271301899030007,1.19505991180862e-05,0.00354556163942384
24.1333333333333,0.00027120576916687,1.19848681694268e-05,0.00354399399046993
24.1666666666667,0.000271109929562177,1.20201638309481e-05,0.00354242469434623
24.2,0.000271014508740533,1.20564547192031e-05,0.00354085393775178
24.2333333333333,0.000270919626969898,1.20937022328673e-05,0.00353928190431631
24.2666666666667,0.000270825394203643,1.21318608069694e-05,0.00353770877185382
24.3,0.000270731908189149,1.21708782251912e-05,0.0035361347093363
24.3333333333333,0.000270639252836852,1.22106959653093e-05,0.00353455987456197
24.3666666666667,0.000270547496811864,1.22512496010234e-05,0.0035329844116634
24.4,0.000270456692422469,1.22924692276798e-05,0.00353140844910319
24.4333333333333,0.000270366874768575,1.23342799403932e-05,0.00352983209801254
24.4666666666667,0.000270278061205009,1.23766023261221e-05,0.00352825545065399
24.5,0.000270190251053482,1.2419352993787e-05,0.00352667857931372
24.5333333333333,0.000270103425420426,1.24624451568659e-05,0.00352510153527835
24.5666666666667,0.000270017547328118,1.25057891865364e-05,0.00352352434818407
24.6,0.000269932562437315,1.25492931813989e-05,0.00352194702623037
24.6333333333333,0.000269848400092204,1.25928636117301e-05,0.0035203695565887
24.6666666666667,0.000269764974656974,1.26364058873075e-05,0.00351879190636414
24.7,0.000269682187136178,1.26798249804462e-05,0.00351721402395189
24.7333333333333,0.000269599927018662,1.27230260225004e-05,0.00351563584074772
24.7666666666667,0.00026951807433644,1.27659149097781e-05,0.00351405727307986
24.8,0.000269436501863241,1.2808398889339e-05,0.00351247822450653
24.8333333333333,0.000269355077450252,1.28503871450861e-05,0.00351089858822763
24.8666666666667,0.000269273666407438,1.28917913584616e-05,0.00350931824976752
24.9,0.000269192133938251,1.29325262615111e-05,0.00350773708978225
24.9333333333333,0.000269110347526586,1.2972510162239e-05,0.00350615498667228
24.9666666666667,0.00026902817929365,1.30116654542709e-05,0.00350457181947005
25,0.000268945508221838,1.30499190978255e-05,0.00350298747062762
25.0333333333333,0.000268862222271377,1.30872030763178e-05,0.00350140182851236
25.0666666666667,0.000268778220292247,1.31234548250583e-05,0.00349981479008402
25.1,0.000268693413762546,1.31586176275023e-05,0.00349822626290221
25.1333333333333,0.000268607728267314,1.31926409836435e-05,0.00349663616741218
25.1666666666667,0.00026852110475149,1.32254809397887e-05,0.00349504443868401
25.2,0.000268433500477016,1.32571003899724e-05,0.00349345102768865
25.2333333333333,0.000268344889717593,1.32874693334734e-05,0.00349185590282169
25.2666666666667,0.000268255264153125,1.3316565105305e-05,0.0034902590504835
25.3,0.000268164633131198,1.33443725592479e-05,0.00348866047583201
25.3333333333333,0.000268073023735514,1.33708843746278e-05,0.00348706020319524
25.3666666666667,0.000267980480278565,1.33961013800758e-05,0.00348545827559577
25.4,0.000267887063401442,1.34200325967693e-05,0.00348385475422764
25.4333333333333,0.000267792848899578,1.34426952444613e-05,0.00348224971706646
25.4666666666667,0.000267697926245383,1.34641146804674e-05,0.00348064325740755
25.5,0.000267602396873022,1.34843242684097e-05,0.00347903548217127
25.5333333333333,0.000267506372263491,1.35033652108527e-05,0.00347742650958225
25.5666666666667,0.000267409971846599,1.35212863093555e-05,0.00347581646686695
25.6,0.00026731332079948,1.35381436829429e-05,0.00347420548742806
25.6333333333333,0.000267216547744609,1.35540004250792e-05,0.00347259370846318
25.6666666666667,0.000267119782438171,1.35689262176356e-05,0.00347098126765072
25.7,0.000267023153442544,1.35829968913992e-05,0.00346936830052985
25.7333333333333,0.000266926785878407,1.35962939476451e-05,0.00346775493758889
25.7666666666667,0.000266830799239526,1.36089040342017e-05,0.00346614130135981
25.8,0.000266735305364009,1.36209183874701e-05,0.00346452750361161
25.8333333333333,0.000266640406536083,1.36324322405234e-05,0.00346291364317306
25.8666666666667,0.00026654619380436,1.36435442018039e-05,0.00346129980334479
25.9,0.000266452745484779,1.36543556113016e-05,0.00345968604980409
25.9333333333333,0.000266360125921603,1.3664969875511e-05,0.00345807242905091
25.9666666666667,0.000266268384472426,1.36754917900117e-05,0.00345645896679367
26,0.000266177554774768,1.36860268496512e-05,0.00345484566704621
26.0333333333333,0.000266087654261318,1.36966805569868e-05,0.00345323251127698
26.0666666666667,0.000265998683929439,1.37075577165342e-05,0.00345161945791368
26.1,0.000265910628177297,1.37187617857749e-05,0.00345000644224569
26.1333333333333,0.000265823454962483,1.3730394162923e-05,0.00344839337661782
26.1666666666667,0.000265737116480486,1.37425535109249e-05,0.0034467801511764
26.2,0.000265651550129659,1.37553351399392e-05,0.00344516663541711
26.2333333333333,0.000265566679739639,1.376883035794e-05,0.00344355267992482
26.2666666666667,0.000265482417045128,1.37831258703085e-05,0.00344193811857813
26.3,0.000265398663375669,1.37983032065359e-05,0.00344032277112932
26.3333333333333,0.000265315311510802,1.3814438173233e-05,0.00343870644588986
26.3666666666667,0.000265232247690328,1.38316003479178e-05,0.00343708894290093
26.4,0.000265149353706155,1.38498526087673e-05,0.00343547005739558
26.4333333333333,0.000265066509075598,1.38692507031396e-05,0.00343384958272942
26.4666666666667,0.000264983593210833,1.38898428634838e-05,0.0034322273142165
26.5,0.000264900487593373,1.39116694627285e-05,0.0034306030525555
26.5333333333333,0.00026481707786361,1.39347627225489e-05,0.00342897660700759
26.5666666666667,0.00026473325584228,1.39591464629524e-05,0.00342734779879387
26.6,0.000264648921398231,1.3984835882151e-05,0.00342571646444246
26.6333333333333,0.000264563984165762,1.40118371998247e-05,0.00342408245836613
26.6666666666667,0.000264478365083907,1.4040147387266e-05,0.00342244565611995
26.7,0.000264391997712742,1.40697541206825e-05,0.00342080595616297
26.7333333333333,0.00026430482931475,1.41006358397273e-05,0.00341916328240344
26.7666666666667,0.000264216821715476,1.41327618440695e-05,0.00341751758523877
26.8,0.000264127951876882,1.41660924742284e-05,0.00341586884311012
26.8333333333333,0.000264038212234687,1.42005793464198e-05,0.00341421706310616
26.8666666666667,0.000263947610876292,1.42361656501682e-05,0.00341256228154598
26.9,0.000263856171570627,1.42727865007755e-05,0.00341090456419108
26.9333333333333,0.000263763933290266,1.43103693984964e-05,0.0034092440057208
26.9666666666667,0.000263670949377344,1.43488346369003e-05,0.00340758072856912
27,0.000263577286454633,1.43880958709383e-05,0.00340591488138812
27.0333333333333,0.000263483023084942,1.44280606775985e-05,0.00340424663671016
27.0666666666667,0.000263388248223087,1.44686311657544e-05,0.00340257618880167
27.1,0.000263293059477309,1.45097046303673e-05,0.00340090375042109
27.1333333333333,0.000263197561242847,1.45511742356961e-05,0.00339922955002339
27.1666666666667,0.000263101862715735,1.4592929728475e-05,0.00339755382804518
27.2,0.000263006075864398,1.46348581716691e-05,0.00339587683351418
27.2333333333333,0.000262910313357616,1.46768447003732e-05,0.00339419882010633
27.2666666666667,0.000262814686533652,1.47187732835113e-05,0.00339252004245871
27.3,0.000262719303399257,1.47605275020061e-05,0.00339084075229426
27.3333333333333,0.000262624266743722,1.48019913173427e-05,0.00338916119490666
27.3666666666667,0.000262529672347945,1.48430498504479e-05,0.00338748160519748
27.4,0.000262435607368067,1.4883590136655e-05,0.00338580220446925
27.4333333333333,0.000262342148867227,1.49235018852892e-05,0.00338412319719885
27.4666666666667,0.000262249362564727,1.4962678201461e-05,0.00338244476812042
27.5,0.000262157301772857,1.50010163063692e-05,0.00338076707955463
27.5333333333333,0.00026206600657713,1.50384182086863e-05,0.00337909026943815
27.5666666666667,0.000261975503230138,1.50747913665454e-05,0.00337741444905203
27.6,0.000261885803798941,1.51100492930267e-05,0.0033757397020255
27.6333333333333,0.000261796906011344,1.51441121322383e-05,0.0033740660830119
27.6666666666667,0.000261708793186931,1.51769072283165e-05,0.00337239361699011
27.7,0.000261621434433092,1.52083695825526e-05,0.0033707222986516
27.7333333333333,0.000261534785294439,1.52384422781853e-05,0.00336905209323276
27.7666666666667,0.000261448788649452,1.52670769243759e-05,0.00336738293715987
27.8,0.000261363375831088,1.52942339553336e-05,0.00336571473962954
27.8333333333333,0.000261278467963275,1.5319882931743e-05,0.00336404738456745
27.8666666666667,0.000261193977464326,1.53440027625542e-05,0.00336238073283697
27.9,0.000261109809707979,1.53665819438867e-05,0.00336071462490874
27.9333333333333,0.000261025864802567,1.53876189344327e-05,0.00335904888383217
27.9666666666667,0.000260942039427007,1.5407122346081e-05,0.00335738331818892
28,0.000260858228737306,1.54251109096208e-05,0.00335571772564067
28.0333333333333,0.000260774328277779,1.54416133730068e-05,0.00335405189656941
28.0666666666667,0.00026069023584539,1.54566683281209e-05,0.0033523856173189
28.1,0.000260605853327582,1.54703239632593e-05,0.00335071867438304
28.1333333333333,0.000260521088419722,1.54826377513213e-05,0.00334905085738377
28.1666666666667,0.000260435856250185,1.54936760646034e-05,0.00334738196288685
28.2,0.000260350080834696,1.55035137380257e-05,0.00334571179742386
28.2333333333333,0.000260263696385101,1.55122335596696e-05,0.00334404018069069
28.2666666666667,0.000260176648405931,1.55199257242703e-05,0.00334236694818986
28.3,0.000260088894605813,1.55266872172825e-05,0.0033406919536884
28.3333333333333,0.000260000405570044,1.5532621175618e-05,0.00333901507131592
28.3666666666667,0.000259911165221265,1.55378361859676e-05,0.0033373361973059
28.4,0.00025982117104161,1.55424455757855e-05,0.00333565525126614
28.4333333333333,0.000259730434188216,1.55465666318073e-05,0.00333397217750634
28.4666666666667,0.000259638979428785,1.55503198521095e-05,0.00333228694555885
28.5,0.000259546844649288,1.55538281483265e-05,0.00333059955055928
28.5333333333333,0.000259454080058838,1.55572160086925e-05,0.00332891001255032
28.5666666666667,0.000259360747180185,1.55606087038378e-05,0.00332721837528583
28.6,0.0002592669176295,1.55641314708243e-05,0.0033255247051337
28.6333333333333,0.00025917267170945,1.55679086812437e-05,0.00332382908898103
28.6666666666667,0.000259078096862688,1.55720630477909e-05,0.00332213163187136
28.7,0.000258983285997103,1.55767148160014e-05,0.00332043245470896
28.7333333333333,0.000258888335745686,1.55819809941796e-05,0.00331873169132166
28.7666666666667,0.000258793344664209,1.55879745874103e-05,0.00331702948530923
28.8,0.000258698411439011,1.55948038722792e-05,0.00331532598712182
28.8333333333333,0.000258603633098538,1.5602571689284e-05,0.00331362135058006
28.8666666666667,0.000258509103304218,1.56113747785818e-05,0.00331191572978634
28.9,0.000258414910705247,1.56213031465831e-05,0.0033102092758439
28.9333333333333,0.000258321137430369,1.56324394782122e-05,0.00330850213379209
28.9666666666667,0.000258227857693865,1.56448585916053e-05,0.00330679443963413
29,0.000258135136581738,1.56586269398023e-05,0.00330508631767066
29.0333333333333,0.000258043028990458,1.5673802166079e-05,0.00330337787801876
29.0666666666667,0.000257951578773854,1.56904327066896e-05,0.00330166921442439
29.1,0.000257860818068703,1.57085574564975e-05,0.00329996040236278
29.1333333333333,0.000257770766841698,1.57282054827615e-05,0.00329825149780289
29.1666666666667,0.00025768143262946,1.57493958010388e-05,0.00329654253586235
29.2,0.00025759281046412,1.57721370608072e-05,0.00329483353034715
29.2333333333333,0.000257504882846745,1.57964272300133e-05,0.00329312447295032
29.2666666666667,0.00025741762003055,1.58222533743368e-05,0.00329141533354395
29.3,0.000257330980622747,1.58495918359194e-05,0.00328970606058741
29.3333333333333,0.000257244912429611,1.58784083303892e-05,0.00328799658231442
29.3666666666667,0.000257159353477993,1.59086581471652e-05,0.00328628680845542
29.4,0.000257074233207513,1.59402864481636e-05,0.00328457663204553
29.4333333333333,0.000256989473819157,1.59732286300069e-05,0.00328286593175812
29.4666666666667,0.000256904991732995,1.60074107465633e-05,0.0032811545746143
29.5,0.000256820699149929,1.60427500131864e-05,0.00327944241884746
29.5333333333333,0.000256736505660745,1.60791553563512e-05,0.00327772931703922
29.5666666666667,0.000256652319902293,1.61165280329525e-05,0.00327601511921568
29.6,0.000256568051196407,1.61547622904761e-05,0.00327429967634159
29.6333333333333,0.00025648361117874,1.61937460813984e-05,0.0032725828433529
29.6666666666667,0.000256398915349715,1.62333618111991e-05,0.0032708644825953
29.7,0.000256313884561237,1.6273487126232e-05,0.00326914446688668
29.7333333333333,0.000256228446373114,1.63139957262715e-05,0.00326742268250095
29.7666666666667,0.000256142536297762,1.63547582017817e-05,0.00326569903168304
29.8,0.000256056098873263,1.63956428878308e-05,0.00326397343541263
29.8333333333333,0.000255969088586624,1.64365167275611e-05,0.00326224583519872
29.8666666666667,0.000255881470596964,1.64772461438021e-05,0.00326051619512457
29.9,0.000255793221281868,1.65176979067855e-05,0.00325878450318023
29.9333333333333,0.000255704328569128,1.65577400000244e-05,0.00325705077198163
29.9666666666667,0.000255614792087698,1.65972424777767e-05,0.00325531503977945
30,0.000255524623209431,1.6636078277849e-05,0.00325357737051552
