0,0,0,-147.734427627649
0.0333333333333333,0,-5.42101086242752e-20,-147.734427627649
0.0666666666666667,-2.16840434497101e-19,-1.0842021724855e-19,-147.734427627649
0.1,8.67361737988404e-19,0,-147.734427627649
0.133333333333333,1.73472347597681e-18,0,-147.734427627649
0.166666666666667,-1.73472347597681e-18,0,-147.734427627649
0.2,0,0,-147.734427627649
0.233333333333333,-5.20417042793042e-18,-3.46944695195361e-18,-147.734427627649
0.266666666666667,-6.93889390390723e-18,-1.73472347597681e-18,-147.734427627649
0.3,3.46944695195361e-18,3.46944695195361e-18,-147.734427627649
0.333333333333333,0,0,-147.734427627649
0.366666666666667,0,3.46944695195361e-18,-147.734427627649
0.4,-6.93889390390723e-18,0,-147.734427627649
0.433333333333333,6.93889390390723e-18,0,-147.734427627649
0.466666666666667,6.93889390390723e-18,0,-147.734427627649
0.5,0,-6.93889390390723e-18,-147.734427627649
0.533333333333333,0,-6.93889390390723e-18,-147.734427627649
0.566666666666667,6.93889390390723e-18,1.38777878078145e-17,-147.734427627649
0.6,6.93889390390723e-18,-1.38777878078145e-17,-147.734427627649
0.633333333333333,0,-1.38777878078145e-17,-147.734427627649
0.666666666666667,1.38777878078145e-17,-1.38777878078145e-17,-147.734427627649
0.7,-1.38777878078145e-17,0,-147.734427627649
0.733333333333333,-1.38777878078145e-17,0,-147.734427627649
0.766666666666667,0,2.77555756156289e-17,-147.734427627649
0.8,0,-1.38777878078145e-17,-147.734427627649
0.833333333333333,0,0,-147.734427627649
0.866666666666667,-1.38777878078145e-17,-1.38777878078145e-17,-147.734427627649
0.9,1.38777878078145e-17,2.77555756156289e-17,-147.734427627649
0.933333333333333,2.77555756156289e-17,1.38777878078145e-17,-147.734427627649
0.966666666666667,1.38777878078145e-17,-2.77555756156289e-17,-147.734427627649
1,0,-1.38777878078145e-17,-147.734427627649
1.03333333333333,-4.16333634234434e-17,-1.38777878078145e-17,-147.734427627649
1.06666666666667,-2.77555756156289e-17,-1.38777878078145e-17,-147.734427627649
1.1,-2.77555756156289e-17,-1.38777878078145e-17,-147.734427627649
1.13333333333333,1.38777878078145e-17,4.16333634234434e-17,-147.734427627649
1.16666666666667,-2.77555756156289e-17,-1.38777878078145e-17,-147.734427627649
1.2,0,-1.38777878078145e-17,-147.734427627649
1.23333333333333,1.38777878078145e-17,0,-147.734427627649
1.26666666666667,-1.38777878078145e-17,1.38777878078145e-17,-147.734427627649
1.3,-2.77555756156289e-17,-2.77555756156289e-17,-147.734427627649
1.33333333333333,1.38777878078145e-17,-1.38777878078145e-17,-147.734427627649
1.36666666666667,-2.77555756156289e-17,-2.77555756156289e-17,-147.734427627649
1.4,-4.16333634234434e-17,-1.38777878078145e-17,-147.734427627649
1.43333333333333,0,-4.16333634234434e-17,-147.734427627649
1.46666666666667,1.38777878078145e-17,1.38777878078145e-17,-147.734427627649
1.5,0,-1.38777878078145e-17,-147.734427627649
1.53333333333333,-4.16333634234434e-17,-1.38777878078145e-17,-147.734427627649
1.56666666666667,2.77555756156289e-17,-2.77555756156289e-17,-147.734427627649
1.6,-1.38777878078145e-17,0,-147.734427627649
1.63333333333333,0,-2.77555756156289e-17,-147.734427627649
1.66666666666667,2.77555756156289e-17,1.38777878078145e-17,-147.734427627649
1.7,0,1.38777878078145e-17,-147.734427627649
1.73333333333333,0,2.77555756156289e-17,-147.734427627649
1.76666666666667,-1.38777878078145e-17,2.77555756156289e-17,-147.734427627649
1.8,2.77555756156289e-17,0,-147.734427627649
1.83333333333333,-1.38777878078145e-17,0,-147.734427627649
1.86666666666667,-1.38777878078145e-17,-4.16333634234434e-17,-147.734427627649
1.9,-1.38777878078145e-17,-2.77555756156289e-17,-147.734427627649
1.93333333333333,-1.38777878078145e-17,-2.77555756156289e-17,-147.734427627649
1.96666666666667,0,-1.38777878078145e-17,-147.734427627649
2,2.77555756156289e-17,-1.38777878078145e-17,-147.734427627649
2.03333333333333,-1.38777878078145e-17,-1.38777878078145e-17,-147.734427627649
2.06666666666667,0,-1.38777878078145e-17,-147.734427627649
2.1,-3.46944695195361e-17,-5.55111512312578e-17,-147.734427627649
2.13333333333333,-1.38777878078145e-17,0,-147.734427627649
2.16666666666667,-6.93889390390723e-18,-2.77555756156289e-17,-147.734427627649
2.2,0,2.77555756156289e-17,-147.734427627649
2.23333333333333,-6.93889390390723e-18,-2.77555756156289e-17,-147.734427627649
2.26666666666667,2.08166817117217e-17,2.77555756156289e-17,-147.734427627649
2.3,-1.38777878078145e-17,0,-147.734427627649
2.33333333333333,0,0,-147.734427627649
2.36666666666667,6.93889390390723e-18,5.55111512312578e-17,-147.734427627649
2.4,-2.42861286636753e-17,-2.77555756156289e-17,-147.734427627649
2.43333333333333,1.73472347597681e-17,2.77555756156289e-17,-147.734427627649
2.46666666666667,6.93889390390723e-18,0,-147.734427627649
2.5,-6.93889390390723e-18,2.77555756156289e-17,-147.734427627649
2.53333333333333,-1.73472347597681e-17,0,-147.734427627649
2.56666666666667,-1.73472347597681e-17,2.77555756156289e-17,-147.734427627649
2.6,0,-2.77555756156289e-17,-147.734427627649
2.63333333333333,0,2.77555756156289e-17,-147.734427627649
2.66666666666667,-1.38777878078145e-17,5.55111512312578e-17,-147.734427627649
2.7,-1.38777878078145e-17,0,-147.734427627649
2.73333333333333,-1.38777878078145e-17,0,-147.734427627649
2.76666666666667,0,-2.77555756156289e-17,-147.734427627649
2.8,6.93889390390723e-18,5.55111512312578e-17,-147.734427627649
2.83333333333333,2.08166817117217e-17,0,-147.734427627649
2.86666666666667,0,-5.55111512312578e-17,-147.734427627649
2.9,1.38777878078145e-17,5.55111512312578e-17,-147.734427627649
2.93333333333333,1.38777878078145e-17,-2.77555756156289e-17,-147.734427627649
2.96666666666667,0,5.55111512312578e-17,-147.734427627649
3,0,5.55111512312578e-17,-147.734427627649
3.03333333333333,0,0,-147.734427627649
3.06666666666667,0,0,-147.734427627649
3.1,-2.77555756156289e-17,-5.55111512312578e-17,-147.734427627649
3.13333333333333,1.38777878078145e-17,0,-147.734427627649
3.16666666666667,-4.16333634234434e-17,0,-147.734427627649
3.2,-1.38777878078145e-17,-5.55111512312578e-17,-147.734427627649
3.23333333333333,-5.55111512312578e-17,0,-147.734427627649
3.26666666666667,1.38777878078145e-17,1.11022302462516e-16,-147.734427627649
3.3,2.77555756156289e-17,0,-147.734427627649
3.33333333333333,2.77555756156289e-17,0,-147.734427627649
3.36666666666667,0,0,-147.734427627649
3.4,0,0,-147.734427627649
3.43333333333333,-2.77555756156289e-17,-5.55111512312578e-17,-147.734427627649
3.46666666666667,4.16333634234434e-17,0,-147.734427627649
3.5,-2.77555756156289e-17,5.55111512312578e-17,-147.734427627649
3.53333333333333,1.38777878078145e-17,-5.55111512312578e-17,-147.734427627649
3.56666666666667,0,0,-147.734427627649
3.6,2.77555756156289e-17,0,-147.734427627649
3.63333333333333,0,-5.55111512312578e-17,-147.734427627649
3.66666666666667,2.77555756156289e-17,5.55111512312578e-17,-147.734427627649
3.7,0,0,-147.734427627649
3.73333333333333,0,0,-147.734427627649
3.76666666666667,0,0,-147.734427627649
3.8,0,0,-147.734427627649
3.83333333333333,0,-2.77555756156289e-17,-147.734427627649
3.86666666666667,0,2.77555756156289e-17,-147.734427627649
3.9,-2.08166817117217e-17,2.77555756156289e-17,-147.734427627649
3.93333333333333,3.46944695195361e-17,0,-147.734427627649
3.96666666666667,0,0,-147.734427627649
4,-2.08166817117217e-17,-2.77555756156289e-17,-147.734427627649
4.03333333333333,1.73472347597681e-17,0,-147.734427627649
4.06666666666667,-3.46944695195361e-18,0,-147.734427627649
4.1,-3.46944695195361e-18,8.32667268468867e-17,-147.734427627649
4.13333333333333,-1.04083408558608e-17,2.77555756156289e-17,-147.734427627649
4.16666666666667,-1.04083408558608e-17,-2.77555756156289e-17,-147.734427627649
4.2,-1.04083408558608e-17,0,-147.734427627649
4.23333333333333,1.73472347597681e-17,2.77555756156289e-17,-147.734427627649
4.26666666666667,-1.38777878078145e-17,0,-147.734427627649
4.3,3.46944695195361e-18,5.55111512312578e-17,-147.734427627649
4.33333333333333,-6.93889390390723e-18,0,-147.734427627649
4.36666666666667,-2.42861286636753e-17,0,-147.734427627649
4.4,6.93889390390723e-18,2.77555756156289e-17,-147.734427627649
4.43333333333333,-3.46944695195361e-18,2.77555756156289e-17,-147.734427627649
4.46666666666667,-1.38777878078145e-17,-2.77555756156289e-17,-147.734427627649
4.5,0,0,-147.734427627649
4.53333333333333,6.93889390390723e-18,2.77555756156289e-17,-147.734427627649
4.56666666666667,1.38777878078145e-17,2.77555756156289e-17,-147.734427627649
4.6,-6.93889390390723e-18,0,-147.734427627649
4.63333333333333,6.93889390390723e-18,2.77555756156289e-17,-147.734427627649
4.66666666666667,-1.38777878078145e-17,-2.77555756156289e-17,-147.734427627649
4.7,-6.93889390390723e-18,0,-147.734427627649
4.73333333333333,0,-2.77555756156289e-17,-147.734427627649
4.76666666666667,1.38777878078145e-17,0,-147.734427627649
4.8,-1.38777878078145e-17,0,-147.734427627649
4.83333333333333,-1.38777878078145e-17,-2.77555756156289e-17,-147.734427627649
4.86666666666667,0,2.77555756156289e-17,-147.734427627649
4.9,0,0,-147.734427627649
4.93333333333333,1.38777878078145e-17,0,-147.734427627649
4.96666666666667,1.38777878078145e-17,2.77555756156289e-17,-147.734427627649
5,1.38777878078145e-17,-2.77555756156289e-17,-147.734427627649
5.03333333333333,-2.77555756156289e-17,-2.77555756156289e-17,-147.734427627649
5.06666666666667,1.38777878078145e-17,0,-147.734427627649
5.1,0,0,-147.734427627649
5.13333333333333,0,2.77555756156289e-17,-147.734427627649
5.16666666666667,0,-5.55111512312578e-17,-147.734427627649
5.2,6.93889390390723e-18,2.77555756156289e-17,-147.734427627649
5.23333333333333,-6.93889390390723e-18,-2.77555756156289e-17,-147.734427627649
5.26666666666667,0,-2.77555756156289e-17,-147.734427627649
5.3,2.77555756156289e-17,0,-147.734427627649
5.33333333333333,-2.08166817117217e-17,0,-147.734427627649
5.36666666666667,0,2.77555756156289e-17,-147.734427627649
5.4,1.38777878078145e-17,0,-147.734427627649
5.43333333333333,-1.38777878078145e-17,2.77555756156289e-17,-147.734427627649
5.46666666666667,6.93889390390723e-18,0,-147.734427627649
5.5,3.46944695195361e-18,5.55111512312578e-17,-147.734427627649
5.53333333333333,-2.08166817117217e-17,0,-147.734427627649
5.56666666666667,-3.46944695195361e-18,0,-147.734427627649
5.6,-2.42861286636753e-17,-5.55111512312578e-17,-147.734427627649
5.63333333333333,1.04083408558608e-17,-5.55111512312578e-17,-147.734427627649
5.66666666666667,6.93889390390723e-18,0,-147.734427627649
5.7,-6.93889390390723e-18,-5.55111512312578e-17,-147.734427627649
5.73333333333333,-3.46944695195361e-18,0,-147.734427627649
5.76666666666667,1.73472347597681e-17,5.55111512312578e-17,-147.734427627649
5.8,1.38777878078145e-17,0,-147.734427627649
5.83333333333333,6.93889390390723e-18,5.55111512312578e-17,-147.734427627649
5.86666666666667,6.93889390390723e-18,5.55111512312578e-17,-147.734427627649
5.9,0,5.55111512312578e-17,-147.734427627649
5.93333333333333,1.38777878078145e-17,5.55111512312578e-17,-147.734427627649
5.96666666666667,-6.93889390390723e-18,0,-147.734427627649
6,-6.93889390390723e-18,0,-147.734427627649
6.03333333333333,-2.77555756156289e-17,-5.55111512312578e-17,-147.734427627649
6.06666666666667,0,0,-147.734427627649
6.1,6.93889390390723e-18,-5.55111512312578e-17,-147.734427627649
6.13333333333333,1.38777878078145e-17,-5.55111512312578e-17,-147.734427627649
6.16666666666667,-2.77555756156289e-17,0,-147.734427627649
6.2,0,0,-147.734427627649
6.23333333333333,1.38777878078145e-17,0,-147.734427627649
6.26666666666667,0,2.77555756156289e-17,-147.734427627649
6.3,0,2.77555756156289e-17,-147.734427627649
6.33333333333333,2.77555756156289e-17,2.77555756156289e-17,-147.734427627649
6.36666666666667,0,-5.55111512312578e-17,-147.734427627649
6.4,0,-2.77555756156289e-17,-147.734427627649
6.43333333333333,0,2.77555756156289e-17,-147.734427627649
6.46666666666667,-1.38777878078145e-17,-2.77555756156289e-17,-147.734427627649
6.5,1.38777878078145e-17,0,-147.734427627649
6.53333333333333,1.38777878078145e-17,5.55111512312578e-17,-147.734427627649
6.56666666666667,-2.77555756156289e-17,-2.77555756156289e-17,-147.734427627649
6.6,-1.38777878078145e-17,8.32667268468867e-17,-147.734427627649
6.63333333333333,0,2.77555756156289e-17,-147.734427627649
6.66666666666667,-2.08166817117217e-17,-2.77555756156289e-17,-147.734427627649
6.7,2.08166817117217e-17,2.77555756156289e-17,-147.734427627649
6.73333333333333,-1.38777878078145e-17,2.77555756156289e-17,-147.734427627649
6.76666666666667,6.93889390390723e-18,2.77555756156289e-17,-147.734427627649
6.8,0,-2.77555756156289e-17,-147.734427627649
6.83333333333333,0,0,-147.734427627649
6.86666666666667,6.93889390390723e-18,0,-147.734427627649
6.9,0,-2.77555756156289e-17,-147.734427627649
6.93333333333333,3.46944695195361e-18,-2.77555756156289e-17,-147.734427627649
6.96666666666667,-3.46944695195361e-18,0,-147.734427627649
7,0,0,-147.734427627649
7.03333333333333,-1.73472347597681e-18,-2.77555756156289e-17,-147.734427627649
7.06666666666667,-2.60208521396521e-18,0,-147.734427627649
7.1,-6.07153216591882e-18,0,-147.734427627649
7.13333333333333,3.14418630020796e-18,2.77555756156289e-17,-147.734427627649
7.16666666666667,3.46944695195361e-18,0,-147.734427627649
7.2,6.50521303491303e-18,-2.77555756156289e-17,-147.734427627649
7.23333333333333,-9.54097911787244e-18,8.32667268468867e-17,-147.734427627649
7.26666666666667,2.51534904016637e-17,-2.77555756156289e-17,-147.734427627649
7.3,1.73472347597681e-18,-2.77555756156289e-17,-147.734427627649
7.33333333333333,1.56125112837913e-17,-2.77555756156289e-17,-147.734427627649
7.36666666666667,-2.38524477946811e-18,0,-147.734427627649
7.4,-2.01661604082304e-17,-2.77555756156289e-17,-147.734427627649
7.43333333333333,-8.67361737988404e-18,5.55111512312578e-17,-147.734427627649
7.46666666666667,-2.60208521396521e-18,2.77555756156289e-17,-147.734427627649
7.5,5.20417042793042e-18,-2.77555756156289e-17,-147.734427627649
7.53333333333333,1.90819582357449e-17,0,-147.734427627649
7.56666666666667,3.46944695195361e-18,0,-147.734427627649
7.6,-3.12250225675825e-17,-2.77555756156289e-17,-147.734427627649
7.63333333333333,6.93889390390723e-18,-2.77555756156289e-17,-147.734427627649
7.66666666666667,0,8.32667268468867e-17,-147.734427627649
7.7,-6.93889390390723e-18,-5.55111512312578e-17,-147.734427627649
7.73333333333333,-2.08166817117217e-17,0,-147.734427627649
7.76666666666667,-1.38777878078145e-17,-2.77555756156289e-17,-147.734427627649
7.8,-1.38777878078145e-17,-5.55111512312578e-17,-147.734427627649
7.83333333333333,-6.93889390390723e-18,-5.55111512312578e-17,-147.734427627649
7.86666666666667,2.08166817117217e-17,5.55111512312578e-17,-147.734427627649
7.9,6.93889390390723e-18,0,-147.734427627649
7.93333333333333,-1.38777878078145e-17,-2.77555756156289e-17,-147.734427627649
7.96666666666667,-1.38777878078145e-17,0,-147.734427627649
8,-1.38777878078145e-17,-5.55111512312578e-17,-147.734427627649
8.03333333333333,-2.77555756156289e-17,2.77555756156289e-17,-147.734427627649
8.06666666666667,-1.38777878078145e-17,2.77555756156289e-17,-147.734427627649
8.1,0,8.32667268468867e-17,-147.734427627649
8.13333333333333,0,-1.11022302462516e-16,-147.734427627649
8.16666666666667,2.77555756156289e-17,0,-147.734427627649
8.2,-1.38777878078145e-17,5.55111512312578e-17,-147.734427627649
8.23333333333333,1.38777878078145e-17,-5.55111512312578e-17,-147.734427627649
8.26666666666667,3.46944695195361e-17,0,-147.734427627649
8.3,-1.38777878078145e-17,0,-147.734427627649
8.33333333333333,-1.38777878078145e-17,-1.11022302462516e-16,-147.734427627649
8.36666666666667,1.38777878078145e-17,-5.55111512312578e-17,-147.734427627649
8.4,6.93889390390723e-18,0,-147.734427627649
8.43333333333333,0,0,-147.734427627649
8.46666666666667,1.38777878078145e-17,5.55111512312578e-17,-147.734427627649
8.5,6.93889390390723e-18,-5.55111512312578e-17,-147.734427627649
8.53333333333333,6.93889390390723e-18,0,-147.734427627649
8.56666666666667,2.08166817117217e-17,5.55111512312578e-17,-147.734427627649
8.6,6.93889390390723e-18,0,-147.734427627649
8.63333333333333,3.46944695195361e-18,-5.55111512312578e-17,-147.734427627649
8.66666666666667,-3.46944695195361e-17,5.55111512312578e-17,-147.734427627649
8.7,2.08166817117217e-17,5.55111512312578e-17,-147.734427627649
8.73333333333333,-1.38777878078145e-17,5.55111512312578e-17,-147.734427627649
8.76666666666667,2.60208521396521e-17,5.55111512312578e-17,-147.734427627649
8.8,-2.77555756156289e-17,-5.55111512312578e-17,-147.734427627649
8.83333333333333,3.46944695195361e-18,0,-147.734427627649
8.86666666666667,3.46944695195361e-18,0,-147.734427627649
8.9,0,5.55111512312578e-17,-147.734427627649
8.93333333333333,-1.73472347597681e-17,-2.77555756156289e-17,-147.734427627649
8.96666666666667,1.38777878078145e-17,8.32667268468867e-17,-147.734427627649
9,-5.20417042793042e-18,0,-147.734427627649
9.03333333333333,-3.46944695195361e-18,2.77555756156289e-17,-147.734427627649
9.06666666666667,3.46944695195361e-18,-2.77555756156289e-17,-147.734427627649
9.1,-6.93889390390723e-18,0,-147.734427627649
9.13333333333333,-3.46944695195361e-18,0,-147.734427627649
9.16666666666667,1.38777878078145e-17,5.55111512312578e-17,-147.734427627649
9.2,1.04083408558608e-17,2.77555756156289e-17,-147.734427627649
9.23333333333333,-6.93889390390723e-18,0,-147.734427627649
9.26666666666667,6.93889390390723e-18,5.55111512312578e-17,-147.734427627649
9.3,-6.93889390390723e-18,0,-147.734427627649
9.33333333333333,1.38777878078145e-17,-2.77555756156289e-17,-147.734427627649
9.36666666666667,-6.93889390390723e-18,-2.77555756156289e-17,-147.734427627649
9.4,0,2.77555756156289e-17,-147.734427627649
9.43333333333333,6.93889390390723e-18,-2.77555756156289e-17,-147.734427627649
9.46666666666667,6.93889390390723e-18,0,-147.734427627649
9.5,1.38777878078145e-17,0,-147.734427627649
9.53333333333333,0,-2.77555756156289e-17,-147.734427627649
9.56666666666667,-6.93889390390723e-18,-5.55111512312578e-17,-147.734427627649
9.6,2.77555756156289e-17,5.55111512312578e-17,-147.734427627649
9.63333333333333,0,-2.77555756156289e-17,-147.734427627649
9.66666666666667,0,0,-147.734427627649
9.7,-2.77555756156289e-17,-2.77555756156289e-17,-147.734427627649
9.73333333333333,1.38777878078145e-17,0,-147.734427627649
9.76666666666667,1.38777878078145e-17,2.77555756156289e-17,-147.734427627649
9.8,-6.93889390390723e-18,-5.55111512312578e-17,-147.734427627649
9.83333333333333,2.08166817117217e-17,0,-147.734427627649
9.86666666666667,0,0,-147.734427627649
9.9,6.93889390390723e-18,2.77555756156289e-17,-147.734427627649
9.93333333333333,-2.42861286636753e-17,2.77555756156289e-17,-147.734427627649
9.96666666666667,3.46944695195361e-18,8.32667268468867e-17,-147.734427627649
10,-1.04083408558608e-17,2.77555756156289e-17,-147.734427627649
10.0333333333333,-1.73472347597681e-18,-5.55111512312578e-17,-147.734427627649
10.0666666666667,-1.38777878078145e-17,-2.77555756156289e-17,-147.734427627649
10.1,-1.21430643318376e-17,2.77555756156289e-17,-147.734427627649
10.1333333333333,1.38777878078145e-17,0,-147.734427627649
10.1666666666667,-2.21177243187043e-17,0,-147.734427627649
10.2,2.17924636669586e-17,0,-147.734427627649
10.2333333333333,-1.30104260698261e-18,2.77555756156289e-17,-147.734427627649
10.2666666666667,-2.77555756156289e-17,-8.32667268468867e-17,-147.734427627649
10.3,1.73472347597681e-17,0,-147.734427627649
10.3333333333333,8.67361737988404e-19,-5.55111512312578e-17,-147.734427627649
10.3666666666667,2.08166817117217e-17,-8.32667268468867e-17,-147.734427627649
10.4,-1.0842021724855e-17,2.77555756156289e-17,-147.734427627649
10.4333333333333,-1.38777878078145e-17,0,-147.734427627649
10.4666666666667,6.69494841509799e-18,0,-147.734427627649
10.5,1.12757025938492e-17,0,-147.734427627649
10.5333333333333,6.93889390390723e-18,5.55111512312578e-17,-147.734427627649
10.5666666666667,1.21430643318376e-17,0,-147.734427627649
10.6,2.25514051876985e-17,-5.55111512312578e-17,-147.734427627649
10.6333333333333,1.73472347597681e-17,-2.77555756156289e-17,-147.734427627649
10.6666666666667,0,0,-147.734427627649
10.7,1.38777878078145e-17,5.55111512312578e-17,-147.734427627649
10.7333333333333,-1.73472347597681e-17,-5.55111512312578e-17,-147.734427627649
10.7666666666667,0,0,-147.734427627649
10.8,0,5.55111512312578e-17,-147.734427627649
10.8333333333333,-6.93889390390723e-18,-5.55111512312578e-17,-147.734427627649
10.8666666666667,-6.93889390390723e-18,5.55111512312578e-17,-147.734427627649
10.9,0,5.55111512312578e-17,-147.734427627649
10.9333333333333,-2.08166817117217e-17,5.55111512312578e-17,-147.734427627649
10.9666666666667,0,-5.55111512312578e-17,-147.734427627649
11,3.46944695195361e-17,-5.55111512312578e-17,-147.734427627649
11.0333333333333,0,5.55111512312578e-17,-147.734427627649
11.0666666666667,4.16333634234434e-17,5.55111512312578e-17,-147.734427627649
11.1,0,-5.55111512312578e-17,-147.734427627649
11.1333333333333,1.38777878078145e-17,0,-147.734427627649
11.1666666666667,2.77555756156289e-17,0,-147.734427627649
11.2,2.77555756156289e-17,-5.55111512312578e-17,-147.734427627649
11.2333333333333,-2.08166817117217e-17,1.11022302462516e-16,-147.734427627649
11.2666666666667,2.08166817117217e-17,-5.55111512312578e-17,-147.734427627649
11.3,0,-5.55111512312578e-17,-147.734427627649
11.3333333333333,1.38777878078145e-17,0,-147.734427627649
11.3666666666667,1.38777878078145e-17,0,-147.734427627649
11.4,6.93889390390723e-18,-5.55111512312578e-17,-147.734427627649
11.4333333333333,6.93889390390723e-18,5.55111512312578e-17,-147.734427627649
11.4666666666667,1.38777878078145e-17,-2.77555756156289e-17,-147.734427627649
11.5,-6.93889390390723e-18,-5.55111512312578e-17,-147.734427627649
11.5333333333333,-6.93889390390723e-18,-8.32667268468867e-17,-147.734427627649
11.5666666666667,-2.42861286636753e-17,-2.77555756156289e-17,-147.734427627649
11.6,2.77555756156289e-17,2.77555756156289e-17,-147.734427627649
11.6333333333333,3.46944695195361e-18,-2.77555756156289e-17,-147.734427627649
11.6666666666667,1.04083408558608e-17,0,-147.734427627649
11.7,-3.46944695195361e-18,8.32667268468867e-17,-147.734427627649
11.7333333333333,-3.46944695195361e-18,-2.77555756156289e-17,-147.734427627649
11.7666666666667,6.93889390390723e-18,2.77555756156289e-17,-147.734427627649
11.8,2.37304750502765e-17,2.77555756156289e-17,-147.734427627649
11.8333333333333,9.10729824887824e-18,0,-147.734427627649
11.8666666666667,8.67361737988404e-19,-2.77555756156289e-17,-147.734427627649
11.9,-1.12757025938492e-17,0,-147.734427627649
11.9333333333333,-1.56125112837913e-17,0,-147.734427627649
11.9666666666667,8.67361737988404e-19,-2.77555756156289e-17,-147.734427627649
12,-2.60208521396521e-18,5.55111512312578e-17,-147.734427627649
12.0333333333333,0,2.77555756156289e-17,-147.734427627649
12.0666666666667,5.20417042793042e-18,0,-147.734427627649
12.1,-1.73472347597681e-18,2.77555756156289e-17,-147.734427627649
12.1333333333333,-3.03576608295941e-18,-2.77555756156289e-17,-147.734427627649
12.1666666666667,-7.39967982721357e-18,-2.77555756156289e-17,-147.734427627649
12.2,7.80625564189563e-18,0,-147.734427627649
12.2333333333333,-4.33680868994202e-18,2.77555756156289e-17,-147.734427627649
12.2666666666667,-1.73472347597681e-18,0,-147.734427627649
12.3,0,0,-147.734427627649
12.3333333333333,0,2.77555756156289e-17,-147.734427627649
12.3666666666667,-3.46944695195361e-18,5.55111512312578e-17,-147.734427627649
12.4,-3.46944695195361e-18,0,-147.734427627649
12.4333333333333,1.04083408558608e-17,-2.77555756156289e-17,-147.734427627649
12.4666666666667,1.73472347597681e-17,2.77555756156289e-17,-147.734427627649
12.5,6.93889390390723e-18,-2.77555756156289e-17,-147.734427627649
12.5333333333333,-6.93889390390723e-18,0,-147.734427627649
12.5666666666667,2.08166817117217e-17,-2.77555756156289e-17,-147.734427627649
12.6,-6.93889390390723e-18,0,-147.734427627649
12.6333333333333,-1.38777878078145e-17,5.55111512312578e-17,-147.734427627649
12.6666666666667,0,0,-147.734427627649
12.7,6.93889390390723e-18,-2.77555756156289e-17,-147.734427627649
12.7333333333333,-6.93889390390723e-18,-2.77555756156289e-17,-147.734427627649
12.7666666666667,0,2.77555756156289e-17,-147.734427627649
12.8,-6.93889390390723e-18,2.77555756156289e-17,-147.734427627649
12.8333333333333,-6.93889390390723e-18,0,-147.734427627649
12.8666666666667,0,-2.77555756156289e-17,-147.734427627649
12.9,0,8.32667268468867e-17,-147.734427627649
12.9333333333333,1.38777878078145e-17,-2.77555756156289e-17,-147.734427627649
12.9666666666667,6.93889390390723e-18,8.32667268468867e-17,-147.734427627649
13,-2.08166817117217e-17,0,-147.734427627649
13.0333333333333,1.73472347597681e-17,2.77555756156289e-17,-147.734427627649
13.0666666666667,-1.38777878078145e-17,-2.77555756156289e-17,-147.734427627649
13.1,3.12250225675825e-17,0,-147.734427627649
13.1333333333333,-2.08166817117217e-17,-5.55111512312578e-17,-147.734427627649
13.1666666666667,4.5102810375397e-17,2.77555756156289e-17,-147.734427627649
13.2,-1.04083408558608e-17,0,-147.734427627649
13.2333333333333,-8.67361737988404e-18,-2.77555756156289e-17,-147.734427627649
13.2666666666667,1.38777878078145e-17,5.55111512312578e-17,-147.734427627649
13.3,1.90819582357449e-17,5.55111512312578e-17,-147.734427627649
13.3333333333333,4.77048955893622e-18,0,-147.734427627649
13.3666666666667,1.84314369322536e-17,5.55111512312578e-17,-147.734427627649
13.4,8.10441123932915e-18,0,-147.734427627649
13.4333333333333,6.28837260041593e-18,-5.55111512312578e-17,-147.734427627649
13.4666666666667,-3.10081821330854e-17,0,-147.734427627649
13.5,-1.45283091113058e-17,-5.55111512312578e-17,-147.734427627649
13.5333333333333,-4.55364912443912e-18,0,-147.734427627649
13.5666666666667,-1.62630325872826e-18,5.55111512312578e-17,-147.734427627649
13.6,1.03541307472366e-17,0,-147.734427627649
13.6333333333333,2.86229373536173e-17,0,-147.734427627649
13.6666666666667,9.54097911787244e-18,0,-147.734427627649
13.7,-2.42861286636753e-17,-1.11022302462516e-16,-147.734427627649
13.7333333333333,-3.46944695195361e-17,-5.55111512312578e-17,-147.734427627649
13.7666666666667,1.38777878078145e-17,5.55111512312578e-17,-147.734427627649
13.8,6.93889390390723e-18,5.55111512312578e-17,-147.734427627649
13.8333333333333,-2.42861286636753e-17,0,-147.734427627649
13.8666666666667,3.46944695195361e-18,5.55111512312578e-17,-147.734427627649
13.9,3.46944695195361e-18,5.55111512312578e-17,-147.734427627649
13.9333333333333,6.93889390390723e-18,1.11022302462516e-16,-147.734427627649
13.9666666666667,-6.93889390390723e-18,-5.55111512312578e-17,-147.734427627649
14,0,-5.55111512312578e-17,-147.734427627649
14.0333333333333,0,0,-147.734427627649
14.0666666666667,-6.93889390390723e-18,0,-147.734427627649
14.1,-6.93889390390723e-18,-2.77555756156289e-17,-147.734427627649
14.1333333333333,-2.08166817117217e-17,-2.77555756156289e-17,-147.734427627649
14.1666666666667,6.93889390390723e-18,0,-147.734427627649
14.2,2.08166817117217e-17,-2.77555756156289e-17,-147.734427627649
14.2333333333333,-6.93889390390723e-18,2.77555756156289e-17,-147.734427627649
14.2666666666667,-6.93889390390723e-18,-2.77555756156289e-17,-147.734427627649
14.3,2.77555756156289e-17,2.77555756156289e-17,-147.734427627649
14.3333333333333,0,-2.77555756156289e-17,-147.734427627649
14.3666666666667,-2.77555756156289e-17,-2.77555756156289e-17,-147.734427627649
14.4,-6.93889390390723e-18,0,-147.734427627649
14.4333333333333,1.38777878078145e-17,2.77555756156289e-17,-147.734427627649
14.4666666666667,-6.93889390390723e-18,5.55111512312578e-17,-147.734427627649
14.5,1.38777878078145e-17,-2.77555756156289e-17,-147.734427627649
14.5333333333333,0,0,-147.734427627649
14.5666666666667,0,0,-147.734427627649
14.6,1.38777878078145e-17,2.77555756156289e-17,-147.734427627649
14.6333333333333,-3.46944695195361e-18,5.55111512312578e-17,-147.734427627649
14.6666666666667,1.04083408558608e-17,0,-147.734427627649
14.7,-1.73472347597681e-18,-2.77555756156289e-17,-147.734427627649
14.7333333333333,6.93889390390723e-18,0,-147.734427627649
14.7666666666667,4.33680868994202e-18,0,-147.734427627649
14.8,-2.3635607360184e-17,0,-147.734427627649
14.8333333333333,8.23993651088983e-18,0,-147.734427627649
14.8666666666667,-7.80625564189563e-18,2.77555756156289e-17,-147.734427627649
14.9,-1.56125112837913e-17,-2.77555756156289e-17,-147.734427627649
14.9333333333333,3.46944695195361e-18,0,-147.734427627649
14.9666666666667,-1.04083408558608e-17,2.77555756156289e-17,-147.734427627649
15,8.67361737988404e-18,0,-147.734427627649
15.0333333333333,-5.20417042793042e-18,-2.77555756156289e-17,-147.734427627649
15.0666666666667,1.21430643318376e-17,-5.55111512312578e-17,-147.734427627649
15.1,0,-2.77555756156289e-17,-147.734427627649
15.1333333333333,8.67361737988404e-18,0,-147.734427627649
15.1666666666667,-5.20417042793042e-18,0,-147.734427627649
15.2,3.46944695195361e-18,0,-147.734427627649
15.2333333333333,-1.04083408558608e-17,-2.77555756156289e-17,-147.734427627649
15.2666666666667,1.38777878078145e-17,2.77555756156289e-17,-147.734427627649
15.3,-5.63785129692462e-18,0,-147.734427627649
15.3333333333333,-9.48676900924816e-18,0,-147.734427627649
15.3666666666667,-3.90312782094782e-18,0,-147.734427627649
15.4,-1.56125112837913e-17,-2.77555756156289e-17,-147.734427627649
15.4333333333333,3.46944695195361e-18,0,-147.734427627649
15.4666666666667,-1.90819582357449e-17,2.77555756156289e-17,-147.734427627649
15.5,6.93889390390723e-18,2.77555756156289e-17,-147.734427627649
15.5333333333333,1.73472347597681e-17,-2.77555756156289e-17,-147.734427627649
15.5666666666667,-1.04083408558608e-17,0,-147.734427627649
15.6,-3.46944695195361e-18,-2.77555756156289e-17,-147.734427627649
15.6333333333333,-6.93889390390723e-18,0,-147.734427627649
15.6666666666667,6.93889390390723e-18,0,-147.734427627649
15.7,6.93889390390723e-18,-2.77555756156289e-17,-147.734427627649
15.7333333333333,-6.93889390390723e-18,-2.77555756156289e-17,-147.734427627649
15.7666666666667,-2.08166817117217e-17,-2.77555756156289e-17,-147.734427627649
15.8,-2.77555756156289e-17,2.77555756156289e-17,-147.734427627649
15.8333333333333,-1.38777878078145e-17,2.77555756156289e-17,-147.734427627649
15.8666666666667,0,0,-147.734427627649
15.9,6.93889390390723e-18,5.55111512312578e-17,-147.734427627649
15.9333333333333,1.38777878078145e-17,0,-147.734427627649
15.9666666666667,6.93889390390723e-18,0,-147.734427627649
16,-1.38777878078145e-17,0,-147.734427627649
16.0333333333333,6.93889390390723e-18,-5.55111512312578e-17,-147.734427627649
16.0666666666667,0,0,-147.734427627649
16.1,2.08166817117217e-17,-5.55111512312578e-17,-147.734427627649
16.1333333333333,-6.93889390390723e-18,5.55111512312578e-17,-147.734427627649
16.1666666666667,0,5.55111512312578e-17,-147.734427627649
16.2,0,5.55111512312578e-17,-147.734427627649
16.2333333333333,3.46944695195361e-18,0,-147.734427627649
16.2666666666667,-3.46944695195361e-18,-5.55111512312578e-17,-147.734427627649
16.3,-1.21430643318376e-17,0,-147.734427627649
16.3333333333333,1.38777878078145e-17,0,-147.734427627649
16.3666666666667,3.72965547335014e-17,5.55111512312578e-17,-147.734427627649
16.4,-1.12757025938492e-17,0,-147.734427627649
16.4333333333333,-6.50521303491303e-19,0,-147.734427627649
16.4666666666667,-4.77048955893622e-18,0,-147.734427627649
16.5,-2.51534904016637e-17,0,-147.734427627649
16.5333333333333,-9.54097911787244e-18,0,-147.734427627649
16.5666666666667,2.08166817117217e-17,5.55111512312578e-17,-147.734427627649
16.6,-1.90819582357449e-17,-5.55111512312578e-17,-147.734427627649
16.6333333333333,-1.21430643318376e-17,5.55111512312578e-17,-147.734427627649
16.6666666666667,-1.04083408558608e-17,-2.77555756156289e-17,-147.734427627649
16.7,-6.93889390390723e-18,0,-147.734427627649
16.7333333333333,-1.30104260698261e-17,2.77555756156289e-17,-147.734427627649
16.7666666666667,-1.21430643318376e-17,5.55111512312578e-17,-147.734427627649
16.8,-1.47451495458029e-17,2.77555756156289e-17,-147.734427627649
16.8333333333333,-1.86482773667507e-17,0,-147.734427627649
16.8666666666667,-8.34835672813838e-18,0,-147.734427627649
16.9,-3.46944695195361e-18,2.77555756156289e-17,-147.734427627649
16.9333333333333,-2.16840434497101e-17,2.77555756156289e-17,-147.734427627649
16.9666666666667,0,2.77555756156289e-17,-147.734427627649
17,1.73472347597681e-18,0,-147.734427627649
17.0333333333333,0,-5.55111512312578e-17,-147.734427627649
17.0666666666667,0,0,-147.734427627649
17.1,-6.93889390390723e-18,2.77555756156289e-17,-147.734427627649
17.1333333333333,-6.93889390390723e-18,0,-147.734427627649
17.1666666666667,-6.93889390390723e-18,0,-147.734427627649
17.2,-6.93889390390723e-18,2.77555756156289e-17,-147.734427627649
17.2333333333333,6.93889390390723e-18,-2.77555756156289e-17,-147.734427627649
17.2666666666667,0,0,-147.734427627649
17.3,1.38777878078145e-17,-2.77555756156289e-17,-147.734427627649
17.3333333333333,6.93889390390723e-18,0,-147.734427627649
17.3666666666667,0,0,-147.734427627649
17.4,6.93889390390723e-18,0,-147.734427627649
17.4333333333333,6.93889390390723e-18,2.77555756156289e-17,-147.734427627649
17.4666666666667,0,2.77555756156289e-17,-147.734427627649
17.5,2.08166817117217e-17,0,-147.734427627649
17.5333333333333,-6.93889390390723e-18,0,-147.734427627649
17.5666666666667,0,-2.77555756156289e-17,-147.734427627649
17.6,-3.46944695195361e-18,2.77555756156289e-17,-147.734427627649
17.6333333333333,0,0,-147.734427627649
17.6666666666667,0,0,-147.734427627649
17.7,1.04083408558608e-17,2.77555756156289e-17,-147.734427627649
17.7333333333333,1.04083408558608e-17,-2.77555756156289e-17,-147.734427627649
17.7666666666667,-1.73472347597681e-18,-2.77555756156289e-17,-147.734427627649
17.8,-1.73472347597681e-18,0,-147.734427627649
17.8333333333333,1.56125112837913e-17,-2.77555756156289e-17,-147.734427627649
17.8666666666667,-6.07153216591882e-18,0,-147.734427627649
17.9,8.67361737988404e-18,0,-147.734427627649
17.9333333333333,-5.42101086242752e-18,-2.77555756156289e-17,-147.734427627649
17.9666666666667,1.73472347597681e-18,-2.77555756156289e-17,-147.734427627649
18,-1.38777878078145e-17,0,-147.734427627649
18.0333333333333,-6.93889390390723e-18,0,-147.734427627649
18.0666666666667,-5.20417042793042e-18,2.77555756156289e-17,-147.734427627649
18.1,1.73472347597681e-18,5.55111512312578e-17,-147.734427627649
18.1333333333333,-1.73472347597681e-18,2.77555756156289e-17,-147.734427627649
18.1666666666667,2.08166817117217e-17,-2.77555756156289e-17,-147.734427627649
18.2,1.73472347597681e-17,2.77555756156289e-17,-147.734427627649
18.2333333333333,6.93889390390723e-18,0,-147.734427627649
18.2666666666667,1.04083408558608e-17,0,-147.734427627649
18.3,-5.20417042793042e-18,-2.77555756156289e-17,-147.734427627649
18.3333333333333,1.38777878078145e-17,2.77555756156289e-17,-147.734427627649
18.3666666666667,-3.46944695195361e-18,-2.77555756156289e-17,-147.734427627649
18.4,1.47451495458029e-17,-1.11022302462516e-16,-147.734427627649
18.4333333333333,-1.95156391047391e-17,0,-147.734427627649
18.4666666666667,-4.55364912443912e-18,0,-147.734427627649
18.5,3.46944695195361e-18,0,-147.734427627649
18.5333333333333,-2.77555756156289e-17,0,-147.734427627649
18.5666666666667,6.93889390390723e-18,0,-147.734427627649
18.6,3.46944695195361e-18,0,-147.734427627649
18.6333333333333,-2.08166817117217e-17,5.55111512312578e-17,-147.734427627649
18.6666666666667,1.04083408558608e-17,5.55111512312578e-17,-147.734427627649
18.7,-3.46944695195361e-18,0,-147.734427627649
18.7333333333333,1.04083408558608e-17,0,-147.734427627649
18.7666666666667,0,0,-147.734427627649
18.8,-6.93889390390723e-18,5.55111512312578e-17,-147.734427627649
18.8333333333333,-2.08166817117217e-17,0,-147.734427627649
18.8666666666667,-2.77555756156289e-17,5.55111512312578e-17,-147.734427627649
18.9,0,0,-147.734427627649
18.9333333333333,2.08166817117217e-17,0,-147.734427627649
18.9666666666667,2.08166817117217e-17,0,-147.734427627649
19,-2.77555756156289e-17,-1.11022302462516e-16,-147.734427627649
19.0333333333333,2.08166817117217e-17,-5.55111512312578e-17,-147.734427627649
19.0666666666667,-2.77555756156289e-17,0,-147.734427627649
19.1,-6.93889390390723e-18,-5.55111512312578e-17,-147.734427627649
19.1333333333333,0,0,-147.734427627649
19.1666666666667,-6.93889390390723e-18,5.55111512312578e-17,-147.734427627649
19.2,-3.46944695195361e-18,-2.77555756156289e-17,-147.734427627649
19.2333333333333,0,0,-147.734427627649
19.2666666666667,3.46944695195361e-18,-2.77555756156289e-17,-147.734427627649
19.3,0,0,-147.734427627649
19.3333333333333,-3.46944695195361e-18,0,-147.734427627649
19.3666666666667,8.67361737988404e-18,0,-147.734427627649
19.4,1.38777878078145e-17,0,-147.734427627649
19.4333333333333,-8.67361737988404e-19,0,-147.734427627649
19.4666666666667,-1.60461921527855e-17,-5.55111512312578e-17,-147.734427627649
19.5,2.62376925741492e-17,0,-147.734427627649
19.5333333333333,1.90819582357449e-17,-5.55111512312578e-17,-147.734427627649
19.5666666666667,1.56125112837913e-17,0,-147.734427627649
19.6,-8.67361737988404e-18,2.77555756156289e-17,-147.734427627649
19.6333333333333,1.04083408558608e-17,-2.77555756156289e-17,-147.734427627649
19.6666666666667,1.73472347597681e-18,-5.55111512312578e-17,-147.734427627649
19.7,1.56125112837913e-17,2.77555756156289e-17,-147.734427627649
19.7333333333333,1.38777878078145e-17,5.55111512312578e-17,-147.734427627649
19.7666666666667,-1.73472347597681e-17,5.55111512312578e-17,-147.734427627649
19.8,6.93889390390723e-18,0,-147.734427627649
19.8333333333333,-2.42861286636753e-17,0,-147.734427627649
19.8666666666667,-1.21430643318376e-17,0,-147.734427627649
19.9,-8.67361737988404e-18,-2.77555756156289e-17,-147.734427627649
19.9333333333333,-8.67361737988404e-18,-2.77555756156289e-17,-147.734427627649
19.9666666666667,-2.08166817117217e-17,-2.77555756156289e-17,-147.734427627649
20,-6.07153216591882e-18,5.55111512312578e-17,-147.734427627649
20.0333333333333,8.67361737988404e-18,-2.77555756156289e-17,-147.734427627649
20.0666666666667,-2.16840434497101e-18,0,-147.734427627649
20.1,-2.66713734431434e-17,0,-147.734427627649
20.1333333333333,1.73472347597681e-18,0,-147.734427627649
20.1666666666667,3.46944695195361e-18,0,-147.734427627649
20.2,3.46944695195361e-18,2.77555756156289e-17,-147.734427627649
20.2333333333333,2.42861286636753e-17,0,-147.734427627649
20.2666666666667,2.08166817117217e-17,-2.77555756156289e-17,-147.734427627649
20.3,2.08166817117217e-17,-2.77555756156289e-17,-147.734427627649
20.3333333333333,6.93889390390723e-18,0,-147.734427627649
20.3666666666667,-3.46944695195361e-18,0,-147.734427627649
20.4,3.46944695195361e-18,-2.77555756156289e-17,-147.734427627649
20.4333333333333,6.93889390390723e-18,2.77555756156289e-17,-147.734427627649
20.4666666666667,1.38777878078145e-17,-5.55111512312578e-17,-147.734427627649
20.5,6.93889390390723e-18,2.77555756156289e-17,-147.734427627649
20.5333333333333,-1.38777878078145e-17,0,-147.734427627649
20.5666666666667,-1.38777878078145e-17,0,-147.734427627649
20.6,2.08166817117217e-17,-5.55111512312578e-17,-147.734427627649
20.6333333333333,6.93889390390723e-18,-2.77555756156289e-17,-147.734427627649
20.6666666666667,2.77555756156289e-17,0,-147.734427627649
20.7,6.93889390390723e-18,0,-147.734427627649
20.7333333333333,-3.46944695195361e-18,8.32667268468867e-17,-147.734427627649
20.7666666666667,2.08166817117217e-17,5.55111512312578e-17,-147.734427627649
20.8,1.38777878078145e-17,0,-147.734427627649
20.8333333333333,1.73472347597681e-17,5.55111512312578e-17,-147.734427627649
20.8666666666667,-1.73472347597681e-17,-2.77555756156289e-17,-147.734427627649
20.9,0,5.55111512312578e-17,-147.734427627649
20.9333333333333,8.67361737988404e-18,2.77555756156289e-17,-147.734427627649
20.9666666666667,3.46944695195361e-18,-2.77555756156289e-17,-147.734427627649
21,1.99493199737333e-17,2.77555756156289e-17,-147.734427627649
21.0333333333333,1.23599047663348e-17,-5.55111512312578e-17,-147.734427627649
21.0666666666667,9.97465998686664e-18,0,-147.734427627649
21.1,-1.99493199737333e-17,0,-147.734427627649
21.1333333333333,-1.56125112837913e-17,5.55111512312578e-17,-147.734427627649
21.1666666666667,-6.93889390390723e-18,0,-147.734427627649
21.2,-3.46944695195361e-18,0,-147.734427627649
21.2333333333333,1.38777878078145e-17,5.55111512312578e-17,-147.734427627649
21.2666666666667,1.73472347597681e-17,5.55111512312578e-17,-147.734427627649
21.3,-1.73472347597681e-18,5.55111512312578e-17,-147.734427627649
21.3333333333333,1.38777878078145e-17,5.55111512312578e-17,-147.734427627649
21.3666666666667,8.67361737988404e-18,5.55111512312578e-17,-147.734427627649
21.4,1.73472347597681e-17,0,-147.734427627649
21.4333333333333,5.20417042793042e-18,0,-147.734427627649
21.4666666666667,3.81639164714898e-17,-5.55111512312578e-17,-147.734427627649
21.5,2.94902990916057e-17,0,-147.734427627649
21.5333333333333,-4.25007251614318e-17,5.55111512312578e-17,-147.734427627649
21.5666666666667,1.99493199737333e-17,5.55111512312578e-17,-147.734427627649
21.6,-2.16840434497101e-18,5.55111512312578e-17,-147.734427627649
21.6333333333333,1.51788304147971e-18,0,-147.734427627649
21.6666666666667,6.07153216591882e-18,0,-147.734427627649
21.7,-9.54097911787244e-18,1.11022302462516e-16,-147.734427627649
21.7333333333333,-1.38777878078145e-17,-5.55111512312578e-17,-147.734427627649
21.7666666666667,-8.67361737988404e-18,5.55111512312578e-17,-147.734427627649
21.8,-6.93889390390723e-18,2.77555756156289e-17,-147.734427627649
21.8333333333333,0,5.55111512312578e-17,-147.734427627649
21.8666666666667,-1.73472347597681e-17,2.77555756156289e-17,-147.734427627649
21.9,-3.46944695195361e-18,-5.55111512312578e-17,-147.734427627649
21.9333333333333,0,2.77555756156289e-17,-147.734427627649
21.9666666666667,1.04083408558608e-17,0,-147.734427627649
22,-2.08166817117217e-17,2.77555756156289e-17,-147.734427627649
22.0333333333333,-1.38777878078145e-17,0,-147.734427627649
22.0666666666667,-2.08166817117217e-17,-5.55111512312578e-17,-147.734427627649
22.1,-1.38777878078145e-17,2.77555756156289e-17,-147.734427627649
22.1333333333333,6.93889390390723e-18,0,-147.734427627649
22.1666666666667,1.38777878078145e-17,2.77555756156289e-17,-147.734427627649
22.2,0,2.77555756156289e-17,-147.734427627649
22.2333333333333,1.04083408558608e-17,0,-147.734427627649
22.2666666666667,0,0,-147.734427627649
22.3,-1.04083408558608e-17,-5.55111512312578e-17,-147.734427627649
22.3333333333333,-3.46944695195361e-18,0,-147.734427627649
22.3666666666667,-3.46944695195361e-18,0,-147.734427627649
22.4,0,-5.55111512312578e-17,-147.734427627649
22.4333333333333,1.73472347597681e-18,5.55111512312578e-17,-147.734427627649
22.4666666666667,1.04083408558608e-17,0,-147.734427627649
22.5,-2.60208521396521e-18,-2.77555756156289e-17,-147.734427627649
22.5333333333333,-6.50521303491303e-18,-2.77555756156289e-17,-147.734427627649
22.5666666666667,-7.37257477290143e-18,2.77555756156289e-17,-147.734427627649
22.6,-1.82145964977565e-17,0,-147.734427627649
22.6333333333333,-1.04083408558608e-17,0,-147.734427627649
22.6666666666667,-1.90819582357449e-17,0,-147.734427627649
22.7,1.73472347597681e-17,0,-147.734427627649
22.7333333333333,1.73472347597681e-18,-5.55111512312578e-17,-147.734427627649
22.7666666666667,1.38777878078145e-17,2.77555756156289e-17,-147.734427627649
22.8,3.46944695195361e-18,0,-147.734427627649
22.8333333333333,0,-2.77555756156289e-17,-147.734427627649
22.8666666666667,6.93889390390723e-18,-2.77555756156289e-17,-147.734427627649
22.9,3.46944695195361e-18,0,-147.734427627649
22.9333333333333,-1.04083408558608e-17,2.77555756156289e-17,-147.734427627649
22.9666666666667,-3.46944695195361e-17,0,-147.734427627649
23,-6.93889390390723e-18,2.77555756156289e-17,-147.734427627649
23.0333333333333,-3.46944695195361e-18,2.77555756156289e-17,-147.734427627649
23.0666666666667,-1.38777878078145e-17,0,-147.734427627649
23.1,5.20417042793042e-18,5.55111512312578e-17,-147.734427627649
23.1333333333333,1.56125112837913e-17,-5.55111512312578e-17,-147.734427627649
23.1666666666667,2.60208521396521e-17,0,-147.734427627649
23.2,-1.30104260698261e-18,0,-147.734427627649
23.2333333333333,-4.33680868994202e-19,5.55111512312578e-17,-147.734427627649
23.2666666666667,-1.82145964977565e-17,0,-147.734427627649
23.3,-3.46944695195361e-18,-2.77555756156289e-17,-147.734427627649
23.3333333333333,-6.93889390390723e-18,0,-147.734427627649
23.3666666666667,-2.60208521396521e-17,2.77555756156289e-17,-147.734427627649
23.4,-6.93889390390723e-18,0,-147.734427627649
23.4333333333333,-1.04083408558608e-17,-2.77555756156289e-17,-147.734427627649
23.4666666666667,6.93889390390723e-18,-2.77555756156289e-17,-147.734427627649
23.5,1.73472347597681e-17,2.77555756156289e-17,-147.734427627649
23.5333333333333,3.46944695195361e-18,-2.77555756156289e-17,-147.734427627649
23.5666666666667,-1.04083408558608e-17,2.77555756156289e-17,-147.734427627649
23.6,-2.08166817117217e-17,2.77555756156289e-17,-147.734427627649
23.6333333333333,0,0,-147.734427627649
23.6666666666667,6.93889390390723e-18,0,-147.734427627649
23.7,6.93889390390723e-18,0,-147.734427627649
23.7333333333333,3.46944695195361e-18,-1.11022302462516e-16,-147.734427627649
23.7666666666667,2.08166817117217e-17,0,-147.734427627649
23.8,6.93889390390723e-18,0,-147.734427627649
23.8333333333333,-3.46944695195361e-18,0,-147.734427627649
23.8666666666667,1.73472347597681e-17,0,-147.734427627649
23.9,-1.04083408558608e-17,0,-147.734427627649
23.9333333333333,-3.12250225675825e-17,0,-147.734427627649
23.9666666666667,-3.12250225675825e-17,0,-147.734427627649
24,-2.42861286636753e-17,-5.55111512312578e-17,-147.734427627649
24.0333333333333,-1.04083408558608e-17,0,-147.734427627649
24.0666666666667,-6.93889390390723e-18,-5.55111512312578e-17,-147.734427627649
24.1,2.60208521396521e-18,0,-147.734427627649
24.1333333333333,-1.47451495458029e-17,-5.55111512312578e-17,-147.734427627649
24.1666666666667,5.20417042793042e-18,5.55111512312578e-17,-147.734427627649
24.2,8.67361737988404e-19,0,-147.734427627649
24.2333333333333,0,0,-147.734427627649
24.2666666666667,-3.46944695195361e-18,0,-147.734427627649
24.3,0,-5.55111512312578e-17,-147.734427627649
24.3333333333333,-8.67361737988404e-18,0,-147.734427627649
24.3666666666667,1.38777878078145e-17,-2.77555756156289e-17,-147.734427627649
24.4,0,0,-147.734427627649
24.4333333333333,6.93889390390723e-18,0,-147.734427627649
24.4666666666667,-1.38777878078145e-17,0,-147.734427627649
24.5,-2.42861286636753e-17,-2.77555756156289e-17,-147.734427627649
24.5333333333333,6.93889390390723e-18,-2.77555756156289e-17,-147.734427627649
24.5666666666667,-2.08166817117217e-17,0,-147.734427627649
24.6,-5.20417042793042e-18,-8.32667268468867e-17,-147.734427627649
24.6333333333333,2.42861286636753e-17,-2.77555756156289e-17,-147.734427627649
24.6666666666667,2.77555756156289e-17,0,-147.734427627649
24.7,3.46944695195361e-18,-5.55111512312578e-17,-147.734427627649
24.7333333333333,-8.67361737988404e-19,2.77555756156289e-17,-147.734427627649
24.7666666666667,-1.73472347597681e-18,-2.77555756156289e-17,-147.734427627649
24.8,3.46944695195361e-18,2.77555756156289e-17,-147.734427627649
24.8333333333333,-5.63785129692462e-18,-2.77555756156289e-17,-147.734427627649
24.8666666666667,-1.12757025938492e-17,0,-147.734427627649
24.9,1.73472347597681e-17,0,-147.734427627649
24.9333333333333,5.20417042793042e-18,0,-147.734427627649
24.9666666666667,-2.60208521396521e-17,0,-147.734427627649
25,0,5.55111512312578e-17,-147.734427627649
25.0333333333333,1.04083408558608e-17,-2.77555756156289e-17,-147.734427627649
25.0666666666667,1.73472347597681e-17,-5.55111512312578e-17,-147.734427627649
25.1,-1.73472347597681e-17,0,-147.734427627649
25.1333333333333,-1.04083408558608e-17,0,-147.734427627649
25.1666666666667,3.46944695195361e-18,0,-147.734427627649
25.2,-1.04083408558608e-17,2.77555756156289e-17,-147.734427627649
25.2333333333333,0,-2.77555756156289e-17,-147.734427627649
25.2666666666667,-3.46944695195361e-18,0,-147.734427627649
25.3,1.04083408558608e-17,0,-147.734427627649
25.3333333333333,3.46944695195361e-18,-2.77555756156289e-17,-147.734427627649
25.3666666666667,6.93889390390723e-18,-2.77555756156289e-17,-147.734427627649
25.4,6.93889390390723e-18,-2.77555756156289e-17,-147.734427627649
25.4333333333333,-2.08166817117217e-17,0,-147.734427627649
25.4666666666667,-1.04083408558608e-17,2.77555756156289e-17,-147.734427627649
25.5,5.20417042793042e-18,-2.77555756156289e-17,-147.734427627649
25.5333333333333,3.46944695195361e-18,0,-147.734427627649
25.5666666666667,1.38777878078145e-17,-2.77555756156289e-17,-147.734427627649
25.6,-7.80625564189563e-18,5.55111512312578e-17,-147.734427627649
25.6333333333333,-1.04083408558608e-17,-2.77555756156289e-17,-147.734427627649
25.6666666666667,-4.69933879136686e-18,0,-147.734427627649
25.7,5.20417042793042e-18,2.77555756156289e-17,-147.734427627649
25.7333333333333,-1.38777878078145e-17,0,-147.734427627649
25.7666666666667,-1.21430643318376e-17,-2.77555756156289e-17,-147.734427627649
25.8,5.20417042793042e-18,-2.77555756156289e-17,-147.734427627649
25.8333333333333,1.04083408558608e-17,-2.77555756156289e-17,-147.734427627649
25.8666666666667,1.73472347597681e-17,0,-147.734427627649
25.9,-1.73472347597681e-17,0,-147.734427627649
25.9333333333333,1.04083408558608e-17,-8.32667268468867e-17,-147.734427627649
25.9666666666667,-2.08166817117217e-17,0,-147.734427627649
26,3.46944695195361e-18,-5.55111512312578e-17,-147.734427627649
26.0333333333333,3.46944695195361e-18,2.77555756156289e-17,-147.734427627649
26.0666666666667,0,5.55111512312578e-17,-147.734427627649
26.1,6.93889390390723e-18,-5.55111512312578e-17,-147.734427627649
26.1333333333333,6.93889390390723e-18,2.77555756156289e-17,-147.734427627649
26.1666666666667,1.04083408558608e-17,-8.32667268468867e-17,-147.734427627649
26.2,3.46944695195361e-18,-2.77555756156289e-17,-147.734427627649
26.2333333333333,1.73472347597681e-18,0,-147.734427627649
26.2666666666667,5.20417042793042e-18,0,-147.734427627649
26.3,-2.25514051876985e-17,5.55111512312578e-17,-147.734427627649
26.3333333333333,8.67361737988404e-19,-5.55111512312578e-17,-147.734427627649
26.3666666666667,-2.1467203015213e-17,0,-147.734427627649
26.4,9.75781955236954e-18,0,-147.734427627649
26.4333333333333,-1.90819582357449e-17,-1.11022302462516e-16,-147.734427627649
26.4666666666667,2.94902990916057e-17,0,-147.734427627649
26.5,-1.73472347597681e-18,0,-147.734427627649
26.5333333333333,3.46944695195361e-18,0,-147.734427627649
26.5666666666667,-1.73472347597681e-17,-5.55111512312578e-17,-147.734427627649
26.6,-3.46944695195361e-18,-5.55111512312578e-17,-147.734427627649
26.6333333333333,-1.73472347597681e-17,0,-147.734427627649
26.6666666666667,-2.77555756156289e-17,5.55111512312578e-17,-147.734427627649
26.7,-2.42861286636753e-17,0,-147.734427627649
26.7333333333333,-1.38777878078145e-17,0,-147.734427627649
26.7666666666667,-1.38777878078145e-17,-5.55111512312578e-17,-147.734427627649
26.8,0,-5.55111512312578e-17,-147.734427627649
26.8333333333333,-3.46944695195361e-18,1.11022302462516e-16,-147.734427627649
26.8666666666667,-1.73472347597681e-17,-5.55111512312578e-17,-147.734427627649
26.9,6.93889390390723e-18,0,-147.734427627649
26.9333333333333,0,2.77555756156289e-17,-147.734427627649
26.9666666666667,1.04083408558608e-17,2.77555756156289e-17,-147.734427627649
27,0,5.55111512312578e-17,-147.734427627649
27.0333333333333,0,0,-147.734427627649
27.0666666666667,3.12250225675825e-17,5.55111512312578e-17,-147.734427627649
27.1,6.93889390390723e-18,2.77555756156289e-17,-147.734427627649
27.1333333333333,-5.20417042793042e-18,5.55111512312578e-17,-147.734427627649
27.1666666666667,1.64798730217797e-17,0,-147.734427627649
27.2,-2.16840434497101e-18,0,-147.734427627649
27.2333333333333,1.6750923564901e-17,2.77555756156289e-17,-147.734427627649
27.2666666666667,7.80625564189563e-18,5.55111512312578e-17,-147.734427627649
27.3,3.46944695195361e-18,-2.77555756156289e-17,-147.734427627649
27.3333333333333,6.93889390390723e-18,-8.32667268468867e-17,-147.734427627649
27.3666666666667,1.73472347597681e-17,-2.77555756156289e-17,-147.734427627649
27.4,1.21430643318376e-17,5.55111512312578e-17,-147.734427627649
27.4333333333333,-1.73472347597681e-17,2.77555756156289e-17,-147.734427627649
27.4666666666667,6.93889390390723e-18,0,-147.734427627649
27.5,6.93889390390723e-18,-5.55111512312578e-17,-147.734427627649
27.5333333333333,-1.38777878078145e-17,-2.77555756156289e-17,-147.734427627649
27.5666666666667,0,0,-147.734427627649
27.6,-3.46944695195361e-18,-2.77555756156289e-17,-147.734427627649
27.6333333333333,-6.93889390390723e-18,-2.77555756156289e-17,-147.734427627649
27.6666666666667,3.46944695195361e-18,2.77555756156289e-17,-147.734427627649
27.7,-6.93889390390723e-18,-2.77555756156289e-17,-147.734427627649
27.7333333333333,1.04083408558608e-17,2.77555756156289e-17,-147.734427627649
27.7666666666667,-1.04083408558608e-17,0,-147.734427627649
27.8,-3.46944695195361e-18,-2.77555756156289e-17,-147.734427627649
27.8333333333333,1.21430643318376e-17,0,-147.734427627649
27.8666666666667,-1.73472347597681e-18,0,-147.734427627649
27.9,-8.67361737988404e-19,0,-147.734427627649
27.9333333333333,-9.10729824887824e-18,0,-147.734427627649
27.9666666666667,-5.42101086242752e-18,-2.77555756156289e-17,-147.734427627649
28,4.33680868994202e-19,2.77555756156289e-17,-147.734427627649
28.0333333333333,-2.60208521396521e-18,0,-147.734427627649
28.0666666666667,3.46944695195361e-18,0,-147.734427627649
28.1,1.38777878078145e-17,2.77555756156289e-17,-147.734427627649
28.1333333333333,-2.08166817117217e-17,5.55111512312578e-17,-147.734427627649
28.1666666666667,3.46944695195361e-18,0,-147.734427627649
28.2,-6.93889390390723e-18,2.77555756156289e-17,-147.734427627649
28.2333333333333,3.46944695195361e-18,0,-147.734427627649
28.2666666666667,-1.73472347597681e-17,-5.55111512312578e-17,-147.734427627649
28.3,-1.38777878078145e-17,5.55111512312578e-17,-147.734427627649
28.3333333333333,6.93889390390723e-18,-2.77555756156289e-17,-147.734427627649
28.3666666666667,0,0,-147.734427627649
28.4,0,-2.77555756156289e-17,-147.734427627649
28.4333333333333,1.04083408558608e-17,2.77555756156289e-17,-147.734427627649
28.4666666666667,1.38777878078145e-17,0,-147.734427627649
28.5,1.04083408558608e-17,-2.77555756156289e-17,-147.734427627649
28.5333333333333,0,2.77555756156289e-17,-147.734427627649
28.5666666666667,1.04083408558608e-17,0,-147.734427627649
28.6,2.94902990916057e-17,-2.77555756156289e-17,-147.734427627649
28.6333333333333,-3.29597460435593e-17,-2.77555756156289e-17,-147.734427627649
28.6666666666667,-1.04083408558608e-17,2.77555756156289e-17,-147.734427627649
28.7,-9.54097911787244e-18,-2.77555756156289e-17,-147.734427627649
28.7333333333333,-4.33680868994202e-18,-2.77555756156289e-17,-147.734427627649
28.7666666666667,2.02745806254789e-17,-2.77555756156289e-17,-147.734427627649
28.8,-9.97465998686664e-18,2.77555756156289e-17,-147.734427627649
28.8333333333333,2.60208521396521e-17,0,-147.734427627649
28.8666666666667,0,0,-147.734427627649
28.9,1.04083408558608e-17,0,-147.734427627649
28.9333333333333,-6.93889390390723e-18,5.55111512312578e-17,-147.734427627649
28.9666666666667,-6.93889390390723e-18,5.55111512312578e-17,-147.734427627649
29,-1.73472347597681e-17,-5.55111512312578e-17,-147.734427627649
29.0333333333333,2.08166817117217e-17,-5.55111512312578e-17,-147.734427627649
29.0666666666667,-3.46944695195361e-18,0,-147.734427627649
29.1,3.46944695195361e-18,0,-147.734427627649
29.1333333333333,1.04083408558608e-17,0,-147.734427627649
29.1666666666667,3.46944695195361e-18,-5.55111512312578e-17,-147.734427627649
29.2,3.46944695195361e-18,0,-147.734427627649
29.2333333333333,0,0,-147.734427627649
29.2666666666667,0,0,-147.734427627649
29.3,-1.73472347597681e-17,5.55111512312578e-17,-147.734427627649
29.3333333333333,-1.04083408558608e-17,-1.11022302462516e-16,-147.734427627649
29.3666666666667,-1.56125112837913e-17,0,-147.734427627649
29.4,1.21430643318376e-17,0,-147.734427627649
29.4333333333333,-8.67361737988404e-18,0,-147.734427627649
29.4666666666667,-1.21430643318376e-17,0,-147.734427627649
29.5,4.33680868994202e-18,-2.77555756156289e-17,-147.734427627649
29.5333333333333,-9.54097911787244e-18,1.11022302462516e-16,-147.734427627649
29.5666666666667,5.63785129692462e-18,2.77555756156289e-17,-147.734427627649
29.6,1.21430643318376e-17,0,-147.734427627649
29.6333333333333,-8.67361737988404e-18,0,-147.734427627649
29.6666666666667,-1.04083408558608e-17,0,-147.734427627649
29.7,5.20417042793042e-18,0,-147.734427627649
29.7333333333333,1.38777878078145e-17,0,-147.734427627649
29.7666666666667,-2.77555756156289e-17,-2.77555756156289e-17,-147.734427627649
29.8,-1.38777878078145e-17,0,-147.734427627649
29.8333333333333,-3.46944695195361e-18,-2.77555756156289e-17,-147.734427627649
29.8666666666667,1.04083408558608e-17,-2.77555756156289e-17,-147.734427627649
29.9,-6.93889390390723e-18,5.55111512312578e-17,-147.734427627649
29.9333333333333,0,-2.77555756156289e-17,-147.734427627649
29.9666666666667,3.46944695195361e-18,2.77555756156289e-17,-147.734427627649
30,3.46944695195361e-18,2.77555756156289e-17,-147.734427627649
