0,0,0.00527341211434168,0
0.0333333333333333,5.35643596181585e-06,0.00255967891791451,8.02500774157637
0.0666666666666667,2.13818937152534e-05,0.0025333644751241,7.24962219700982
0.1,4.79697389743e-05,0.00249013963350526,6.16409265811481
0.133333333333333,8.50011503524707e-05,0.00243090404313938,4.97733510844617
0.166666666666667,0.000132373768876712,0.00235683190161854,3.85452977498118
0.2,0.000189978289637637,0.00226930867697292,2.88971343205197
0.233333333333333,0.000257627945127121,0.00216986825203038,2.11423232687441
0.266666666666667,0.000334967664026653,0.0020601339111479,1.51947394414112
0.3,0.000421390916276399,0.00194176503220547,1.07808168537283
0.333333333333333,0.000515982119047402,0.00181641054943718,0.757959113079585
0.366666666666667,0.000617491192730835,0.00168566966077178,0.529481602860287
0.4,0.000724339137561148,0.00155105981231321,0.368219419421292
0.433333333333333,0.000834649573078992,0.00141399164356373,0.255273947087921
0.466666666666667,0.000946299900496513,0.00127575034824937,0.176589891912091
0.5,0.00105698581500453,0.00113748282759128,0.121976087306782
0.533333333333333,0.00116429352611303,0.00100018992632798,0.0841655144631962
0.566666666666667,0.0012657748993635,0.000864723108425216,0.0580341656747811
0.6,0.00135902164180464,0.000731784950427741,0.0399963056893428
0.633333333333333,0.00144173550815086,0.000601932941738342,0.0275555654061876
0.666666666666667,0.00151179234052556,0.000475586186418782,0.0189800972716396
0.7,0.00156729850825178,0.000353034713775029,0.0130713058312666
0.733333333333333,0.00160663891262708,0.000234451188705691,0.00900106234763808
0.766666666666667,0.00162851633032127,0.000119904904714118,0.00619782268239995
0.8,0.0016319821123393,9.37792832129492e-06,0.00426744613793585
0.833333333333333,0.00161645856046475,-9.72167110979529e-05,0.00293825122924421
0.866666666666667,0.00158175327819896,-0.000200015092327311,0.00202305072975466
0.9,0.00152805884823303,-0.000299181021500444,0.00139292008300802
0.933333333333333,0.00145551169184415,-0.000394883701419084,0.000959065924711625
0.966666666666667,0.00136493210917659,-0.000487274880914732,0.000660343354007956
1,0.00125787828994866,-0.000576466072857811,0.000454671280289799
1.03333333333333,0.00113628877216346,-0.000662508335354558,0.000313032541586795
1.06666666666667,0.00100242083821133,-0.000745373293426169,0.000215481954919325
1.1,0.000858775941836864,-0.000824939052378453,0.000148282021216039
1.13333333333333,0.000708021699694902,-0.000900979662089723,0.000101976162321165
1.16666666666667,0.000552910905151512,-0.000973160152278578,7.0059254903866e-05
1.2,0.000396202417230584,-0.00104103735724091,4.80503151267214e-05
1.23333333333333,0.000240586389072333,-0.00110406568428746,3.28648666609846e-05
1.26666666666667,8.86160856677388e-05,-0.00116160812737498,2.23814050769622e-05
1.3,-5.73528547746011e-05,-0.00121295197366547,1.51391784424608e-05
1.33333333333333,-0.000195213522489507,-0.00125732795949655,1.01342494474784e-05
1.36666666666667,-0.000323150469742333,-0.00129393267592044,6.67524337059207e-06
1.4,-0.000439671544863283,-0.00132195133671413,4.28841936973797e-06
1.43333333333333,-0.000543632512830426,-0.00134058259493993,2.64702793980828e-06
1.46666666666667,-0.000634252136434404,-0.00134906208496849,1.52709667712163e-06
1.5,-0.000710864531113887,-0.00134668499541111,7.74076388773889e-07
1.53333333333333,-0.000773169080606019,-0.00133279291224511,2.81753115288717e-07
1.56666666666667,-0.000821586976445688,-0.00130631776112166,-2.36555045373351e-08
1.6,-0.000856936096591211,-0.00126655941896089,-1.93929899832372e-07
1.63333333333333,-0.00088038378064754,-0.00121314589239397,-2.65928128791534e-07
1.66666666666667,-0.000893388502763032,-0.00114590749193859,-2.66693273329551e-07
1.7,-0.000897510349927064,0.00163562925779756,-6.93504897701112
1.73333333333333,-0.000889873227348652,0.00170474809551608,-5.06139521813897
1.76666666666667,-0.000869106252237293,0.00176471896597453,-3.85592307751811
1.8,-0.000834965457636412,0.00181525749075168,-3.03492930150549
1.83333333333333,-0.000787427895916657,0.00185616988140794,-2.45073374588781
1.86666666666667,-0.00072675766514877,0.00188732506643743,-2.02030991914959
1.9,-0.00065352129337372,0.0019086403624834,-1.69406970202266
1.93333333333333,-0.00056857901084991,0.00192007389135407,-1.44091426698889
1.96666666666667,-0.000473062814700844,0.00192145774457701,-1.24053845716504
2,-0.000368346470740836,0.00191253007958698,-1.07922857988749
2.03333333333333,-0.000256010318328016,0.00189335418948705,-0.947452021633431
2.06666666666667,-0.000137802659815002,0.00186404467606713,-0.838415851881969
2.1,-1.55991431167023e-05,0.0018247617264965,-0.747173532320688
2.13333333333333,0.000108638636308866,0.00177571134449738,-0.670053864551067
2.16666666666667,0.000232904268198379,0.00171714569496013,-0.60428583364052
2.2,0.000355186495673883,0.00164936340609145,-0.547746141624801
2.23333333333333,0.000473507219267969,0.00157270971186879,-0.498785687257529
2.26666666666667,0.000585956976433002,0.00148757635200684,-0.456107934460413
2.3,0.000690727436633405,0.00139440116258468,-0.418682173212217
2.33333333333333,0.000786140579723288,0.00129366730697508,-0.385680717385897
2.36666666666667,0.000870674472564391,0.00118590211603565,-0.356432723535979
2.4,0.000942985478981758,0.00107167550517943,-0.330389844453032
2.43333333333333,0.00100192706090413,0.000951597970504873,-0.30710032312308
2.46666666666667,0.00104656511231433,0.000826318139075251,-0.28618928713915
2.5,0.0010761901326407,0.000696519907942311,-0.267343554833655
2.53333333333333,0.00109032623758627,0.000562919171015167,-0.250299844882345
2.56666666666667,0.00108873720022203,0.000426260165617358,-0.234835530795134
2.6,0.00107133868987988,0.000287311471196823,-0.220761334364983
2.63333333333333,0.00103787482917517,0.00014686181089435,-0.207915503359396
2.66666666666667,0.000988842416639316,5.71517185782271e-06,-0.196159144951554
2.7,0.000925110686520219,-0.000135313145963965,-0.185372459222301
2.73333333333333,0.000847813882172103,-0.00027540232493804,-0.175451668610854
2.76666666666667,0.000758326303144832,-0.000413730368326666,-0.166306517511474
2.8,0.000658232032201673,-0.000549479581413657,-0.15785820908226
2.83333333333333,0.000549290992686948,-0.000681841680161835,-0.150037704392473
2.86666666666667,0.000433402159250888,-0.000810022900294531,-0.142784307071529
2.9,0.000312564960727362,-0.000933249078347351,-0.136044481495733
2.93333333333333,0.000188840071417572,-0.00105077058528705,-0.129770862257295
2.96666666666667,6.43110178745865e-05,-0.00116186702061962,-0.123921423116349
3,-5.89543028877205e-05,-0.00126585188022297,-0.118458765209394
3.03333333333333,-0.000178938498311886,-0.00136207671046547,-0.113349523779904
3.06666666666667,-0.000293708517917859,-0.00144993525301025,-0.10856385403766
3.1,-0.00040144575735661,-0.00152886715000621,-0.104074995622047
3.13333333333333,-0.000500472751182238,-0.00159836129010052,-0.0998588993569954
3.16666666666667,-0.000589277464157468,-0.0016579590407659,-0.0958939024089555
3.2,-0.000666533470600995,-0.00170725704796435,-0.0921604502716963
3.23333333333333,-0.000731116973329588,-0.00174590980802538,-0.0886408551972759
3.26666666666667,-0.000782120423745407,-0.00177363183920601,-0.0853190867988207
3.3,-0.000818863222292512,-0.00179019973118691,-0.0821805887513864
3.33333333333333,-0.00084089911407368,-0.00179545376234361,-0.0792121195950921
3.36666666666667,-0.00084770698178531,-0.0017889852647652,-0.0764016124402912
3.4,-0.000839034172060703,-0.00177028463358023,-0.0737380525390514
3.43333333333333,-0.000815225954823065,-0.00173940485172449,-0.071211368895333
3.46666666666667,-0.000776912103552596,-0.0016965001068007,-0.0688123392063931
3.5,-0.000724990837807473,-0.00164182047962411,-0.06653250531004
3.53333333333333,-0.000660607627200935,-0.00157571020991427,-0.0643640987071763
3.56666666666667,-0.000585128311385423,-0.00149860538624298,-0.0622999740417255
3.6,-0.000500108208202196,-0.00141103028641795,-0.0603335502608312
3.63333333333333,-0.000407257757792477,-0.00131359275850854,-0.0584587578563944
3.66666666666667,-0.000308406209063213,-0.00120697863029943,-0.0566699920162848
3.7,-0.000205463802192769,-0.00109194528129975,-0.0549620704641107
3.73333333333333,-0.00010038413970425,-0.00096931447900346,-0.0533301958860696
3.76666666666667,4.87315920059356e-06,-0.000839964589406049,-0.0517699220032799
3.8,0.000108377886100157,-0.000704822359294423,-0.0502771232340231
3.83333333333333,0.000208263018667903,-0.000564854294151389,-0.0488479672133025
3.86666666666667,0.00030275542811589,-0.000421057934204138,-0.0474788901438579
3.9,0.000390204097536656,-0.000274452949817067,-0.0461665744037801
3.93333333333333,0.00046910471313077,-0.000126072436235186,-0.0449079284037198
3.96666666666667,0.000538121410249381,2.30457696358448e-05,-0.0437000682389847
4,0.00059610480674505,0.000171867323302031,-0.0425403011410875
4.03333333333333,0.000642107164009692,0.000319369422755326,-0.0414261103663879
4.06666666666667,0.000675394035138272,0.000464548227019704,-0.0403551415331007
4.1,0.000695453155133548,0.000606425979938814,-0.0393251901159231
4.13333333333333,0.000702000108339201,0.000744057393034329,-0.038334190113058
4.16666666666667,0.00069490113475456,0.000876535674662519,-0.0373802036511126
4.2,0.000673944445694567,0.00100299773114572,-0.0364614115447714
4.23333333333333,0.000639548907000429,0.00112262940485931,-0.0355761046097024
4.26666666666667,0.000592454915181888,0.00123466886314632,-0.0347226757572077
4.3,0.000533648407719056,0.00133841121507015,-0.0338996127232478
4.33333333333333,0.000464337925232319,0.00143321120369893,-0.0331054914378897
4.36666666666667,0.000385926966380396,0.00151848595929237,-0.0323389699073869
4.4,0.000299982849674178,0.00159371727278791,-0.0315987826237317
4.43333333333333,0.000208202677287625,0.00165845342742553,-0.0308837353960108
4.46666666666667,0.000112377913813712,0.00171231060619583,-0.0301927006167277
4.5,1.4357901797182e-05,0.00175497405222939,-0.02952461287604
4.53333333333333,-8.39860553436964e-05,0.00178619883242747,-0.0288784649358644
4.56666666666667,-0.000180796046129254,0.00180581039132235,-0.028253303991684
4.6,-0.000274260805063432,0.00181370480945836,-0.0276482282330893
4.63333333333333,-0.000362647185004699,0.00180953323743541,-0.0270623836429677
4.66666666666667,-0.000444328702661083,0.00179281330466106,-0.026494961045928
4.7,-0.000517811384706684,0.00176368822624082,-0.0259451933550956
4.73333333333333,-0.000581756228469819,0.00172240711277066,-0.025412353027358
4.76666666666667,-0.000634999186926218,0.001669312789495,-0.0248957496851632
4.8,-0.000676567143753765,0.00160483770313799,-0.0243947279129649
4.83333333333333,-0.000705691419379579,0.00152949875956113,-0.0239086651937159
4.86666666666667,-0.00072181785882417,0.00144389152538372,-0.0234369699935325
4.9,-0.000724515023887164,0.00134868363406315,-0.0229790799639468
4.93333333333333,-0.000713293207219876,0.00124460780597352,-0.0225344602700268
4.96666666666667,-0.000688271307831317,0.0011324540158582,-0.0221026020269584
5,-0.000649879146737284,0.00101306236257094,-0.0216830208411483
5.03333333333333,-0.00059880864963267,0.000887314255012135,-0.0212752554282835
5.06666666666667,-0.000535998195490076,0.000756124813898663,-0.0208788663229902
5.1,-0.000462611454373667,0.000620434748768156,-0.020493434659951
5.13333333333333,-0.000380011580611859,0.000481202478329571,-0.0201185610331981
5.16666666666667,-0.000289731412192631,0.000339396444762281,-0.0197538644168968
5.2,-0.000193440947570368,0.000195987826442039,-0.0193989811542014
5.23333333333333,-9.29125972940595e-05,5.19434664035164e-05,-0.0190535639993663
5.26666666666667,1.00142563960049e-05,-9.17806444733817e-05,-0.0187172812195379
5.3,0.000113469158022317,-0.000234245580803208,-0.0183898157431699
5.33333333333333,0.000215585373548224,-0.000374535119301373,-0.0180708643611858
5.36666666666667,0.000314533679692222,-0.000511760997910428,-0.0177601369693705
5.4,0.000408553719349224,-0.00064506762477214,-0.0174573558577707
5.43333333333333,0.000495983348691555,-0.000773636376177516,-0.0171622550369211
5.46666666666667,0.000575284769655085,-0.000896689400402948,-0.0168745796062967
5.5,0.000645068122259448,-0.0010134930075615,-0.0165940851559835
5.53333333333333,0.000704111574565485,-0.00112336063984021,-0.0163205372065511
5.56666666666667,0.000751378708652441,-0.00122565544547747,-0.0160537106791689
5.6,0.000786032460517091,-0.00131979251465273,-0.0157933894004955
5.63333333333333,0.000807446397223151,-0.00140524074895506,-0.0155393656353296
5.66666666666667,0.000815212766395083,-0.0014815244719251,-0.015291439651058
5.7,0.000809080883690808,-0.00154822470772775,-0.0150494193078387
5.73333333333333,0.000788690482527013,-0.00160498034558679,-0.014813119677805
5.76666666666667,0.000754291922770607,-0.00165148850198854,-0.0145823626802231
5.8,0.000706474446268672,-0.0016875060538009,-0.0143569767451779
5.83333333333333,0.000646081772641915,-0.0017128491061377,-0.0141367965076609
5.86666666666667,0.000574193424880498,-0.00172739367102876,-0.0139216625267917
5.9,0.00049210099551685,-0.00173106126525987,-0.0137114210258426
5.93333333333333,0.000401280188443818,-0.00172338187981397,-0.0135059236549158
5.96666666666667,0.00030335969287391,-0.00170420507866637,-0.0133050272715268
6,0.000200087159100342,-0.0016736868995651,-0.0131085937412918
6.03333333333333,9.32943491363553e-05,-0.00163206242937036,-0.012916489753027
6.06666666666667,-1.51383999357111e-05,-0.00157964343388238,-0.0127285866500726
6.1,-0.000123317739655069,-0.00151681541932591,-0.0125447602742596
6.13333333333333,-0.000229371213993251,-0.00144403409834417,-0.012364890821518
6.16666666666667,-0.000331479953382816,-0.00136182131969302,-0.0121888627071809
6.2,-0.000427908687757641,-0.00127076053667571,-0.0120165644397613
6.23333333333333,-0.000517033565083742,-0.00117149185879013,-0.0118478885012981
6.26666666666667,-0.000597366688211513,-0.00106470674377287,-0.0116827312331839
6.3,-0.000667578037972637,-0.000951142414081508,-0.0115209927259097
6.33333333333333,-0.000726513926020024,-0.000831576025637636,-0.0113625767117238
6.36666666666667,-0.000773212745744492,-0.000706818700606229,-0.0112073904589722
6.4,-0.000806917364729931,-0.000577709427888239,-0.0110553446673589
6.43333333333333,-0.000827084883379679,-0.000445108957792289,-0.0109063533631205
6.46666666666667,-0.000833357715318114,-0.000309893674928605,-0.01076033379369
6.5,-0.000825238834890813,-0.000172949449153329,-0.0106172063212105
6.53333333333333,-0.000802777621001112,-3.51663226913971e-05,-0.010476894321815
6.56666666666667,-0.000766407576633097,0.000102568329025123,-0.0103393240824092
6.6,-0.000716823070354684,0.000239374449490652,-0.0102044246872198
6.63333333333333,-0.000654963551053653,0.000374384842489565,-0.0100721279004722
6.66666666666667,-0.000581992514988939,0.000506750435339428,-0.00994236804718861
6.7,-0.000499271733819368,0.000635644905691791,-0.00981508189096646
6.73333333333333,-0.000408331886821286,0.000760269277516209,-0.00969020851093997
6.76666666666667,-0.000310840140495169,0.000879856125920229,-0.00956768917727732
6.8,-0.000208566084250648,0.000993673487901811,-0.00944746722766359
6.83333333333333,-0.00010334640034775,0.00110102848558601,-0.00932948794404436
6.86666666666667,2.95020463746381e-06,0.00120127061481202,-0.00921369843238429
6.9,0.00010845772245861,0.00129379477325674,-0.00910004750452288
6.93333333333333,0.000211345758119943,0.00137804394449661,-0.0089884855649505
6.96666666666667,0.000309850878328317,0.00145351166482241,-0.00887896450139662
7,0.000402305119715868,0.00151974414157428,-0.0087714375819067
7.03333333333333,0.000487162180357517,0.00157634220338214,-0.00866585935714652
7.06666666666667,0.00056302026039132,0.00162296290626088,-0.00856218557029761
7.1,0.000628642255563438,0.0016593210168111,-0.00846037307319868
7.13333333333333,0.000682972504829937,0.0016851901615683,-0.00836037975067292
7.16666666666667,0.000725150845046108,0.00170040388894218,-0.00826216445169991
7.2,0.000754523373783214,0.00170485580584065,-0.0081656869288904
7.23333333333333,0.000770650643242489,0.0016981191408135,-0.00807090778494129
7.26666666666667,0.000773308240097092,0.00167989411844802,-0.00797778842751568
7.3,0.000762182781260735,0.00165029021638625,-0.00788629103027979
7.33333333333333,0.000737337406006823,0.00160950175105227,-0.00779637849745724
7.36666666666667,0.000699296736812561,0.00155780595219473,-0.00770801443206272
7.4,0.000648834317291286,0.00149556078005986,-0.0076211631191022
7.43333333333333,0.00058695470909007,0.001423202282632,-0.00753578951693594
7.46666666666667,0.000514870914099736,0.00134124051948463,-0.00745185925433292
7.5,0.000433977403044502,0.00125025521801433,-0.00736933863346514
7.53333333333333,0.00034582008527395,0.00115089064061354,-0.00728819463737518
7.56666666666667,0.000252063654315194,0.00104384992274331,-0.0072083949415965
7.6,0.000154457762487889,0.000929888938156322,-0.00712990792851102
7.63333333333333,5.48023000567144e-05,0.000809809758729897,-0.00705270270429215
7.66666666666667,-4.50866972541308e-05,0.000684453839004445,-0.00697674911683334
7.7,-0.000143410536123884,0.000554694951776758,-0.00690201777475863
7.73333333333333,-0.000238419318871909,0.000421432068191512,-0.00682848006587898
7.76666666666667,-0.00032844169548446,0.000285582127378761,-0.006756108175379
7.8,-0.000411911684170642,0.000148072961280424,-0.00668487510218157
7.83333333333333,-0.000487393145385914,9.83623236000559e-06,-0.00661475467389444
7.86666666666667,-0.000553600916785455,-0.000128199295410543,-0.00654572155895001
7.9,-0.000609419337034805,-0.000265114372098049,-0.0064777512763853
7.93333333333333,-0.000653917392485201,-0.000400005408780322,-0.0064108202020887
7.96666666666667,-0.00068636122805218,-0.000531990439344127,-0.00634490557192918
8,-0.000706223446976948,-0.000660214525226316,-0.00627998548084325
8.03333333333333,-0.000713176513956803,-0.000783854933590781,-0.00621603887819787
8.06666666666667,-0.00070679238261002,-0.000902125609553616,-0.00615304555899685
8.1,-0.000687075806073112,-0.00101428189522238,-0.00609098615602732
8.13333333333333,-0.00065443382659125,-0.00111962386752213,-0.0060298421285644
8.16666666666667,-0.000609522078512698,-0.00121749987565381,-0.00596959573876326
8.2,-0.000553229719032351,-0.00130730971586695,-0.00591023002232436
8.23333333333333,-0.000486659313319892,-0.00138850717811496,-0.00585172875411763
8.26666666666667,-0.000411102297592314,-0.00146060230082114,-0.00579407640872013
8.3,-0.000328010760101533,-0.00152316336952416,-0.00573725811630706
8.33333333333333,-0.000238966684368093,-0.00157581845691899,-0.00568125961491563
8.36666666666667,-0.000145649095627185,-0.00161825680961705,-0.0056260671990069
8.4,-4.98005644686985e-05,-0.00165022984545993,-0.00557166766593199
8.43333333333333,4.68067503094019e-05,-0.00167155198231602,-0.0055180482600783
8.46666666666667,0.000142404034021025,-0.00168210116914287,-0.00546519661661492
8.5,0.000235257842987302,-0.00168171604601421,-0.00541310070448008
8.53333333333333,0.000323699830709044,-0.00166986796682398,-0.00536174877076685
8.56666666666667,0.000406154837412767,-0.00164657482135593,-0.00531112928567113
8.6,0.00048116538846083,-0.00161201954710744,-0.00526123089114154
8.63333333333333,0.000547414628132395,-0.00156646994933736,-0.00521204235067766
8.66666666666667,0.000603745317901224,-0.00151027589255796,-0.00516355250437558
8.7,0.000649176440814148,-0.00144386560106899,-0.00511575022743382
8.73333333333333,0.000682916579274859,-0.00136774131417027,-0.00506862439404751
8.76666666666667,0.000704374629612446,-0.00128247417667582,-0.00502216384626962
8.8,0.000713167429527884,-0.00118869868497598,-0.00497635736909574
8.83333333333333,0.000709051060852792,-0.00108710651627966,-0.00493119367122387
8.86666666666667,0.000691722756973656,-0.000978440164111976,-0.00488666137118497
8.9,0.00066144246735188,-0.000863485774620415,-0.00484274898357143
8.93333333333333,0.000618767997616174,-0.000743066941599359,-0.00479944491610049
8.96666666666667,0.000564494562306654,-0.000618036784266578,-0.00475673747855892
9,0.000499637079751211,-0.000489271306113485,-0.00471461489857141
9.03333333333333,0.000425407768472576,-0.000357662309703794,-0.00467306534389688
9.06666666666667,0.000343189925305879,-0.000224110503406737,-0.00463207695060708
9.1,0.000254508457213104,-8.95188211538116e-05,-0.00459163785656836
9.13333333333333,0.000160998422263415,4.52139128376168e-05,-0.00455173623879816
9.16666666666667,6.43719598342796e-05,0.000179199130773424,-0.00451236035444205
9.2,-3.36149519262887e-05,0.000311564188017734,-0.00447349858346249
9.23333333333333,-0.000131195792606045,0.000441457770049934,-0.00443513947300963
9.26666666666667,-0.000226625423408554,0.000568054809265063,-0.0043972717813375
9.3,-0.000318210825703644,0.000690561076104031,-0.00435988452147231
9.33333333333333,-0.000404339367014793,0.000808217305891041,-0.00432296700246778
9.36666666666667,-0.000483505062542197,0.000920302967697133,-0.00428650886867206
9.4,-0.000554331750322975,0.00102613961637294,-0.00425050013499046
9.43333333333333,-0.000615593843840276,0.00112509387946667,-0.00421493121873202
9.46666666666667,-0.000666233796655865,0.00121658008872171,-0.00417979296631167
9.5,-0.000705377019987874,0.0013000625566037,-0.0041450766754837
9.53333333333333,-0.000732343580906387,0.00137505756376515,-0.00411077411175868
9.56666666666667,-0.000746657375738743,0.00144113501196488,-0.00407687751968522
9.6,-0.000747984291888767,0.00149791985156251,-0.00404337962808357
9.63333333333333,-0.000735915175694919,0.00154509327706673,-0.00401027365115424
9.66666666666667,-0.000710595208133678,0.0015823932712504,-0.00397755328960648
9.7,-0.000672475649075644,0.00160961603708808,-0.00394521272253283
9.73333333333333,-0.000622250367388445,0.00162661578896503,-0.00391324658814284
9.76666666666667,-0.000560840494205371,0.00163330529184177,-0.00388164995888815
9.8,-0.000489374148839664,0.00162940862299641,-0.00385041831118817
9.83333333333333,-0.000409161981973299,0.00161457539549496,-0.00381954749019723
9.86666666666667,-0.000321669233229313,0.00158891981849464,-0.00378903367046851
9.9,-0.000228485156792331,0.00155263837168578,-0.00375887331324383
9.93333333333333,-0.000131291094830019,0.00150600289491559,-0.00372906312191378
9.96666666666667,-3.18271291734765e-05,0.00144935798258435,-0.00369959999505829
10,6.81407994379334e-05,0.00138311773546353,-0.0036704809795706
10.0333333333333,0.000166853483110438,0.00130776192438048,-0.00364170322329453
10.0666666666667,0.00026258937002439,0.00122383167640238,-0.00361326392908881
10.1,0.00035369400889971,0.00113192469286121,-0.00358516030996023
10.1333333333333,0.000438606857298586,0.0010326900966181,-0.00355738954702392
10.1666666666667,0.000515885933712917,0.000926822960899574,-0.00352994874973416
10.2,0.000584229333357065,0.000815058585798314,-0.00350283492001436
10.2333333333333,0.000642494267478426,0.000698166606753987,-0.00347604491962448
10.2666666666667,0.000689712851556774,0.000576944972556746,-0.00344957544215141
10.3,0.000725105346709874,0.000452213896700624,-0.00342342298895403
10.3333333333333,0.000748090261071775,0.000324809793865466,-0.00339758385015631
10.3666666666667,0.000758291942400299,0.000195579313580001,-0.00337205409008361
10.4,0.000755474493431586,6.53734605589413e-05,-0.00334682953791208
10.4333333333333,0.000739337262201449,-6.49581585799565e-05,-0.00332190578165538
10.4666666666667,0.00071013714363318,-0.000194572467193605,-0.00329727816177216
10.5,0.000668427989261682,-0.000322638899813579,-0.00327294177365076
10.5333333333333,0.000614997681110411,-0.000448343688436472,-0.00324889148044797
10.5666666666667,0.000550850628414031,-0.000570894843657344,-0.00322512193105663
10.6,0.000477185736064713,-0.000689526624670616,-0.00320162758322807
10.6333333333333,0.000395370449398722,-0.000803503524667709,-0.00317840273165167
10.6666666666667,0.00030691196780682,-0.000912124127388253,-0.00315544153992112
10.7,0.000213426086035884,-0.00101472456805255,-0.00313273807630257
10.7333333333333,0.000116604997766283,-0.0011106817002854,-0.0031102863519476
10.7666666666667,1.81843251699555e-05,-0.00119941597892788,-0.00308808036157529
10.8,-8.00892229938768e-05,-0.00128039401773202,-0.00306611412499578
10.8333333333333,-0.000176489580566184,-0.00135313090873514,-0.00304438172966287
10.8666666666667,-0.000269341122284173,-0.00141719221866299,-0.00302287737247878
10.9,-0.000357046834485889,-0.00147219579515803,-0.00300159540118518
10.9333333333333,-0.00043811371937544,-0.0015178132547093,-0.00298053035354443
10.9666666666667,-0.000511175967739907,-0.00155377132742706,-0.00295967699475558
11,-0.000575014975989254,-0.00157985289065978,-0.00293903035140438
11.0333333333333,-0.000628576872766967,-0.00159589789720814,-0.00291858574245331
11.0666666666667,-0.000670986837355548,-0.00160180399976018,-0.00289833880576232
11.1,-0.000701560910961822,-0.0015972769689448,-0.00287828552068938
11.1333333333333,-0.000719814596151974,-0.00158196514955498,-0.00285842222529291
11.1666666666667,-0.000725452898700186,-0.00155596370932242,-0.0028387456292155
11.2,-0.000718088856070866,-0.00151944957526747,-0.00281925282128906
11.2333333333333,-0.000697768016356245,-0.00147267693016024,-0.00279994127685021
11.2666666666667,-0.000664906471681693,-0.00141597412676504,-0.00278080885886307
11.3,-0.000620157251322874,-0.00134974173160614,-0.00276185380698948
11.3333333333333,-0.000564395383852715,-0.00127444877168073,-0.00274307471968263
11.3666666666667,-0.00049869837302631,-0.00119062852558815,-0.00272447053055269
11.4,-0.000424322572455854,-0.00109887400265895,-0.00270604047897252
11.4333333333333,-0.000342676081665201,-0.000999832780941437,-0.00268778407546194
11.4666666666667,-0.000255289310238904,-0.000894201447257646,-0.002669701063041
11.5,-0.000163783588300382,-0.000782719723149585,-0.00265179137468514
11.5333333333333,-6.98392020467474e-05,-0.000666164307704915,-0.00263405508857794
11.5666666666667,2.48369864814249e-05,-0.000545342526579471,-0.00261649238114181
11.6,0.000118542936180887,-0.000421085904597293,-0.0025991034798195
11.6333333333333,0.000209611957667231,-0.000294243648394642,-0.00258188861540865
11.6666666666667,0.000296441091442835,-0.000165676238904839,-0.00256484797603188
11.7,0.00037751772005144,-3.62490332975236e-05,-0.00254798166236879
11.7333333333333,0.000451443318412228,9.3173865517069e-05,-0.00253128964617235
11.7666666666667,0.000516954929429258,0.0002217356486038,-0.00251477173155509
11.8,0.000572943483503844,0.000348592449608773,-0.00249842752086204
11.8333333333333,0.000618469643366442,0.000472918844100775,-0.00248225638452988
11.8666666666667,0.000652776493009471,0.000593912872640491,-0.00246625743643176
11.9,0.00067529972963434,0.000710800879692166,-0.0024504295140868
11.9333333333333,0.0006856748472958,0.000822841829287543,-0.00243477116483883
11.9666666666667,0.000683681014772187,0.000929331422782558,-0.00241928063740893
12,0.000669045568074811,0.0010296056276998,-0.00240395587807569
12.0333333333333,0.00064201535196657,0.00112304438552526,-0.00238879452735284
12.0666666666667,0.000603123953373878,0.00120907378946323,-0.00237379392646478
12.1,0.00055313007125787,0.00128716951546318,-0.00235895113403414
12.1333333333333,0.000493000546837906,0.0013568586933146,-0.00234426294847496
12.1666666666667,0.000423889002719654,0.00141772192428501,-0.00232972593582803
12.2,0.00034711092330652,0.00146939499709519,-0.00231533646222433
12.2333333333333,0.000264115676468493,0.00151157029369991,-0.00230109073059164
12.2666666666667,0.000176456683934065,0.00154399789193396,-0.00228698482014829
12.3,8.57600583781531e-05,0.00156648650509807,-0.00227301472861119
12.3333333333333,-6.30691863816012e-06,0.00157890410723146,-0.00225917641532024
12.3666666666667,-9.80673980153823e-05,0.00158115399921416,-0.00224546584541867
12.4,-0.000187865273878954,0.00157278495444834,-0.00223187903315448
12.4333333333333,-0.000274094425072951,0.0015536974239053,-0.00221841208470208
12.4666666666667,-0.000355225640767574,0.00152403598831491,-0.00220506123853328
12.5,-0.000429831611455083,0.0014840239968199,-0.00219182290373648
12.5333333333333,-0.000496609107419815,0.00143396133208781,-0.00217869369481908
12.5666666666667,-0.00055439876399987,0.00137422144624214,-0.00216567046330571
12.6,-0.000602201799053033,0.00130524772482771,-0.00215275032488241
12.6333333333333,-0.000639194261399301,0.00122754915901436,-0.0021399306826274
12.6666666666667,-0.000664738183193858,0.00114169556933098,-0.00212720924518105
12.7,-0.000678390291512957,0.00104831222966583,-0.00211458404051305
12.7333333333333,-0.000679855417808076,0.00094807422546179,-0.00210205342443798
12.7666666666667,-0.000668777723619676,0.000841700435244995,-0.0020896160857067
12.8,-0.000645300930480132,0.000729946939849834,-0.00207727105080063
12.8333333333333,-0.00060986175912973,0.000613601296070921,-0.00206501768056467
12.8666666666667,-0.000563125037825424,0.000493475428863227,-0.00205285565712037
12.9,-0.000505968972124918,0.000370399315780454,-0.00204078496561991
12.9333333333333,-0.00043946587919242,0.000245214732562798,-0.00202880587100286
12.9666666666667,-0.000364858915861736,0.000118768795102063,-0.00201691888993682
13,-0.000283535761421573,-8.0919817793119e-06,-0.00200512475895803
13.0333333333333,-0.000196999702255527,-0.000134527600626757,-0.00199342439892047
13.0666666666667,-0.00010683935322982,-0.000259710064639656,-0.00198181887706444
13.1,-1.46972903481278e-05,-0.000382828667442274,-0.00197030936667223
13.1333333333333,7.77610548557875e-05,-0.000503094841176802,-0.00195889710589519
13.1666666666667,0.00016887822312492,-0.000619746743417111,-0.00194758335553945
13.2,0.000257033966960154,-0.000732053406164476,-0.00193636935754271
13.2333333333333,0.000340673163083058,-0.000839318581681631,-0.00192525629376897
13.2666666666667,0.000418331231208997,-0.000940884183544433,-0.00191424524687698
13.3,0.000488657556503304,-0.0010361334031433,-0.00190333716276673
13.3333333333333,0.000550435940706518,-0.00112449347164413,-0.00189253281627517
13.3666666666667,0.00060260272712896,-0.00120543809389259,-0.00188183277955438
13.4,0.000644261819591224,-0.00127848958568694,-0.00187123739462999
13.4333333333333,0.000674697277292591,-0.00134322069163856,-0.00186074674955895
13.4666666666667,0.00069338287903781,-0.00139925616449203,-0.00185036065944043
13.5,0.000699989267060915,-0.00144627403998349,-0.00184007865173867
13.5333333333333,0.000694256905557158,-0.00148400674537898,-0.00182989995676009
13.5666666666667,0.000675988597079569,-0.00151224182193409,-0.00181982350038221
13.6,0.000645500294064909,-0.00153082262303176,-0.00180984789847973
13.6333333333333,0.00060334988569132,-0.0015396488768648,-0.00179997146199117
13.6666666666667,0.000550314647091152,-0.00153856624564482,-0.00179019221059766
13.7,0.000487374275005689,-0.00152716706072572,-0.00178050789157523
13.7333333333333,0.000415689817722953,-0.00150550036645365,-0.00177091600399371
13.7666666666667,0.000336578622133703,-0.00147373140032619,-0.00176141382856924
13.8,0.000251487226444009,-0.00143209761286492,-0.00175199846083009
13.8333333333333,0.000161961651318334,-0.00138090635224413,-0.00174266684884385
13.8666666666667,6.96168928991638e-05,-0.00132053198744778,-0.00173341583328606
13.9,-2.38942476167605e-05,-0.00125141241804118,-0.0017242421899459
13.9333333333333,-0.000116911785132321,-0.00117404512495249,-0.00171514267310803
13.9666666666667,-0.00020779855775961,-0.00108898273522457,-0.00170611405979414
14,-0.000294968421323375,-0.000996828226759256,-0.00169715319305676
14.0333333333333,-0.000376912917271722,-0.000898229788325381,-0.00168825702459906
14.0666666666667,-0.000452225331225639,-0.000793875431609845,-0.00167942265484015
14.1,-0.000519622653959125,-0.000684487405647989,-0.00167064737085614
14.1333333333333,-0.000577964554423858,-0.00057081647818366,-0.00166192868044154
14.1666666666667,-0.000626269995014025,-0.000453636160288556,-0.00165326434281212
14.2,-0.000663730786678614,-0.000333736907745387,-0.00164465239443112
14.2333333333333,-0.000689722724291742,-0.000211920390911557,-0.00163609117051701
14.2666666666667,-0.000703813762124733,-8.89938388026578e-05,-0.00162757932103546
14.3,-0.000705723120955644,3.42354452175895e-05,-0.00161911582173609
14.3333333333333,-0.000695105166192959,0.000156965483255964,-0.00161069998071036
14.3666666666667,-0.00067210143017889,0.000278404327965224,-0.00160233144452621
14.4,-0.000637147314763948,0.000397775698851748,-0.00159401019520494
14.4333333333333,-0.000590902554349427,0.000514322776890272,-0.00158573653715669
14.4666666666667,-0.000534236586305765,0.000627312834131494,-0.00157751107808975
14.5,-0.000468209520419423,0.000736041281231841,-0.00156933470437554
14.5333333333333,-0.000394049347314054,0.000839835269134448,-0.00156120855137065
14.5666666666667,-0.000313125912617542,0.000938057143044985,-0.00155313396914337
14.6,-0.000226922734372558,0.00103010754196,-0.00154511248484896
14.6333333333333,-0.000137007032564085,0.00111542821151375,-0.00153714576192094
14.6666666666667,-4.49992432833794e-05,0.00119350453182859,-0.00152923555771046
14.7,4.74578214214883e-05,0.00126386778274825,-0.00152138367955927
14.7333333333333,0.000138728871992644,0.00132609711712597,-0.00151359194113598
14.7666666666667,0.000227215198749727,0.00137982132451313,-0.00150586211882552
14.8,0.000311381691690834,0.00142472030114858,-0.00149819591004239
14.8333333333333,0.000389782174640435,0.00146052635706363,-0.00149059489308041
14.8666666666667,0.000461082029672849,0.00148702523256455,-0.00148306049026606
14.9,0.000524078649790522,0.00150405699015302,-0.001475593933898
14.9333333333333,0.000577718891513797,0.00151151661881507,-0.0014681962365218
14.9666666666667,0.000621114159075703,0.00150921503098575,-0.00146086816494513
15,0.000653552443514996,0.0014967683465169,-0.00145361021928847
15.0333333333333,0.000674507935470067,0.00147423475380204,-0.00144642261647371
15.0666666666667,0.000683647934674303,0.0014417696446767,-0.00143930527876895
15.1,0.000680751839016255,0.00139960037104797,-0.00143225782769047
15.1333333333333,0.000665596198059956,0.00134802429468469,-0.00142527958069745
15.1666666666667,0.000638461103448995,0.00128740641161177,-0.00141836954893672
15.2,0.000599879032122243,0.00121817568925821,-0.00141152644481296
15.2333333333333,0.000550596861921616,0.00114082196915104,-0.00140474869786081
15.2666666666667,0.000491559366110083,0.0010558913798136,-0.00139803447548464
15.3,0.000423888550330931,0.000963981714598463,-0.00139138170861461
15.3333333333333,0.000348859680662636,0.000865737421841305,-0.00138478812144029
15.3666666666667,0.000267874443005952,0.000761844195392328,-0.00137825126498008
15.4,0.000182432385606085,0.000653023353931112,-0.00137176855322427
15.4333333333333,9.41009330952513e-05,0.000540026026908737,-0.00136533730183978
15.4666666666667,4.48527042592024e-06,0.000423627237275697,-0.00135895476787964
15.5,-8.48018343532388e-05,0.000304619910549097,-0.00135261819066096
15.5333333333333,-0.000172168981158866,0.000183808945171785,-0.00134632483211757
15.5666666666667,-0.00025607404976599,6.20052923936258e-05,-0.00134007201695423
15.6,-0.00033504990596459,-5.99797541372783e-05,-0.00133385717089581
15.6333333333333,-0.000407728320119259,-0.000181340190230196,-0.00132767785748888
15.6666666666667,-0.000472861112010599,-0.000301280605158384,-0.00132153181184471
15.7,-0.000529339097072602,-0.000419021356512405,-0.00131541697186056
15.7333333333333,-0.000576208042513655,-0.000533803331990626,-0.00130933150548975
15.7666666666667,-0.000612682264123606,-0.00064489255128925,-0.00130327383461764
15.8,-0.000638155252066889,-0.0007515843030223,-0.00129724265435949
15.8333333333333,-0.000652207907711705,-0.000853207109153215,-0.00129123694830021
15.8666666666667,-0.000654576852694735,-0.00094912620328937,-0.00128525599880795
15.9,-0.000644942543716352,-0.00103874674951094,-0.0012792993939635
15.9333333333333,-0.000623438229379303,-0.00112151709814051,-0.00127336703385597
15.9666666666667,-0.000590486845500025,-0.00119693066289407,-0.00126745912925188
16,-0.000546728197298524,-0.00126452882406562,-0.00126157619085197
16.0333333333333,-0.000493004726930556,-0.00132390278314612,-0.00125571901318231
16.0666666666667,-0.000430343064516742,-0.00137469511642381,-0.00124988865338639
16.1,-0.000359931796749266,-0.00141660140599887,-0.00124408640502702
16.1333333333333,-0.000283096387962376,-0.00144937132970127,-0.00123831376783303
16.1666666666667,-0.000201271644620832,-0.00147280968444848,-0.00123257241351205
16.2,-0.000115972907968066,-0.00148677707982138,-0.00122686414890271
16.2333333333333,-2.8766201898635e-05,-0.00149119007296398,-0.00122119087646308
16.2666666666667,5.87613667272494e-05,-0.00148572408680674,-0.00121555455369207
16.3,0.000145031008247891,-0.00147016237439931,-0.00120995715126593
16.3333333333333,0.000228500013099038,-0.0014446200675924,-0.00120440061191485
16.3666666666667,0.000307688494744342,-0.00140928607829424,-0.00119888680917073
16.4,0.000381203675520651,-0.00136442121137558,-0.00119341750828024
16.4333333333333,0.000447762196725018,-0.00131035569019702,-0.00118799432883989
16.4666666666667,0.000506209740318287,-0.00124748604378401,-0.0011826187105476
16.5,0.000555538373331731,-0.001176271343179,-0.0011772918818384
16.5333333333333,0.000594900916318625,-0.00109722899737816,-0.0011720148328639
16.5666666666667,0.000623622990390778,-0.00101092997857545,-0.0011667882922392
16.6,0.000641212127529629,-0.000917993766520128,-0.00116161270886635
16.6333333333333,0.000647364528498403,-0.000819082840065174,-0.00115648823827738
16.6666666666667,0.00064183549371668,-0.000714897079006322,-0.00115141473427483
16.7,0.000624477360576498,-0.000606167705837101,-0.00114639174288151
16.7333333333333,0.000595607269865681,-0.000493651513683815,-0.00114141849909058
16.7666666666667,0.000555766890415736,-0.000378124833117931,-0.00113649393404758
16.8,0.000505704986120537,-0.000260377336867976,-0.00113161669013889
16.8333333333333,0.000446361120404094,-0.000141206309211846,-0.00112678514119548
16.8666666666667,0.000378845405898826,-2.14108956277163e-05,-0.00112199741799268
16.9,0.000304414878068289,9.82135589744919e-05,-0.00111725143855789
16.9333333333333,0.000224447450474008,0.000216880740392977,-0.00111254494220642
16.9666666666667,0.000140413816217381,0.000333818512207073,-0.00110787552713577
17,5.38484940607886e-05,0.00044827362752359,-0.00110324069009051
17.0333333333333,-3.36798019836551e-05,0.000559516243253609,-0.00109863786808479
17.0666666666667,-0.000120597202666134,0.000666844017462316,-0.00109406448043491
17.1,-0.000205353200635438,0.000769585952802029,-0.0010895179712787
17.1333333333333,-0.000286447437988381,0.000867105846512763,-0.0010849958507265
17.1666666666667,-0.000362455079145273,0.00095880545697142,-0.00108049573499901
17.2,-0.000432049705729501,0.0010441273178974,-0.00107601538373867
17.2333333333333,-0.000494024243972288,0.00112255725561423,-0.00107155273499125
17.2666666666667,-0.000547309039534025,0.00119362660540334,-0.00106710593621071
17.3,-0.000590987697564611,0.00125691412965343,-0.00106267337187127
17.3333333333333,-0.000624309980134776,0.00131204768891043,-0.00105825368630037
17.3666666666667,-0.000646702383655767,0.00135870562100505,-0.00105384580234083
17.4,-0.00065777584672458,0.00139661792306082,-0.00104944893478198
17.4333333333333,-0.000657258068939016,0.00142556715522076,-0.00104506259918838
17.4666666666667,-0.000644867625736394,0.00144538919718538,-0.00104068661717571
17.5,-0.000620796813463625,0.00145597353911811,-0.00103632112073814
17.5333333333333,-0.000585487284483561,0.00145722720983218,-0.00103196654706105
17.5666666666667,-0.000539592317392691,0.00144876847922607,-0.00102762362506401
17.6,-0.000483962805856563,0.00143056425473456,-0.00102329335722159
17.6333333333333,-0.000419628456007163,0.00140275288198724,-0.00101897699544587
17.6666666666667,-0.000347776255951696,0.00136554152859908,-0.00101467601371026
17.7,-0.000269725499647989,0.00131920419549856,-0.00101039207602724
17.7333333333333,-0.000186900855735526,0.00126407916836493,-0.00100612700160425
17.7666666666667,-0.000100803895054128,0.00120056586540121,-0.00100188272740491
17.8,-1.29840751561076e-05,0.00112912125621372,-0.000997661269287807
17.8333333333333,7.49905668475645e-05,0.00105025577978551,-0.000993464681823827
17.8666666666667,0.000161561822483714,0.000964528923388805,-0.000989295018373153
17.9,0.000245208928833818,0.000872544435851347,-0.000985154291181295
17.9333333333333,0.000324474252043582,0.000774945301992701,-0.000981044433169883
17.9666666666667,0.000397987382709033,0.000672408492804252,-0.00097696726102397
18,0.00046448665988783,0.000565639582484137,-0.000972924441169519
18.0333333333333,0.000522838639277214,0.000455367278197742,-0.000968917458140166
18.0666666666667,0.000572054700350874,0.000342337918781703,-0.000964947586759064
18.1,0.000611305389627109,0.000227310010143333,-0.000961015867585163
18.1333333333333,0.000639931864003977,0.000111048820998362,-0.000957123086816531
18.1666666666667,0.00065745501294778,-5.67888050155574e-06,-0.000953269760109542
18.2,0.000663581772388232,-0.000122109954093017,-0.000949456121226283
18.2333333333333,0.000658069815417516,-0.000237489829452491,-0.000945682114848661
18.2666666666667,0.000640788359517902,-0.000351077058336988,-0.000941947391602149
18.3,0.000612058409440584,-0.000462147961602849,-0.000938251305301401
18.3333333333333,0.00057242003543204,-0.000570000858755895,-0.000934592920195248
18.3666666666667,0.000522616665186236,-0.00067395964612003,-0.000930971025086148
18.4,0.000463578971505568,-0.000773377730523658,-0.000927384152111312
18.4333333333333,0.000396404838368083,-0.000867641276280458,-0.000923830600419788
18.4666666666667,0.000322336245454957,-0.000956172255161897,-0.000920308463941789
18.5,0.000242733491466929,-0.00103843124749619,-0.000916815663033056
18.5333333333333,0.00015904782193215,-0.00111391993422521,-0.000913349978893426
18.5666666666667,7.27927485146234e-05,-0.00118218334037622,-0.000909909090695219
18.6,-1.44847344502059e-05,-0.00124281180794425,-0.000906490613998838
18.6333333333333,-0.000101232961859643,-0.00129544274189281,-0.000903092140548669
18.6666666666667,-0.000185923238302165,-0.00133976208928645,-0.00089971127784411
18.7,-0.000267076474207515,-0.00137550563561863,-0.000896345688727531
18.7333333333333,-0.000343287726312369,-0.00140246003257001,-0.000892993129326115
18.7666666666667,-0.000413249025896499,-0.00142046368190467,-0.00088965148571507
18.8,-0.000475769567857822,-0.00142940734957005,-0.000886318807696262
18.8333333333333,-0.000529793790392526,-0.00142917044984373,-0.000882993340145156
18.8666666666667,-0.000574416624151407,-0.00141937745164948,-0.00087967355051283
18.9,-0.00060889629013703,-0.00140003283782879,-0.000876358152677435
18.9333333333333,-0.000632664697523415,-0.00137127081315036,-0.000873046126867798
18.9666666666667,-0.000645334890406445,-0.00133329340680736,-0.000869736734535729
19,-0.000646659306437487,-0.00128636870856545,-0.000866429528886253
19.0333333333333,-0.000636356273525768,-0.00123082854099407,-0.000863124361964592
19.0666666666667,-0.000614589348828704,-0.00116706589386052,-0.000859821390477951
19.1,-0.000581783755734931,-0.00109553092056406,-0.000856521073366818
19.1333333333333,-0.000538571723642609,-0.00101672765767449,-0.000853224160506052
19.1666666666667,-0.000485778579200613,-0.000931209559429895,-0.000849931676109474
19.2,-0.000424404846866266,-0.000839574775237732,-0.000846644896981355
19.2333333333333,-0.000355604795358891,-0.000742461320826926,-0.000843365325842838
19.2666666666667,-0.000280662315936084,-0.000640541825537731,-0.000840094660685592
19.3,-0.000200964495499778,-0.000534518181728492,-0.000836834760320971
19.3333333333333,-0.000117974007867582,-0.000425116053513045,-0.000833587607438865
19.3666666666667,-3.32005322608624e-05,-0.000313079313836701,-0.000830355269215897
19.4,5.18275777779052e-05,-0.000199164507711826,-0.000827139857083709
19.4333333333333,0.000135591386518073,-8.41353234544627e-05,-0.000823943485532892
19.4666666666667,0.000216608041778535,3.12427770009842e-05,-0.000820768231712224
19.5,0.0002934562582452,0.000146207855425943,-0.000817616095541244
19.5333333333333,0.000364799557870638,0.000260006522394159,-0.000814488962100007
19.5666666666667,0.00042940770600922,0.00037189884499307,-0.000811388565882437
19.6,0.000486175454050743,0.000481162896522455,-0.000808316458554328
19.6333333333333,0.000534139145102104,0.000587099161317865,-0.000805273979714806
19.6666666666667,0.00057249047187629,0.000689034525272664,-0.000802262232076637
19.7,0.000600587965910964,0.000786326109833091,-0.000799282060530957
19.7333333333333,0.000617965671437281,0.000878364663266593,-0.000796334036209913
19.7666666666667,0.000624339513215106,0.000964577796527525,-0.000793418445035006
19.8,0.000619484919048231,0.00104443274651768,-0.000790535281335244
19.8333333333333,0.000603281056085672,0.00111743913174114,-0.000787684243699332
19.8666666666667,0.000576041271779933,0.00118315102095134,-0.000784864733763419
19.9,0.000538292194528292,0.00124116897602616,-0.000782075864731405
19.9333333333333,0.000490757650980307,0.00129114197966873,-0.000779316476996498
19.9666666666667,0.000434342924248185,0.00133276875945565,-0.0007765851584534
20,0.000370115306968238,0.0013657990420489,-0.000773880269524239
20.0333333333333,0.000299281461606706,0.00139003464004853,-0.000771199972485339
20.0666666666667,0.000223162518632534,0.00140533016294959,-0.000768542264008434
20.1,0.000143167228027565,0.00141159364546203,-0.000765905010811057
20.1333333333333,6.07643283325619e-05,0.00140862545079121,-0.000763285986971169
20.1666666666667,-2.25457869146162e-05,0.00139612119713532,-0.000760682913054125
20.2,-0.000105258761272033,0.00137416230228077,-0.000758093495227771
20.2333333333333,-0.000185893461026374,0.00134290893657514,-0.000755515464647065
20.2666666666667,-0.000263017730278941,0.00130258911148337,-0.000752946615753523
20.3,-0.000335272540488753,0.0012534965857708,-0.000750384843166255
20.3333333333333,-0.000401393931942983,0.00119598816118201,-0.000747828176132727
20.3666666666667,-0.000460233067215729,0.00113048037480512,-0.000745274810795619
20.4,-0.000510773526007522,0.00105744575538138,-0.000742723138762744
20.4333333333333,-0.000552146480470268,0.000977408542020286,-0.000740171772627708
20.4666666666667,-0.000583643027998134,0.000890940111272873,-0.000737619567129354
20.5,-0.000604724279948873,0.000798653964504606,-0.000735065636541881
20.5333333333333,-0.000615028671270805,0.000701200576272353,-0.000732509367318042
20.5666666666667,-0.000614305443208479,0.000599261921313171,-0.000729950426572316
20.6,-0.000602314134382629,0.000493546005897264,-0.000727388767457365
20.6333333333333,-0.000579255519711508,0.000384781054420668,-0.0007248246334217
20.6666666666667,-0.000545562857699168,0.000273710373977723,-0.000722258553609926
20.7,-0.000501870107671074,0.000161086210563974,-0.000719691330934548
20.7333333333333,-0.000448998154062103,4.76646518260382e-05,-0.000717124025408458
20.7666666666667,-0.000387937107596343,-6.57997694397035e-05,-0.000714557932743272
20.8,-0.00031982535890127,-0.000178559177010255,-0.000711994558821768
20.8333333333333,-0.00024592579519771,-0.000289877265887472,-0.000709435590291645
20.8666666666667,-0.000167600164867477,-0.000399033884518426,-0.000706882862312845
20.9,-8.62818732359294e-05,-0.000505329448702912,-0.000704338323515126
20.9333333333333,-3.44836792110702e-06,-0.000608088955088513,-0.000701803999524804
20.9666666666667,7.94067944534639e-05,-0.000706665791181102,-0.000699281954959598
21,0.000160801011148222,-0.000800445158982573,-0.000696774255444078
21.0333333333333,0.000239288965071175,-0.000888847255847058,-0.000694282929389846
21.0666666666667,0.000313487112904472,-0.000971330105136988,-0.000691809931168983
21.1,0.000382096686071697,-0.00104739212212317,-0.000689357105291782
21.1333333333333,0.000443924234119012,-0.00111657437550983,-0.0006869261531819
21.1666666666667,0.000497900225061535,-0.00117846257491535,-0.000684518602066333
21.2,0.000543094898980449,-0.00123268880385615,-0.000682135777442132
21.2333333333333,0.000578731960822104,-0.00127893297735454,-0.000679778778592732
21.2666666666667,0.000604199471655422,-0.00131692409301325,-0.000677448458407118
21.3,0.000619058502163503,-0.00134644120936299,-0.000675145406981107
21.3333333333333,0.000623048989512586,-0.00136731425884635,-0.000672869939984658
21.3666666666667,0.000615916454654024,-0.00137942465806481,-0.00067062209101036
21.4,0.000597619293239313,-0.00138270066583858,-0.000668401605669793
21.4333333333333,0.00056849172558777,-0.00137683654040633,-0.000666207939698597
21.4666666666667,0.000529072327636189,-0.00136170753819929,-0.000664040266286456
21.5,0.000480091903164535,-0.00133742822875738,-0.000661897490330642
21.5333333333333,0.000422458056133053,-0.00130417890742204,-0.000659778266632528
21.5666666666667,0.00035723585178402,-0.00126220368988257,-0.000657681023339282
21.6,0.000285625516085228,-0.00121180829995544,-0.000655603989609175
21.6333333333333,0.000208937803637827,-0.0011533572416868,-0.00065354522692078
21.6666666666667,0.00012856781702772,-0.00108727054332724,-0.000651502663250718
21.7,4.59676227176579e-05,-0.00101402001462275,-0.00064947412990059
21.7333333333333,-3.73812013891819e-05,-0.000934125178684988,-0.000647457399551351
21.7666666666667,-0.00011999504148881,-0.000848148822597684,-0.000645450225623525
21.8,-0.000200414597609749,-0.000756692321944709,-0.000643450381312528
21.8333333333333,-0.000277230281099007,-0.000660390715999511,-0.000641455698519427
21.8666666666667,-0.000349105614816466,-0.000559907653338511,-0.000639464105002511
21.9,-0.000414799009738279,-0.000455930220391851,-0.000637473660102547
21.9333333333333,-0.000473183021431765,-0.000349163734388187,-0.000635482587434206
21.9666666666667,-0.000523261597962614,-0.000240326540876859,-0.000633489304997123
22,-0.00056418458585953,-0.000130144860589945,-0.000631492451269657
22.0333333333333,-0.000595260054946621,-1.93477452568366e-05,-0.00062949090779037
22.0666666666667,-0.000615963863917157,9.13378461863803e-05,-0.000627483817043709
22.1,-0.000625946986201556,0.000201191779760129,-0.000625470596154466
22.1333333333333,-0.000624964371856319,0.000309505309169479,-0.000623450945605506
22.1666666666667,-0.000612791191777121,0.000415585388085544,-0.00062142485522142
22.2,-0.000589636440832437,0.000518758629489078,-0.000619392608197874
22.2333333333333,-0.000555934529631293,0.000618375472307,-0.00061735477619187
22.2666666666667,-0.000512316890779093,0.000713813329771064,-0.000615312206766835
22.3,-0.000459598351201216,0.000804480088802841,-0.000613266006010455
22.3333333333333,-0.000398759697365251,0.000889817130393827,-0.000611217516275348
22.3666666666667,-0.000330926929416826,0.000969302012296653,-0.000609168289440142
22.4,-0.0002573480107087,0.00104245100219722,-0.000607120056606076
22.4333333333333,-0.000179367472993033,0.00110882128493662,-0.000605074694423894
22.4666666666667,-9.83999240666567e-05,0.00116801294348619,-0.000603034189321756
22.5,-1.59026662051409e-05,0.0012196707001592,-0.000601000599684839
22.5333333333333,6.66514327171464e-05,0.00126348541127142,-0.000598976017505045
22.5666666666667,0.000147800817516283,0.00129919536381788,-0.000596962529382057
22.6,0.000226120761164663,0.00132658732477044,-0.000594962178505333
22.6333333333333,0.000300247739406765,0.00134549742797616,-0.000592976927339851
22.6666666666667,0.000368901667125749,0.00135581181029887,-0.000591008622625456
22.7,0.000430906401309923,0.001357446746626,-0.00058905896228558
22.7333333333333,0.000485207708553019,0.0013500710321029,-0.000587129465667648
22.7666666666667,0.000530888947957016,0.00133362397412689,-0.000585221447013223
22.8,0.000567184561170324,0.00130822005243888,-0.0005833359923192
22.8333333333333,0.000593490695003807,0.00127403795237791,-0.00058147394084156
22.8666666666667,0.00060937351704374,0.00123131897411457,-0.000579635870646629
22.9,0.000614575243977612,0.00118036501963072,-0.000577822088385855
22.9333333333333,0.000608869266306394,0.00112153591692603,-0.000576032623806496
22.9666666666667,0.000592191967037771,0.00105524656941833,-0.000574267225756852
23,0.000564867139479906,0.000981963076007189,-0.000572525361799397
23.0333333333333,0.000527418979915171,0.000902199007797821,-0.000570806226831393
23.0666666666667,0.000480560022351888,0.00081651123044368,-0.000569108757846763
23.1,0.000425175776275152,0.000725495160026999,-0.000567431653036971
23.1333333333333,0.000362305880352414,0.000629780024191506,-0.000565773395231824
23.1666666666667,0.000293122246193013,0.000530023884989262,-0.000564132279315565
23.2,0.000218905081507482,0.000426908493063647,-0.000562506442643487
23.2333333333333,0.000141017087200567,0.000321134112322075,-0.000560893898382597
23.2666666666667,6.08769216883312e-05,0.000213414312946635,-0.000559292570485649
23.3,-2.00679343558352e-05,0.000104470781763726,-0.000557700330357448
23.3333333333333,-0.000100367762355425,-4.9717546230366e-06,-0.00055611503372986
23.3666666666667,-0.000178596716789214,-0.000114190537658856,-0.00055453455795429
23.4,-0.000253377366990784,-0.000222469561925524,-0.000552956838148453
23.4333333333333,-0.000323403955511063,-0.000329104249354268,-0.000551379902537895
23.4666666666667,-0.000387463405958976,-0.000433405815487052,-0.000549801905460574
23.5,-0.000444454527380971,-0.000534705499581056,-0.000548221158470155
23.5333333333333,-0.000493404609855882,-0.000632358426920692,-0.000546636158131832
23.5666666666667,-0.000533483942547647,-0.000725747324345701,-0.000545045610994344
23.6,-0.000564017613413292,-0.000814285833305849,-0.00054344845453226
23.6333333333333,-0.000584495117532525,-0.000897421677084473,-0.000541843874539764
23.6666666666667,-0.000594577285175412,-0.000974639413283636,-0.000540231318027188
23.7,-0.000594034011932968,-0.0010454630436238,-0.000538610502123172
23.7333333333333,-0.000582653579186705,-0.00110945822199551,-0.000536981419968763
23.7666666666667,-0.000560640102642469,-0.00116623445584961,-0.000535344345258268
23.8,-0.000528418882280823,-0.00121544643056497,-0.000533699828222595
23.8333333333333,-0.000486606847531551,-0.00125679606057445,-0.000532048684602225
23.8666666666667,-0.000435999178677706,-0.00129003344336862,-0.000530391979902956
23.9,-0.000377552210468179,-0.00131495798727767,-0.000528731008934494
23.9333333333333,-0.000312363283803777,-0.00133141924860806,-0.000527067271219663
23.9666666666667,-0.000241647907597738,-0.00133931756140348,-0.000525402442489257
24,-0.000166715188169378,-0.00133852966410248,-0.000523738343281615
24.0333333333333,-8.89417887908791e-05,-0.00132872930097956,-0.000522076904731723
24.0666666666667,-9.74537416971319e-06,-0.00130994663372678,-0.000520420132666341
24.1,6.9441892690972e-05,-0.00128231707516747,-0.000518770070629761
24.1333333333333,0.000147199505100107,-0.00124604028115799,-0.000517128762161155
24.1666666666667,0.000222143728021014,-0.00120137835763131,-0.000515498213314453
24.2,0.00029295105099947,-0.00114865349568047,-0.000513880356402979
24.2333333333333,0.000358380271418236,-0.00108824504765134,-0.000512277014689485
24.2666666666667,0.000417292171520143,-0.0010205861694996,-0.000510689869765683
24.3,0.000468667363428383,-0.000946159960278137,-0.000509120431048112
24.3333333333333,0.000511621487857143,-0.000865495300766574,-0.000507570008904979
24.3666666666667,0.000545418328751028,-0.000779162270010037,-0.000506039690899478
24.4,0.000569480223738661,-0.000687767402908768,-0.000504530322389077
24.4333333333333,0.000583396297701594,-0.000591948622926188,-0.000503042490979573
24.4666666666667,0.000586927262276705,-0.000492370155846435,-0.000501576515782771
24.5,0.000579834383281982,-0.000389717292964341,-0.000500132440657253
24.5333333333333,0.000562113335724447,-0.000284690942593894,-0.000498710029301167
24.5666666666667,0.000534096484435738,-0.000178002564843761,-0.00049730876468948
24.6,0.000496310457931965,-7.03691253254735e-05,-0.000495927857963319
24.6333333333333,0.000449464744626384,3.7492310838015e-05,-0.000494566262706687
24.6666666666667,0.000394436524262508,0.000144869211416962,-0.000493222693993035
24.7,0.000332252024769596,0.000251058407041492,-0.000491895652113236
24.7333333333333,0.00026406521587077,0.000355370514572439,-0.000490583450070922
24.7666666666667,0.000191134142843441,0.000457134225750741,-0.000489284244698694
24.8,0.000114795895283143,0.000555700239295099,-0.000487996070215385
24.8333333333333,3.64404191309092e-05,0.000650445014002434,-0.000486716874170416
24.8666666666667,-4.25157164236052e-05,0.000740774149747864,-0.000485444554319571
24.9,-0.000120655580304543,0.000826125562928937,-0.000484176996538733
24.9333333333333,-0.000196587054234782,0.000905972312691765,-0.000482912112164302
24.9666666666667,-0.000268967117767599,0.000979825195298161,-0.000481647875026407
25,-0.000336524216099361,0.00104723503008052,-0.000480382356538635
25.0333333333333,-0.000398079095292113,0.0011077946973838,-0.000479113759245404
25.0666666666667,-0.000452563216406112,0.00116114091452142,-0.000477840447282532
25.1,-0.000499035257505125,0.00120695575579165,-0.000476560974245266
25.1333333333333,-0.000536694971208505,0.00124496795661361,-0.000475274107106125
25.1666666666667,-0.000564894947787473,0.00127495395839829,-0.000473978846718331
25.2,-0.000583149702772105,0.00129673877852856,-0.000472674443804962
25.2333333333333,-0.000591142595633747,0.00131019661925945,-0.000471360410958031
25.2666666666667,-0.000588632915513338,0.00131525135004014,-0.000470036529995584
25.3,-0.000575454874174961,0.00131170019467588,-0.000468702857112727
25.3333333333333,-0.000551841477924725,0.00129932649644275,-0.000467359725599761
25.3666666666667,-0.000518229159501854,0.00127822225470814,-0.00046600773967303
25.4,-0.000475241487924969,0.00124854360046322,-0.000464647761968384
25.4333333333333,-0.000423675961781008,0.0012105077520121,-0.000463280896768242
25.4666666666667,-0.000364486989835527,0.0011643910205966,-0.000461908468435969
25.5,-0.000298765919583647,0.00111052622501912,-0.000460531996010488
25.5333333333333,-0.000227718688446361,0.00104929978425958,-0.000459153164533235
25.5666666666667,-0.000152641451484766,0.000981148264618879,-0.000457773793295002
25.6,-7.48952118496652e-05,0.000906554642662667,-0.000456395802226304
25.6333333333333,4.12038353110674e-06,0.000826044170981758,-0.000455021176414191
25.6666666666667,8.29929869297979e-05,0.000740180028608136,-0.00045365193015885
25.7,0.000160323247702138,0.000649558701839595,-0.000452290070425732
25.7333333333333,0.000234749201616267,0.000554805240045965,-0.000450937561198333
25.7666666666667,0.000304969574728172,0.00045656836639804,-0.000449596288443371
25.8,0.000369765039746346,0.000355515551257882,-0.000448268027188283
25.8333333333333,0.000428017821774941,0.000252328058737557,-0.00044695441030673
25.8666666666667,0.00047872883365693,0.000147696034847831,-0.000445656900410038
25.9,0.00052103284235504,4.23136727262117e-05,-0.000444376764370324
25.9333333333333,0.000554210999015678,-6.31255140514292e-05,-0.000443115051693535
25.9666666666667,0.000577701254811847,-0.000167933256597544,-0.000441872576249196
26,0.000591106139732635,-0.000271430936242428,-0.000440649902337156
26.0333333333333,0.000594196222365857,-0.000372953765835745,-0.000439447334625736
26.0666666666667,0.000586733713902551,-0.000471854841414942,-0.000438264912241416
26.1,0.000568737292747977,-0.000567508641222583,-0.000437102403928777
26.1333333333333,0.000540542904566086,-0.000659314735536434,-0.000435959307875294
26.1666666666667,0.000502677296504519,-0.00074670107371078,-0.000434834860298491
26.2,0.000455846668217127,-0.00082912674673534,-0.00043372804900147
26.2333333333333,0.000400921633355283,-0.000906084840169902,-0.000432637631404435
26.2666666666667,0.000338918883308289,-0.000977104877401597,-0.000431562156865213
26.3,0.000270980065676487,-0.00104175502341717,-0.000430499992839348
26.3333333333333,0.000198348656877913,-0.00109964408419626,-0.000429449354091521
26.3666666666667,0.000122345139195594,-0.00115042323486313,-0.000428408334820894
26.4,4.43415019208849e-05,-0.0011937875383391,-0.000427374942510656
26.4333333333333,-3.42647988061075e-05,-0.00122947724498091,-0.000426347133518817
26.4666666666667,-0.000112076341547877,-0.00125727886749444,-0.000425322849002889
26.5,-0.000187720768920759,-0.00127702607620158,-0.000424300051335565
26.5333333333333,-0.000259874313416975,-0.00128860036301436,-0.000423276759503647
26.5666666666667,-0.000327284083016125,-0.00129192986106677,-0.000422251083774122
26.6,-0.000388788223449579,-0.00128675578031468,-0.000421221258174411
26.6333333333333,-0.000443334165529745,-0.00127294452776409,-0.000420185670861619
26.6666666666667,-0.000489994771595089,-0.00125059246288994,-0.000419142891846685
26.7,-0.000527982017630682,-0.00121985693277837,-0.00041809169725631
26.7333333333333,-0.000556658267009251,-0.00118095484491703,-0.000417031089905417
26.7666666666667,-0.000575545478382502,-0.00113416087526572,-0.000415960316406366
26.8,-0.00058433169059749,-0.00107980508205907,-0.000414878879593915
26.8333333333333,-0.000582794548063428,-0.00101827011870746,-0.00041378654706108
26.8666666666667,-0.000570764388148767,-0.000949988013828606,-0.000412683356872884
26.9,-0.000548464759161117,-0.000875436595832843,-0.000411569621271663
26.9333333333333,-0.000516322638188006,-0.000795135292973133,-0.000410445921748656
26.9666666666667,-0.000474948435063106,-0.000709641296088725,-0.000409313097591827
27,-0.000425122883174857,-0.000619544815819083,-0.000408172229813871
27.0333333333333,-0.000367780396279051,-0.000525464485411063,-0.000407024620432472
27.0666666666667,-0.000303989550012188,-0.000428042594917812,-0.00040587176775392
27.1,-0.000234931026904527,-0.000327940198011833,-0.000404715337883136
27.1333333333333,-0.000161873934522662,-0.000225832218165708,-0.000403557133489741
27.1666666666667,-8.61507271647541e-05,-0.000122402554230481,-0.000402399059910417
27.2,-9.13178890006909e-06,-1.83392600233149e-05,-0.000401243089927486
27.2333333333333,6.78002585915496e-05,8.56702046546514e-05,-0.000400091227165474
27.2666666666667,0.000143275441553259,0.000188943547074282,-0.000398945469625655
27.3,0.000215960647465255,0.000290808105864871,-0.000397807773157514
27.3333333333333,0.000284582154533206,0.000390605053168403,-0.000396680016443502
27.3666666666667,0.000347946794967798,0.000487693465151717,-0.000395563967168993
27.4,0.000404960869542164,0.000581454067878316,-0.000394461250893035
27.4333333333333,0.000454647261237987,0.00067129284171296,-0.000393373322198973
27.4666666666667,0.000496160018705539,0.000756644261384758,-0.000392301439480284
27.5,0.00052879691158335,0.000836974395631389,-0.00039124664289312
27.5333333333333,0.000552009381586598,0.000911783623530352,-0.000390209736593007
27.5666666666667,0.000565410364545036,0.000980609218827448,-0.000389191274788446
27.6,0.000568777941154629,0.00104302754935832,-0.000388191552433259
27.6333333333333,0.000561890173801675,0.00109865608519737,-0.000387210599746573
27.6666666666667,0.000544767636727221,0.00114715535463276,-0.000386248178466884
27.7,0.000517740712912131,0.0011882302843319,-0.000385303782623724
27.7333333333333,0.000481325761799357,0.00122163140688146,-0.000384376648012308
27.7666666666667,0.000436213954223092,0.00124715624970483,-0.000383465766630289
27.8,0.000383256541011974,0.00126464997962368,-0.000382569905515351
27.8333333333333,0.000323446827337717,0.00127400616307236,-0.000381687629900576
27.8666666666667,0.000257899638485404,0.00127514192428217,-0.000380817329774395
27.9,0.00018782858563576,0.00126775589516054,-0.000379957249684545
27.9333333333333,0.000114521832157837,0.0012518153342559,-0.000379105521025085
27.9666666666667,3.93172738498128e-05,0.00122743395204339,-0.000378260195708329
28,-3.64229105044542e-05,0.00119478647418574,-0.000377419281465418
28.0333333333333,-0.000111337392577081,0.00115410709139852,-0.000376580777531382
28.0666666666667,-0.00018408980223285,0.00110568738446022,-0.000375742709733448
28.1,-0.00025339208531322,0.00104987373000543,-0.000374903165379093
28.1333333333333,-0.000318025953794431,0.000987064273688233,-0.000374060326173982
28.1666666666667,-0.000376862892797927,0.000917705435523356,-0.000373212499708663
28.2,-0.000428881839202992,0.000842288105456705,-0.000372358148039771
28.2333333333333,-0.000473185017109305,0.000761343437545298,-0.000371495913847053
28.2666666666667,-0.000509011225594077,0.000675438467015863,-0.00037062464290983
28.3,-0.000535747095657712,0.000585171409762752,-0.000369743403407377
28.3333333333333,-0.000552935756961471,0.000491166917124725,-0.000368851501018663
28.3666666666667,-0.000560283387521232,0.000394071104430405,-0.000367948490304795
28.4,-0.000557564875929802,0.00029454667781266,-0.00036703418178887
28.4333333333333,-0.000544648964581256,0.000193267823563744,-0.000366108647095276
28.4666666666667,-0.000521773910279437,9.09154611325305e-05,-0.000365172221334436
28.5,-0.000489369929678278,-1.18275947417923e-05,-0.000364225497461605
28.5333333333333,-0.000448045699412546,-0.000114281478838099,-0.000363269314621541
28.5666666666667,-0.000398575384347915,-0.000215773686978281,-0.000362304742325928
28.6,-0.000341882285787675,-0.000315643399240803,-0.000361333060378473
28.6333333333333,-0.000279019543280902,-0.000413245686238501,-0.000360355734887461
28.6666666666667,-0.000211148644789157,-0.000507955309595772,-0.000359374391166807
28.7,-0.000139516029422695,-0.000599170427522157,-0.000358390783628624
28.7333333333333,-6.54287578488483e-05,-0.000686315918757677,-0.000357406763797817
28.7666666666667,9.77060892941969e-06,-0.000768846538626903,-0.000356424246422198
28.8,8.47288580550379e-05,-0.000846249729368803,-0.000355445175037471
28.8333333333333,0.000158106750601215,-0.000918048228557477,-0.000354471486816317
28.8666666666667,0.000228602379615477,-0.000983802366155044,-0.000353505078181945
28.9,0.000294973505114231,-0.00104311214004568,-0.000352547770884039
28.9333333333333,0.000356057916655223,-0.00109561902215602,-0.000351601280029604
28.9666666666667,0.000410792227053154,-0.00114100752994614,-0.000350667183664219
29,0.000458228283694463,-0.00117900657254703,-0.000349746895311374
29.0333333333333,0.000497547694490536,-0.00120939055366364,-0.000348841639003142
29.0666666666667,0.000528073802182314,-0.00123198028975186,-0.000347952428043738
29.1,0.000549281618621532,-0.00124664367850446,-0.000347080047022261
29.1333333333333,0.000560805194921808,-0.00125329621598107,-0.000346225038085259
29.1666666666667,0.000562434411832874,-0.00125181101812608,-0.000345387691009819
29.2,0.000553943963128526,-0.00124192593785364,-0.000344568037197405
29.2333333333333,0.000535405791248435,-0.00122369597807489,-0.000343765844644074
29.2666666666667,0.000507161224591293,-0.00119725578055944,-0.000342980619027107
29.3,0.000469733659350133,-0.00116279823738571,-0.000342211611898473
29.3333333333333,0.000423817187997058,-0.00112057291534568,-0.000341457834451777
29.3666666666667,0.000370261942766377,-0.00107088386643503,-0.000340718075423063
29.4,0.000310056384547323,-0.00101408686900447,-0.000339990923133132
29.4333333333333,0.000244306889145105,-0.000950586305510355,-0.000339274791414495
29.4666666666667,0.000174215494300301,-0.000880831719674803,-0.000338567948464958
29.5,0.000101056045076453,-0.000805313966355764,-0.000337868548547528
29.5333333333333,2.61497219280577e-05,-0.000724561169076621,-0.000337174665333877
29.5666666666667,-4.9159931196147e-05,-0.000639134382203168,-0.000336484326893187
29.6,-0.000123531447070945,-0.000549623136823945,-0.000335795550924339
29.6333333333333,-0.00019564941984247,-0.000456640815090562,-0.000335106380378176
29.6666666666667,-0.000264247040513567,-0.000360819987718537,-0.000334414917965628
29.7,-0.000328127448580714,-0.000262807694560151,-0.000333719359834003
29.7333333333333,-0.000386183011337279,-0.000163260762135182,-0.000333018026922018
29.7666666666667,-0.000437412940566831,-6.28411667992673e-05,-0.000332309394380704
29.8,-0.000480938495138407,3.77885028365079e-05,-0.000331592117687382
29.8333333333333,-0.000516016254364187,0.000137969452154892,-0.00033086505590361
29.8666666666667,-0.000542048853623001,0.000237050939011137,-0.000330127290903478
29.9,-0.000558593664101667,0.000334394335059647,-0.000329378143040787
29.9333333333333,-0.000565368944323927,0.000429377005295322,-0.000328617182343641
29.9666666666667,-0.000562150306308236,0.0005213959754321,-0.000327844235865662
30,-0.000548828236259302,0.000609871231624224,-0.000327059392648586
