0,0,0,0
0.0333333333333333,7.7741897484193e-08,-4.03162281394909e-07,-0.282894739209291
0.0666666666666667,3.13902811641288e-07,-1.57215934624793e-06,-1.05828030682181
0.1,7.17411060343795e-07,-3.39364930416857e-06,-2.14380988393533
0.133333333333333,1.30235229530096e-06,-5.70194148634638e-06,-3.33056748680104
0.166666666666667,2.08414619588755e-06,-8.30369144771317e-06,-4.45337288826973
0.2,3.07240347891195e-06,-1.10002853614161e-05,-5.41818931383572
0.233333333333333,4.26231172045669e-06,-1.36054118078868e-05,-6.19367051601755
0.266666666666667,5.62725962067989e-06,-1.5957866663451e-05,-6.78842900964319
0.3,7.11490808190533e-06,-1.79302356222842e-05,-7.229821392383
0.333333333333333,8.64781753613662e-06,-1.94338932660356e-05,-7.54994410050361
0.366666666666667,1.01286520867178e-05,-2.0420576410036e-05,-7.77842175672357
0.4,1.14491487195405e-05,-2.08808214949869e-05,-7.93968409418983
0.433333333333333,1.25015118069132e-05,-2.08397100531452e-05,-8.05262972599567
0.466666666666667,1.31906362289606e-05,-2.03505374638327e-05,-8.13131394312984
0.5,1.34455277837144e-05,-1.94871451236187e-05,-8.18592790891965
0.533333333333333,1.32284531838505e-05,-1.83357092024974e-05,-8.22373863870581
0.566666666666667,1.25406612530358e-05,-1.6986753014562e-05,-8.24987013661976
0.6,1.142394931539e-05,-1.55280490345135e-05,-8.26790813433757
0.633333333333333,9.95784220521124e-06,-1.40389161127392e-05,-8.28034899748934
0.666666666666667,8.25265885971682e-06,-1.25862172902444e-05,-8.28892457036732
0.7,6.43920566810993e-06,-1.1222149293895e-05,-8.29483344547109
0.733333333333333,4.65620891135782e-06,-9.98371280337291e-06,-8.2989037489782
0.766666666666667,3.03684104868831e-06,-8.89358217427353e-06,-8.30170702293922
0.8,1.69578930563896e-06,-7.96197899296725e-06,-8.30363740649971
0.833333333333333,7.18248583924929e-07,-7.18909728182713e-06,-8.30496658017712
0.866666666666667,1.52011000371304e-07,-6.56764006267081e-06,-8.30588173084746
0.9,-3.48614641436412e-09,-6.08509308692571e-06,-8.30651178334908
0.933333333333333,-2.37982869480214e-07,-5.72546413598754e-06,-8.30694553196022
0.966666666666667,-7.83825808267054e-07,-5.47031182250946e-06,-8.30724412311819
1,-1.5407831075382e-06,-5.29921355176608e-06,-8.30744964004161
1.03333333333333,-2.39202588705364e-06,-5.18989986806755e-06,-8.3075911025514
1.06666666666667,-3.21772998395333e-06,-5.11815846616431e-06,-8.30768845895038
1.1,-3.90862237205482e-06,-5.05792487627668e-06,-8.30775545022922
1.13333333333333,-4.37794919460857e-06,-4.98179366915252e-06,-8.3078015367331
1.16666666666667,-4.57045716559735e-06,-4.86219857343361e-06,-8.30783322752266
1.2,-4.46745415085457e-06,-4.6733621481898e-06,-8.30785500758127
1.23333333333333,-4.08749751303271e-06,-4.39395077432023e-06,-8.30786996533888
1.26666666666667,-3.48275846191107e-06,-4.01022757571473e-06,-8.30788022610279
1.3,-2.73162817362161e-06,-3.51935758304315e-06,-8.30788725417763
1.33333333333333,-1.92854925818988e-06,-2.93239961196013e-06,-8.3078920567138
1.36666666666667,-1.1723246553287e-06,-2.27651405865192e-06,-8.30789532788005
1.4,-5.54322159075582e-07,-1.59589683864321e-06,-8.30789754372852
1.43333333333333,-1.47890291629102e-07,-9.51109682280646e-07,-8.30789903278588
1.46666666666667,-1.89705565211411e-10,-4.16551769696995e-07,-8.30790002023366
1.5,1.27275566730263e-07,-7.60778676305833e-08,-8.30790066124488
1.53333333333333,5.12630682080619e-07,1.69324805603668e-08,-8.30790106206633
1.56666666666667,1.10955307482903e-06,3.2229008396782e-07,-8.30790129593319
1.6,1.84753143319817e-06,1.06273345122007e-06,-8.30790141353506
1.63333333333333,2.64135262412067e-06,2.28786837329157e-06,-8.30790145015053
1.66666666666667,3.40170524722297e-06,4.01910669343703e-06,-8.30790143082425
1.7,3.60312691484362e-06,4.62500483136996e-06,-6.93504766175096
1.73333333333333,3.71087988557439e-06,3.6709868029711e-06,-5.06139391386864
1.76666666666667,4.18609171896748e-06,2.70670925696384e-06,-3.85592180286552
1.8,4.94815277267713e-06,1.8244708687749e-06,-3.03492807557231
1.83333333333333,5.9452869272144e-06,1.08170284022249e-06,-2.45073258788478
1.86666666666667,7.12666711850892e-06,5.15599637267188e-07,-2.02030884797615
1.9,8.43247777015255e-06,1.50674427935169e-07,-1.69406873583866
1.93333333333333,9.79221070114022e-06,2.80708221591452e-09,-1.44091342280152
1.96666666666667,1.11271571738824e-05,-8.14558374410219e-08,-1.24053775044408
2,1.23550939220462e-05,-3.90762975108271e-07,-1.07922802421763
2.03333333333333,1.33959864190582e-05,-9.30054276676146e-07,-0.947451628409506
2.06666666666667,1.41779059362991e-05,-1.69417290742534e-06,-0.838415630051991
2.1,1.46425153322112e-05,-2.67367832975911e-06,-0.747173488180134
2.13333333333333,1.47496262273162e-05,-3.85497439448428e-06,-0.670054001590937
2.16666666666667,1.44804588213845e-05,-5.22042333998218e-06,-0.604286152450682
2.2,1.38393627841804e-05,-6.74848488177996e-06,-0.547746639853153
2.23333333333333,1.28538872370442e-05,-8.41390827464689e-06,-0.498786359624538
2.26666666666667,1.15732135807873e-05,-1.01879971403112e-05,-0.456108772827718
2.3,1.00650828318694e-05,-1.20389605594666e-05,-0.418683166703155
2.33333333333333,8.41145130956455e-06,-1.39323583928098e-05,-0.385681852554953
2.36666666666667,6.70318866726601e-06,-1.58316437838349e-05,-0.356433984583598
2.4,5.03419149900471e-06,-1.76988005927969e-05,-0.330391213481448
2.43333333333333,3.49531297591084e-06,-1.94950693101871e-05,-0.307101780428435
2.46666666666667,2.1685170963189e-06,-2.11817494539919e-05,-0.286190811534538
2.5,1.12163845321359e-06,-2.27210636599871e-05,-0.267345123997574
2.53333333333333,4.04089057247488e-07,-2.40770634835762e-05,-0.250301435726575
2.56666666666667,4.37856365498249e-08,-2.52165545014165e-05,-0.23483711984591
2.6,-4.54883348545934e-08,-2.61100151423718e-05,-0.220762898151295
2.63333333333333,-3.90450149489551e-07,-2.67324714904647e-05,-0.20791701880555
2.66666666666667,-1.03722728738135e-06,-2.7064294252733e-05,-0.196160589774307
2.7,-1.92462512819102e-06,-2.70919300934041e-05,-0.18537381231782
2.73333333333333,-2.97623744369143e-06,-2.68085499347421e-05,-0.17545291041932
2.76666666666667,-4.10606372911131e-06,-2.62145434619834e-05,-0.166307630353462
2.8,-5.22474409069004e-06,-2.53178599605617e-05,-0.157859177460034
2.83333333333333,-6.24595779850411e-06,-2.41341582942977e-05,-0.150038515251077
2.86666666666667,-7.09251552200634e-06,-2.26867537284186e-05,-0.142784950015075
2.9,-7.70170547011546e-06,-2.10063496628726e-05,-0.136044948955155
2.93333333333333,-8.02952097450061e-06,-1.91305482232712e-05,-0.129771149607043
2.96666666666667,-8.05348830598891e-06,-1.71031439446342e-05,-0.123921528739175
3,-7.77392531652425e-06,-1.49732064641623e-05,-0.118458690506803
3.03333333333333,-7.2135687716912e-06,-1.27939740444709e-05,-0.113349273131164
3.06666666666667,-6.41563313945495e-06,-1.06215776135979e-05,-0.108563434706583
3.1,-5.44046982948772e-06,-8.51362949814435e-06,-0.10407441761496
3.13333333333333,-4.36108939413909e-06,-6.52771274299826e-06,-0.0998581752352082
3.16666666666667,-3.25786193302758e-06,-4.71980988973418e-06,-0.0958930470580448
3.2,-2.21278571466897e-06,-3.14271818701051e-06,-0.0921594806329663
3.23333333333333,-1.30371134836051e-06,-1.84449717567746e-06,-0.0886397899659493
3.26666666666667,-5.98912826364422e-07,-8.66996692476006e-07,-0.0853179460944252
3.3,-1.52360191658243e-07,-2.44510440191764e-07,-0.0821793937656233
3.33333333333333,4.54169462917598e-12,-2.60085717355335e-09,-0.0792108922234749
3.36666666666667,1.57267277651926e-07,1.5711495047897e-07,-0.0764003749024088
3.4,6.17567426335598e-07,7.13188123022221e-07,-0.0737368269881017
3.43333333333333,1.35237514639862e-06,1.66442014390671e-06,-0.0712101770222019
3.46666666666667,2.31330066656745e-06,2.99274804181728e-06,-0.068811201853382
3.5,3.43562966068808e-06,4.66871019379763e-06,-0.0665314421028708
3.53333333333333,4.64305267424253e-06,6.6521008271371e-06,-0.0643631277110309
3.56666666666667,5.85320566966512e-06,8.89299143238051e-06,-0.0622991114484318
3.6,6.98358754005985e-06,1.13330817689385e-05,-0.0603328101125022
3.63333333333333,7.95743301155251e-06,1.39073517131797e-05,-0.0584581518106405
3.66666666666667,8.70909124034817e-06,1.65459529578811e-05,-0.0566695291565786
3.7,9.18854212776723e-06,1.91762827257268e-05,-0.0549617571587579
3.73333333333333,9.36472703931618e-06,2.17251674042226e-05,-0.0533300356972418
3.76666666666667,9.22748924798896e-06,2.41210846195658e-05,-0.0517699156477243
3.8,8.78800603076955e-06,2.62963466019714e-05,-0.0502772685948511
3.83333333333333,8.07772069093572e-06,2.81891734835148e-05,-0.0488482594026359
3.86666666666667,7.14587779649876e-06,2.97455856712081e-05,-0.0474793216138926
3.9,6.05586491624039e-06,3.09210548233954e-05,-0.0461671351043767
3.93333333333333,4.88063976620585e-06,3.16818592792613e-05,-0.0449086059825626
3.96666666666667,3.69757269080574e-06,3.20061027155784e-05,-0.0437008482810079
4,2.5830722778609e-06,3.18843655673192e-05,-0.0425411674420681
4.03333333333333,1.60735746676346e-06,3.13199720832799e-05,-0.0414270452362979
4.06666666666667,8.2973310168119e-07,3.03288690829765e-05,-0.0403561261233565
4.1,2.94673615427229e-07,2.89391243022915e-05,-0.0393262047653273
4.13333333333333,2.89729960291995e-08,2.7190065724883e-05,-0.0383352147061734
4.16666666666667,-4.01325435010526e-08,2.51310923088475e-05,-0.0373812179834722
4.2,-3.1593780305179e-07,2.28202013558602e-05,-0.0364623956914295
4.23333333333333,-8.2515089077207e-07,2.03222818869991e-05,-0.0355770392960705
4.26666666666667,-1.51994821742163e-06,1.77072111874586e-05,-0.0347235427195728
4.3,-2.339712655995e-06,1.50478240894857e-05,-0.0339003950484894
4.33333333333333,-3.21572360116727e-06,1.24178176881916e-05,-0.0331061738765621
4.36666666666667,-4.07641869317922e-06,9.88965651919737e-06,-0.0323395391541311
4.4,-4.85278496079114e-06,7.53253976472071e-06,-0.0315992275601071
4.43333333333333,-5.48349866429719e-06,5.41048683429523e-06,-0.0308840472911496
4.46666666666667,-5.91941962287746e-06,3.58059525156177e-06,-0.0301928732828493
4.5,-6.12712669186438e-06,2.0915160117497e-06,-0.0295246427758722
4.53333333333333,-6.09124232574774e-06,9.8218571921038e-07,-0.0288783512410341
4.56666666666667,-5.81540350684604e-06,2.80845202544771e-07,-0.0282530485909235
4.6,-5.32182633198022e-06,4.36658342096935e-09,-0.0276478356912707
4.63333333333333,-4.64952310701744e-06,-1.57881408615033e-07,-0.0270618611115968
4.66666666666667,-3.85132136304958e-06,-7.34462260849576e-07,-0.0264943181276232
4.7,-2.98991244699515e-06,-1.71501803396542e-06,-0.0259444419245744
4.73333333333333,-2.13322006249839e-06,-3.06895415121958e-06,-0.0254115070128796
4.76666666666667,-1.34942247190628e-06,-4.75519802254621e-06,-0.0248948248135359
4.8,-7.01983189221814e-07,-6.72353829413181e-06,-0.0243937414239832
4.83333333333333,-2.45030836491529e-07,-8.9162214312402e-06,-0.0239076355281406
4.86666666666667,-1.94081301944778e-08,-1.12697370737472e-05,-0.0234359164605794
4.9,4.96492834038235e-08,-1.37167459563651e-05,-0.0229780223934309
4.93333333333333,3.41925882896406e-07,-1.61880800304795e-05,-0.022533418652206
4.96666666666667,8.83027461763022e-07,-1.86147597331681e-05,-0.0221015961411722
5,1.6410948868567e-06,-2.09299519664697e-05,-0.0216820698858732
5.03333333333333,2.56785836997309e-06,-2.30708181987017e-05,-0.0212743776625196
5.06666666666667,3.60209953562965e-06,-2.49801952237596e-05,-0.0208780787254388
5.1,4.67410145050541e-06,-2.66080706776455e-05,-0.0204927526125857
5.13333333333333,5.71071225485127e-06,-2.79128128555309e-05,-0.020117998035112
5.16666666666667,6.64066381749115e-06,-2.88621328433203e-05,-0.019753431833884
5.2,7.39973023529979e-06,-2.94337580332975e-05,-0.0193986880082792
5.23333333333333,7.93535776359912e-06,-2.96158139865568e-05,-0.0190534168022591
5.26666666666667,8.21042107171287e-06,-2.94069120119724e-05,-0.0187172838524058
5.3,8.20585178894343e-06,-2.88159562209526e-05,-0.0183899693848988
5.33333333333333,7.92195495684726e-06,-2.7861683589194e-05,-0.0180711674655419
5.36666666666667,7.3783425946545e-06,-2.65719634635932e-05,-0.0177605852915705
5.4,6.61250292506674e-06,-2.49828823172075e-05,-0.0174579425289063
5.43333333333333,5.6771261012259e-06,-2.31376481254326e-05,-0.017162970685122
5.46666666666667,4.6363892844939e-06,-2.10853478675009e-05,-0.0168754125214585
5.5,3.56146906657001e-06,-1.88795957582485e-05,-0.0165950214954812
5.53333333333333,2.52560221815937e-06,-1.65771089652261e-05,-0.0163215612374847
5.56666666666667,1.59903158640592e-06,-1.42362475695176e-05,-0.0160548050533625
5.6,8.44186404615282e-07,-1.19155549127957e-05,-0.0157945354568779
5.63333333333333,3.1141447254634e-07,-9.67233111635147e-06,-0.0155405437250043
5.66666666666667,3.55547025555763e-08,-7.56127225741253e-06,-0.0152926294791248
5.7,-3.35686600091377e-08,-5.63320189629596e-06,-0.015050600286736
5.73333333333333,-3.03250768639598e-07,-3.93392090909127e-06,-0.0148142712886142
5.76666666666667,-8.22955060813625e-07,-2.50319526455922e-06,-0.0145834648416456
5.8,-1.55304895215954e-06,-1.37390708107821e-06,-0.0143580101781221
5.83333333333333,-2.43885389224676e-06,-5.71376048971218e-07,-0.0141377430847147
5.86666666666667,-3.41466389369335e-06,-1.12862085040878e-07,-0.0139225056003048
5.9,-4.40858314664278e-06,7.25236324959744e-09,-0.0137121457284271
5.93333333333333,-5.34777317283843e-06,2.54885377235734e-07,-0.0135065171667983
5.96666666666667,-6.1637425538198e-06,8.47301034188058e-07,-0.0133054790501898
6,-6.79727624922514e-06,1.76730572019058e-06,-0.0131088957086484
6.03333333333333,-7.20265933284674e-06,2.98948027825353e-06,-0.0129166364378946
6.06666666666667,-7.35088836740182e-06,4.48086876525496e-06,-0.0127285752834646
6.1,-7.23166063237714e-06,6.20187255556545e-06,-0.0125445908356725
6.13333333333333,-6.8540089623206e-06,8.10729266844846e-06,-0.0123645660366589
6.16666666666667,-6.24556249780602e-06,1.01475053823142e-05,-0.0121883879968958
6.2,-5.45050183358334e-06,1.22697371835562e-05,-0.0120159478221726
6.23333333333333,-4.52637109238639e-06,1.4419408119344e-05,-0.0118471404486844
6.26666666666667,-3.53998424567131e-06,1.6541506983031e-05,-0.0116818644870715
6.3,-2.56271597545849e-06,1.85819682433155e-05,-0.0115200220732913
6.33333333333333,-1.66550962498761e-06,2.04890126271465e-05,-0.0113615187270579
6.36666666666667,-9.13938595647353e-07,2.22144236895931e-05,-0.0112062632159832
6.4,-3.63658653485007e-07,2.37147258814389e-05,-0.0110541674261124
6.43333333333333,-5.65479747309887e-08,2.49522406430038e-05,-0.0109051462372203
6.46666666666667,1.77921812778413e-08,2.58959929771563e-05,-0.0107591174034932
6.5,2.53998283360052e-07,2.65224499487158e-05,-0.0106160014365207
6.53333333333333,7.52234933421557e-07,2.68160689754212e-05,-0.0104757214941631
6.56666666666667,1.48069981659734e-06,2.67696569057874e-05,-0.010338203277006
6.6,2.3909905399869e-06,2.63845280840989e-05,-0.0102033749264274
6.63333333333333,3.4215647600136e-06,2.56704603992211e-05,-0.0100711669252654
6.66666666666667,4.50216906696718e-06,2.46454503063718e-05,-0.00994151200285113
6.7,5.55887472453212e-06,2.33352708880302e-05,-0.00981434504305364
6.73333333333333,6.51934709616685e-06,2.17728467961526e-05,-0.00968960299641555
6.76666666666667,7.31796952059128e-06,1.99974567295137e-05,-0.00956722479549193
6.8,7.90043597803391e-06,1.80537854761958e-05,-0.00944715127434989
6.83333333333333,8.22750083746087e-06,1.59908427469996e-05,-0.00932932509140662
6.86666666666667,8.27761699267335e-06,1.3860777587131e-05,-0.00921369065652322
6.9,8.04830159888464e-06,1.17176106137671e-05,-0.00910019406154802
6.93333333333333,7.55614606546261e-06,9.61591738052005e-06,-0.00898878301512043
6.96666666666667,6.83549803716264e-06,7.60948853523519e-06,-0.00887940678093899
7,5.93592663230769e-06,5.75000183058225e-06,-0.00877201612014842
7.03333333333333,4.9186676585765e-06,4.08573309520964e-06,-0.00866656323706147
7.06666666666667,3.85231073459561e-06,2.66034010782556e-06,-0.00856300172868747
7.1,2.80803136353116e-06,1.51174563716215e-06,-0.00846128653730737
7.13333333333333,1.85470198498444e-06,6.7114967545447e-07,-0.00836137390638162
7.16666666666667,1.05420801059637e-06,1.62193867159201e-07,-0.00826322133907292
7.2,4.57286019499639e-07,-3.01710266187558e-10,-0.0081667875595049
7.23333333333333,1.00151514683334e-07,-1.92181859459997e-07,-0.00807203247609896
7.26666666666667,-2.13895611246591e-09,-7.35294202877543e-07,-0.00797891714698935
7.3,-1.64453539838219e-07,-1.61755820731791e-06,-0.00788740374800985
7.33333333333333,-5.69868066476049e-07,-2.81759468635067e-06,-0.00779745554275828
7.36666666666667,-1.18381754464009e-06,-4.30522429621412e-06,-0.00770903684953447
7.4,-1.95705805788706e-06,-6.04223764285897e-06,-0.00762211301052814
7.43333333333333,-2.82937057659329e-06,-7.98339833805395e-06,-0.00753665036245672
7.46666666666667,-3.73405787005269e-06,-1.00776524711374e-05,-0.00745261620722901
7.5,-4.6028709783978e-06,-1.22695159429782e-05,-0.00736997878276285
7.53333333333333,-5.37099146291627e-06,-1.45005947892149e-05,-0.00728870723389274
7.56666666666667,-5.98171391671448e-06,-1.67111971816858e-05,-0.00720877158316256
7.6,-6.39047578916082e-06,-1.88419882055753e-05,-0.00713014270169365
7.63333333333333,-6.56796247229263e-06,-2.08356395136239e-05,-0.00705279227998168
7.66666666666667,-6.50206823557721e-06,-2.26384247954857e-05,-0.00697669279892615
7.7,-6.19859906153366e-06,-2.42017144717501e-05,-0.00690181750098813
7.73333333333333,-5.68068278160472e-06,-2.54833261955739e-05,-0.00682814036187662
7.76666666666667,-4.98695463799051e-06,-2.64486919031806e-05,-0.00675563606266109
7.8,-4.16866451034021e-06,-2.70718090967697e-05,-0.00668427996276664
7.83333333333333,-3.28592591647414e-06,-2.73359491024508e-05,-0.00661404807372359
7.86666666666667,-2.40338192068351e-06,-2.72341047738784e-05,-0.00654491703413269
7.9,-1.58559274452213e-06,-2.67691652751225e-05,-0.0064768640856757
7.93333333333333,-8.92468878739324e-07,-2.59538167390618e-05,-0.00640986705058831
7.96666666666667,-3.75056951900814e-07,-2.48101721551928e-05,-0.00634390431037759
8,-7.19656873972308e-08,-2.33691450170972e-05,-0.00627895478611849
8.03333333333333,6.66535993652693e-09,-2.16695846735121e-05,-0.00621499792004628
8.06666666666667,1.85780167032288e-07,-1.97572017586262e-05,-0.00615201365765245
8.1,5.98261262635421e-07,-1.7683315434444e-05,-0.0060899824308319
8.13333333333333,1.21596251044782e-06,-1.55034542944404e-05,-0.00602888514582511
8.16666666666667,1.99571789798641e-06,-1.32758490666476e-05,-0.00596870317083194
8.2,2.88250178571752e-06,-1.10598627991973e-05,-0.00590941832405911
8.23333333333333,3.81348075766727e-06,-8.91439906853064e-06,-0.00585101286278994
8.26666666666667,4.72260774847104e-06,-6.89633286096105e-06,-0.00579346947303038
8.3,5.54543077791375e-06,-5.0590049379879e-06,-0.00573677125956958
8.33333333333333,6.22374782476344e-06,-3.45081920560325e-06,-0.00568090173634181
8.36666666666667,6.70977457509498e-06,-2.11397892347391e-06,-0.0056258448168581
8.4,6.969517770471e-06,-1.0833937044134e-06,-0.00557158480463971
8.43333333333333,6.98512846019005e-06,-3.85784210997134e-07,-0.00551810638349326
8.46666666666667,6.75607222453924e-06,-3.90062146484117e-08,-0.00546539460761593
8.5,6.29905645742033e-06,5.16070507406838e-08,-0.00541343489143531
8.53333333333333,5.64673454521319e-06,4.22503343936962e-07,-0.00536221299927461
8.56666666666667,4.84529951941331e-06,1.14067801563985e-06,-0.0053117150348123
8.6,3.95114834714921e-06,2.18542449031003e-06,-0.00526192743035855
8.63333333333333,3.02686224185827e-06,3.52698454989971e-06,-0.00521283693599454
8.66666666666667,2.13679206573594e-06,5.12743480003151e-06,-0.00516443060879138
8.7,1.34255364479652e-06,6.94182046066908e-06,-0.00511669580212667
8.73333333333333,6.98746008294364e-07,8.91947306690976e-06,-0.00506962015535442
8.76666666666667,2.49177207945039e-07,1.10054849858542e-05,-0.00502319158381403
8.8,2.38541553524597e-08,1.31422882591512e-05,-0.00497739826944164
8.83333333333333,-3.69290006348737e-08,1.52712914288761e-05,-0.00493222865205999
8.86666666666667,-2.85611901990143e-07,1.73345240134295e-05,-0.00488767142270251
8.9,-7.50037417802031e-07,1.92762441498075e-05,-0.00484371551602166
8.93333333333333,-1.39465791102095e-06,2.1044455040055e-05,-0.00480035010201949
8.96666666666667,-2.17090580239438e-06,2.2592293562519e-05,-0.00475756458028448
9,-3.02079781586732e-06,2.38792492115464e-05,-0.00471534857517833
9.03333333333333,-3.88123734823565e-06,2.4872187645255e-05,-0.00467369193171184
9.06666666666667,-4.68865624249731e-06,2.5546150471108e-05,-0.00463258471222531
9.1,-5.38366983770415e-06,2.58849187389448e-05,-0.00459201719365318
9.13333333333333,-5.91538755502674e-06,2.5881326835401e-05,-0.00455197986525484
9.16666666666667,-6.24507539939393e-06,2.55373290628829e-05,-0.00451246342666893
9.2,-6.34890301115969e-06,2.48638200004709e-05,-0.00447345878609107
9.23333333333333,-6.21959511626456e-06,2.3880224071887e-05,-0.00443495705845569
9.26666666666667,-5.86687717576222e-06,2.26138682621983e-05,-0.00439694956340682
9.3,-5.31670419474297e-06,2.10991634561595e-05,-0.0043594278229749
9.33333333333333,-4.60934110856505e-06,1.93766183145931e-05,-0.00432238355877341
9.36666666666667,-3.796445549353e-06,1.749171752178e-05,-0.00428580868867661
9.4,-2.93737006196094e-06,1.54936947728063e-05,-0.0042496953228587
9.43333333333333,-2.09494666242876e-06,1.34342349082e-05,-0.00421403575919718
9.46666666666667,-1.33105293233939e-06,1.13661383793971e-05,-0.00417882247801194
9.5,-7.02260739960196e-07,9.34198158961766e-06,-0.00414404813617412
9.53333333333333,-2.55867536210719e-07,7.41280572666376e-06,-0.00410970556065566
9.56666666666667,-2.65723885882728e-08,5.62686396949058e-06,-0.00407578774156998
9.6,3.40192049690312e-08,4.0284562167484e-06,-0.00404228782476984
9.63333333333333,2.81243138912773e-07,2.65687526403565e-06,-0.00400919910300787
9.66666666666667,7.54017200177131e-07,1.54548794977221e-06,-0.00397651500828379
9.7,1.42171249808344e-06,7.20971071283857e-07,-0.00394422910573954
9.73333333333333,2.23948289795874e-06,2.02715693863857e-07,-0.00391233508627474
9.76666666666667,3.15148503729161e-06,2.40960459593808e-09,-0.00388082675937188
9.8,4.09490996831588e-06,-1.23791329918638e-07,-0.00384969804652935
9.83333333333333,5.00450574155887e-06,-5.62411348084496e-07,-0.00381894297512451
9.86666666666667,5.81725614870329e-06,-1.30551961052367e-06,-0.00378855567303315
9.9,6.47687871692481e-06,-2.33242846996465e-06,-0.00375853036398021
9.93333333333333,6.93780409679128e-06,-3.61509381269623e-06,-0.00372886136379147
9.96666666666667,7.16836541915689e-06,-5.11889832908686e-06,-0.00369954307745402
10,7.15296830640802e-06,-6.80360147353802e-06,-0.00367056999706541
10.0333333333333,6.89310795788353e-06,-8.62442754093257e-06,-0.00364193670055714
10.0666666666667,6.40717136913586e-06,-1.05332645906165e-05,-0.00361363785118305
10.1,5.72905973085694e-06,-1.24799410301623e-05,-0.00358566819764016
10.1333333333333,4.90574207393997e-06,-1.44135423744435e-05,-0.00355802257472892
10.1666666666667,3.99392448059735e-06,-1.62837375549963e-05,-0.00353069590442765
10.2,3.05607775520312e-06,-1.8042075213234e-05,-0.00350368319722484
10.2333333333333,2.15609982796377e-06,-1.96432216136611e-05,-0.00347697955360734
10.2666666666667,1.35491615475771e-06,-2.10461044585632e-05,-0.00345058016551682
10.3,7.06311031257126e-07,-2.22149389192377e-05,-0.0034244803177064
10.3333333333333,2.53273204878273e-07,-2.31201075351197e-05,-0.00339867538881168
10.3666666666667,2.50920840725795e-08,-2.37388771583709e-05,-0.00337316085210747
10.4,-3.53953522992246e-08,-2.405593440802e-05,-0.00334793227589041
10.4333333333333,-2.8112756641666e-07,-2.40637301050165e-05,-0.00332298532449126
10.4666666666667,-7.42448582025028e-07,-2.37626239424103e-05,-0.00329831575762099
10.5,-1.38411916516902e-06,-2.31608350803138e-05,-0.00327391942763157
10.5333333333333,-2.15812058722769e-06,-2.22741987853402e-05,-0.00324979227758006
10.5666666666667,-3.00719017486142e-06,-2.11257376667111e-05,-0.0032259303388091
10.6,-3.86902202134954e-06,-1.97450606054148e-05,-0.00320232972804348
10.6333333333333,-4.68080127287795e-06,-1.81676026599615e-05,-0.0031789866442039
10.6666666666667,-5.38373771300623e-06,-1.64337288362615e-05,-0.00315589736497392
10.7,-5.92727231158059e-06,-1.45877199661577e-05,-0.00313305824322893
10.7333333333333,-6.27264439759154e-06,-1.26766693453671e-05,-0.00311046570346201
10.7666666666667,-6.39558006762366e-06,-1.07493121422924e-05,-0.00308811623826653
10.8,-6.2879122317588e-06,-8.85481948367255e-06,-0.00306600640501827
10.8333333333333,-5.9580399515833e-06,-7.04158108789701e-06,-0.0030441328227867
10.8666666666667,-5.4302068873278e-06,-5.35600889953635e-06,-0.00302249216959312
10.9,-4.74267136104694e-06,-3.8413856125253e-06,-0.00300108118001301
10.9333333333333,-3.94491113163345e-06,-2.53678839612403e-06,-0.00297989664319733
10.9666666666667,-3.09407091218353e-06,-1.47610986095372e-06,-0.00295893540128069
11,-2.25090988194355e-06,-6.87202032974437e-07,-0.00293819434819953
11.0333333333333,-1.47553045554526e-06,-1.91161690427836e-07,-0.00291767042886616
11.0666666666667,-8.23185815439842e-07,-1.7762866084203e-09,-0.00289736063867117
11.1,-3.40445587901932e-07,1.25129271907423e-07,-0.00287726202324767
11.1333333333333,-6.19797980801257e-08,5.59212951842816e-07,-0.00285737167842802
11.1666666666667,8.16993777421902e-09,1.29367761698637e-06,-0.00283768675032581
11.2,1.83645320163751e-07,2.31005347332029e-06,-0.00281820443479163
11.2333333333333,5.76642536319352e-07,3.58220790952234e-06,-0.00279892197691945
11.2666666666667,1.15967524726333e-06,5.07702659595987e-06,-0.00277983667246656
11.3,1.89156080639128e-06,6.75529381019069e-06,-0.00276094586804692
11.3333333333333,2.72042221295703e-06,8.57274171340816e-06,-0.00274224696064633
11.3666666666667,3.58748464530119e-06,1.04812472065091e-05,-0.00272373739694391
11.4,4.4313408264039e-06,1.2430137198388e-05,-0.00270541467217561
11.4333333333333,5.19238503755e-06,1.43675677802987e-05,-0.00268727632860728
11.4666666666667,5.81707757751576e-06,1.62419367602719e-05,-0.002669319953628
11.5,6.26173779717213e-06,1.80032898761167e-05,-0.00265154317748493
11.5333333333333,6.49558781092858e-06,1.96046804820646e-05,-0.00263394367074861
11.5666666666667,6.50284631069438e-06,2.10034443085308e-05,-0.00261651914154954
11.6,6.28372858080975e-06,2.21623540070059e-05,-0.00259926733272662
11.6333333333333,5.85430484660241e-06,2.3050620894506e-05,-0.00258218601893106
11.6666666666667,5.24524004177042e-06,2.36447177864337e-05,-0.00256527300385645
11.7,4.49952378118678e-06,2.39289997658992e-05,-0.00254852611762708
11.7333333333333,3.66936322007978e-06,2.3896108773799e-05,-0.0025319432145153
11.7666666666667,2.81246575686484e-06,2.35471506353504e-05,-0.0025155221709992
11.8,1.98797808388332e-06,2.28916435726162e-05,-0.0024992608843019
11.8333333333333,1.25236102993089e-06,2.19472393805419e-05,-0.00248315727139876
11.8666666666667,6.55485866732408e-07,2.07392290279151e-05,-0.00246720926858077
11.9,2.3721083380974e-07,1.92998457118257e-05,-0.00245141483153702
11.9333333333333,2.46693210734467e-08,1.76673879906206e-05,-0.00243577193597675
11.9666666666667,-3.04424737830703e-08,1.58851859179861e-05,-0.00242027857880098
12,-2.51631874858886e-07,1.40004412427645e-05,-0.00240493278049899
12.0333333333333,-6.69804751078339e-07,1.20629720800215e-05,-0.00238973258698772
12.0666666666667,-1.25230651551357e-06,1.01238937200777e-05,-0.00237467607064962
12.1,-1.95472297525734e-06,8.23427137666531e-06,-0.00235976133267334
12.1333333333333,-2.72418460025871e-06,6.44378063614195e-06,-0.00234498650550085
12.1666666666667,-3.50329109915586e-06,4.79941018584572e-06,-0.00233034975521284
12.2,-4.2343292542501e-06,3.34424028190104e-06,-0.00231584928377605
12.2333333333333,-4.86348835210068e-06,2.11632743244853e-06,-0.00230148333106561
12.2666666666667,-5.34475034137517e-06,1.14772342936353e-06,-0.00228725017649778
12.3,-5.64318189200078e-06,4.63652831758988e-07,-0.00227314814026586
12.3333333333333,-5.73738871883797e-06,8.18690222275867e-08,-0.00225917558403758
12.3666666666667,-5.62097273588037e-06,-1.22040303840042e-08,-0.00224533091113703
12.4,-5.30289524722541e-06,-2.56269490770411e-07,-0.0022316125661349
12.4333333333333,-4.80674161705415e-06,-8.07147836290121e-07,-0.00221801903391604
12.4666666666667,-4.16894964118091e-06,-1.64944035002633e-06,-0.0022045488381642
12.5,-3.43614152511943e-06,-2.75972714219017e-06,-0.0021912005393102
12.5333333333333,-2.66176129304816e-06,-4.10723727530185e-06,-0.00217797273205478
12.5666666666667,-1.9022554039741e-06,-5.65474549970848e-06,-0.00216486404251365
12.6,-1.21306949837674e-06,-7.35964066438058e-06,-0.00215187312511777
12.6333333333333,-6.44734994603482e-07,-9.17514287348413e-06,-0.00213899865933523
12.6666666666667,-2.3931590087265e-07,-1.10516301249335e-05,-0.00212623934637708
12.7,-2.74520307691179e-08,-1.29380341602202e-05,-0.00211359390593335
12.7333333333333,2.61976347474895e-08,-1.47832633573856e-05,-0.00210106107306144
12.7666666666667,2.37700690130172e-07,-1.65376129662874e-05,-0.00208863959456154
12.8,6.48706706176986e-07,-1.81541211775733e-05,-0.00207632822634844
12.8333333333333,1.23139304241853e-06,-1.95898321827324e-05,-0.00206412573244168
12.8666666666667,1.94538806510995e-06,-2.08069308290616e-05,-0.00205203088350944
12.9,2.74070380047441e-06,-2.17737210516127e-05,-0.00204004245584219
12.9333333333333,3.56137964859296e-06,-2.2465420959862e-05,-0.00202815923091117
12.9666666666667,4.34954686839959e-06,-2.2864759775781e-05,-0.00201637999534415
13,5.04961249628607e-06,-2.29623604143685e-05,-0.00200470354137169
13.0333333333333,5.61225904488889e-06,-2.27569057047113e-05,-0.00199312866764295
13.0666666666667,5.9979598817909e-06,-2.22550848563944e-05,-0.00198165418035777
13.1,6.17976898467388e-06,-2.1471330050812e-05,-0.00197027889463402
13.1333333333333,6.14518417183836e-06,-2.04273515941368e-05,-0.00195900163601667
13.1666666666667,5.89696835924087e-06,-1.91514914999787e-05,-0.00194782124206093
13.2,5.45287908430216e-06,-1.76779136980535e-05,-0.00193673656388157
13.2333333333333,4.8443430886099e-06,-1.60456578072318e-05,-0.00192574646762311
13.2666666666667,4.11418148261264e-06,-1.42975816619381e-05,-0.00191484983574973
13.3,3.31355606709201e-06,-1.2479223295702e-05,-0.00190404556813611
13.3333333333333,2.49835956060665e-06,-1.06376114418383e-05,-0.00189333258288241
13.3666666666667,1.72530161657999e-06,-8.82005579553016e-06,-0.00188270981686027
13.4,1.04796541958877e-06,-7.07294685129573e-06,-0.0018721762259487
13.4333333333333,5.13099410061366e-07,-5.44059427583857e-06,-0.00186173078498771
13.4666666666667,1.57398050703069e-07,-3.96413154452854e-06,-0.00185137248744795
13.5,4.98224698718909e-09,-2.68051128613005e-06,-0.00184110034485819
13.5333333333333,-6.57401113567378e-08,-1.62161457208072e-06,-0.001830913386183
13.5666666666667,-3.34481796673647e-07,-8.13492435397576e-07,-0.00182081065773882
13.6,-7.91035498959647e-07,-2.75756938857294e-07,-0.00181079122166419
13.6333333333333,-1.40170288916782e-06,-2.11339750649889e-08,-0.00180085415400366
13.6666666666667,-2.12173356538824e-06,5.51826304837987e-08,-0.00179099854362732
13.7,-2.89861080799819e-06,3.7608417767232e-07,-0.00178122349111795
13.7333333333333,-3.67589126844382e-06,9.74462314648293e-07,-0.00177152810782051
13.7666666666667,-4.39730993011874e-06,1.83360844448109e-06,-0.00176191151511916
13.8,-5.01084507094657e-06,2.9299620853907e-06,-0.00175237284397057
13.8333333333333,-5.47245062750944e-06,4.23377063514252e-06,-0.001742911234716
13.8666666666667,-5.74918008990188e-06,5.70991769848273e-06,-0.0017335258371817
13.9,-5.82149104495312e-06,7.31888468470395e-06,-0.0017242158110522
13.9333333333333,-5.68456788515348e-06,9.01782354703173e-06,-0.00171498032648821
13.9666666666667,-5.34858691848738e-06,1.07617106582829e-05,-0.00170581856495698
14,-4.83791514114455e-06,1.25045462484503e-05,-0.00169672972020407
14.0333333333333,-4.18931573557287e-06,1.42005712654438e-05,-0.00168771299932959
14.0666666666667,-3.44929811928133e-06,1.58054641730701e-05,-0.00167876762386992
14.1,-2.67080639766454e-06,1.72774909301549e-05,-0.00166989283085112
14.1333333333333,-1.90948479348359e-06,1.85785738973987e-05,-0.00166108787370648
14.1666666666667,-1.21977744489858e-06,1.96752571890343e-05,-0.00165235202303509
14.2,-6.51134143114118e-07,2.05395407554611e-05,-0.00164368456710501
14.2333333333333,-2.44574507355214e-07,2.1149567219707e-05,-0.00163508481209301
14.2666666666667,-2.98445122720884e-08,2.14901428248434e-05,-0.00162655208199331
14.3,2.33490590124737e-08,2.15530842182949e-05,-0.00161808571816351
14.3333333333333,2.26909963317583e-07,2.13373825125862e-05,-0.0016096850779284
14.3666666666667,6.27316066689285e-07,2.0849183513535e-05,-0.00160134953343727
14.4,1.19715687280407e-06,2.01015898077611e-05,-0.00159307847120955
14.4333333333333,1.89681260963137e-06,1.91142903490804e-05,-0.00158487129053957
14.4666666666667,2.67731685689045e-06,1.79130304026824e-05,-0.00157672740158081
14.5,3.48391036571687e-06,1.65289342710477e-05,-0.00156864622330073
14.5333333333333,4.25998740847953e-06,1.49977013867909e-05,-0.00156062718130913
14.5666666666667,4.95116083110725e-06,1.33586936120248e-05,-0.0015526697056385
14.6,5.50913495418882e-06,1.16539397922416e-05,-0.00154477322860164
14.6333333333333,5.89511526849619e-06,9.92707833972379e-06,-0.00153693718275084
14.6666666666667,6.08250551815554e-06,8.22226713111846e-06,-0.00152916099907762
14.7,6.05871540276775e-06,6.58308273245272e-06,-0.00152144410546124
14.7333333333333,5.82595495278167e-06,5.0514386820336e-06,-0.00151378592548512
14.7666666666667,5.40097930376639e-06,3.66654444447052e-06,-0.00150618587761088
14.8,4.81381294567657e-06,2.46393264932912e-06,-0.0014986433747915
14.8333333333333,4.10555960613875e-06,1.47457418406288e-06,-0.00149115782449542
14.8666666666667,3.32546230981637e-06,7.24104411483136e-07,-0.00148372862917351
14.9,2.52742575362615e-06,2.32176496509096e-07,-0.00147635518712701
14.9333333333333,1.76624890410393e-06,1.19589744516385e-08,-0.00146903689375496
14.9666666666667,1.09382519867533e-06,-6.97836435190134e-08,-0.00146177314313225
15,5.55572716728404e-07,-4.04842760341227e-07,-0.00145456332984314
15.0333333333333,1.87330024621335e-07,-1.00894302354159e-06,-0.00144740685103137
15.0666666666667,1.29278760366635e-08,-1.86666261588457e-06,-0.00144030310857436
15.1,-4.25882270565804e-08,-2.95574575134975e-06,-0.00143325151140197
15.1333333333333,-2.72138849490551e-07,-4.24768612372959e-06,-0.00142625147837156
15.1666666666667,-6.83075360831642e-07,-5.70848963704183e-06,-0.00141930244018019
15.2,-1.24390100609943e-06,-7.2995840283488e-06,-0.00141240384046038
15.2333333333333,-1.91247622514834e-06,-8.97885908765363e-06,-0.00140555513737881
15.2666666666667,-2.63913081923405e-06,-1.07018037013228e-05,-0.00139875580482723
15.3,-3.37032009090531e-06,-1.24227095134255e-05,-0.00139200533325538
15.3333333333333,-4.0525271712729e-06,-1.4095906430614e-05,-0.0013853032301111
15.3666666666667,-4.63613938773426e-06,-1.56769959580811e-05,-0.00137864901989125
15.4,-5.07900249393206e-06,-1.71240474694823e-05,-0.0013720422437902
15.4333333333333,-5.3494065980773e-06,-1.83987243897678e-05,-0.00136548245899545
15.4666666666667,-5.42828693427066e-06,-1.94673096300317e-05,-0.00135896923765213
15.5,-5.31049883548759e-06,-2.03016018476155e-05,-0.00135250216555537
15.5333333333333,-5.00508272229726e-06,-2.08796597101006e-05,-0.00134608084063294
15.5666666666667,-4.53451961260987e-06,-2.11863734200733e-05,-0.00133970487127279
15.6,-3.93304102487067e-06,-2.12138509082645e-05,-0.00133337387458473
15.6333333333333,-3.24412682018525e-06,-2.09616076903937e-05,-0.00132708747463856
15.6666666666667,-2.51737633285783e-06,-2.04365590643103e-05,-0.00132084530077728
15.7,-1.80497646085819e-06,-1.96528141947668e-05,-0.0013146469860294
15.7333333333333,-1.15801714429461e-06,-1.86312817158359e-05,-0.00130849216571163
15.7666666666667,-6.22905609302937e-07,-1.73990965282308e-05,-0.00130238047622532
15.8,-2.38126631187291e-07,-1.59888868811221e-05,-0.00129631155411621
15.8333333333333,-3.1563396171736e-08,-1.44379000500593e-05,-0.00129028503538137
15.8666666666667,1.85591916477268e-08,-1.27870127982225e-05,-0.0012843005550317
15.9,2.00771894417214e-07,-1.10796514791535e-05,-0.00127835774641374
15.9333333333333,5.6578546329221e-07,-9.36065260331685e-06,-0.00127245624111055
15.9666666666667,1.08790922003698e-06,-7.67508979953069e-06,-0.00126659567007188
16,1.73006595051552e-06,-6.06710035125293e-06,-0.00126077566426007
16.0333333333333,2.44650148053434e-06,-4.57873957370285e-06,-0.0012549958553599
16.0666666666667,3.18613155516566e-06,-3.2488933456886e-06,-0.00124925587661361
16.1,3.89625887687072e-06,-2.1122755382873e-06,-0.00124355536364626
16.1333333333333,4.52638462332825e-06,-1.19853548548752e-06,-0.00123789395525417
16.1666666666667,5.03183915720882e-06,-5.31497411854927e-07,-0.00123227129410911
16.2,5.37695954937543e-06,-1.28550535358533e-07,-0.00122668702731958
16.2333333333333,5.53759687057888e-06,2.04664833328631e-10,-0.00122114080683161
16.2666666666667,5.50277267009213e-06,1.49801559445234e-07,-0.00121563228963598
16.3,5.27538459411386e-06,5.73239222067333e-07,-0.00121016113778706
16.3333333333333,4.87191581064129e-06,1.25890105850327e-06,-0.00120472701822608
16.3666666666667,4.32118795539347e-06,2.18798633463385e-06,-0.00119932960238303
16.4,3.66225521897293e-06,3.33503736254942e-06,-0.00119396856561084
16.4333333333333,2.94159848836359e-06,4.66866798337252e-06,-0.00118864358647967
16.4666666666667,2.20982449953629e-06,6.15245391447092e-06,-0.00118335434598599
16.5,1.51810153245587e-06,7.74596085671964e-06,-0.00117810052670665
16.5333333333333,9.14582327363291e-07,9.4058811994559e-06,-0.00117288181197143
16.5666666666667,4.41055710487409e-07,1.10872437478426e-05,-0.00116769788508105
16.6,1.30056773065231e-07,1.27446607462331e-05,-0.001162548428646
16.6333333333333,2.62584352659379e-09,1.43335769963258e-05,-0.00115743312406429
16.6666666666667,-6.68578243197099e-08,1.58114836619922e-05,-0.00115235165133169
16.7,-3.17198100046792e-07,1.71390650492256e-05,-0.00114730368950026
16.7333333333333,-7.34622940986281e-07,1.82812451138853e-05,-0.00114228891635848
16.7666666666667,-1.28803310412355e-06,1.92081055668472e-05,-0.00113730700827639
16.8,-1.93654843358328e-06,1.98956512653451e-05,-0.00113235764086348
16.8333333333333,-2.63252340797747e-06,2.03264062310502e-05,-0.00112744048978908
16.8666666666667,-3.32504450752575e-06,2.04898241889128e-05,-0.00112255523182956
16.9,-3.96364750503585e-06,2.03825088813752e-05,-0.0011177015461169
16.9333333333333,-4.50197787908603e-06,2.000823857323e-05,-0.00111287911550251
16.9666666666667,-4.9011301446858e-06,1.93778009411521e-05,-0.00110808762801301
17,-5.13241946390996e-06,1.85086434255271e-05,-0.00110332677829969
17.0333333333333,-5.17939782068156e-06,1.74243547151847e-05,-0.0010985962690554
17.0666666666667,-5.03897238345488e-06,1.61539915994849e-05,-0.00109389581229286
17.1,-4.72156213923526e-06,1.47312740491729e-05,-0.00108922513046919
17.1333333333333,-4.2502903379587e-06,1.3193669666755e-05,-0.00108458395735924
17.1666666666667,-3.65928389005634e-06,1.15813947081458e-05,-0.00107997203867714
17.2,-2.99120952415722e-06,9.93635705845052e-06,-0.00107538913237424
17.2333333333333,-2.29422654350329e-06,8.30106975133209e-06,-0.00107083500862743
17.2666666666667,-1.61857576287117e-06,6.71756186891463e-06,-0.00106630944948334
17.3,-1.01304039197542e-06,5.22631408417626e-06,-0.00106181224818464
17.3333333333333,-5.21526060792118e-07,3.86524448720927e-06,-0.00105734320818623
17.3666666666667,-1.79988938454325e-07,2.66876837421252e-06,-0.00105290214189498
17.4,-1.39222373104987e-08,1.66695412497622e-06,-0.00104848886918178
17.4333333333333,3.65630584488687e-08,8.84793583806955e-07,-0.00104410321564566
17.4666666666667,2.47838213797064e-07,3.41603653483969e-07,-0.00103974501027808
17.5,6.34083430166724e-07,5.05713756932442e-08,-0.00103541408370119
17.5333333333333,1.168954160079e-06,-1.84523716476829e-08,-0.00103111026691941
17.5666666666667,1.81532857613348e-06,-2.45375339953935e-07,-0.00102683338951338
17.6,2.52799051402117e-06,-7.24647630757094e-07,-0.00102258327799532
17.6333333333333,3.25690899601265e-06,-1.442861845247e-06,-0.00101835975434897
17.6666666666667,3.95084648861977e-06,-2.38028811651746e-06,-0.0010141626348126
17.7,4.56104478662697e-06,-3.51142504513848e-06,-0.00100999172893188
17.7333333333333,5.04470662177029e-06,-4.80571448515338e-06,-0.00100584683894255
17.7666666666667,5.36802977128786e-06,-6.22838372814142e-06,-0.00100172775946144
17.8,5.50857174482516e-06,-7.74139540373382e-06,-0.000997634277524548
17.8333333333333,5.45678937596023e-06,-9.30447973714216e-06,-0.000993566172933783
17.8666666666667,5.216647838938e-06,-1.08762158774174e-05,-0.000989523218909465
17.9,4.80527206863431e-06,-1.24151369860562e-05,-0.000985505183004659
17.9333333333333,4.25167460448768e-06,-1.38808244546267e-05,-0.00098151182824029
17.9666666666667,3.59466196042126e-06,-1.52349664330568e-05,-0.000977542914417795
18,2.88007562218049e-06,-1.6442348534235e-05,-0.000973598199539959
18.0333333333333,2.15756466583361e-06,-1.74717556529448e-05,-0.000969677441303982
18.0666666666667,1.47711970910092e-06,-1.82967582963949e-05,-0.000965780398582045
18.1,8.85604106919682e-07,-1.88963683033079e-05,-0.000961906832865977
18.1333333333333,4.2352236635175e-07,-1.92555454046403e-05,-0.000958056509590016
18.1666666666667,1.22239167101597e-07,-1.93655466541521e-05,-0.000954229199323789
18.2,1.83776540023571e-09,-1.92241097225419e-05,-0.000950424678761308
18.2333333333333,-6.97455304249575e-08,-1.88354695143271e-05,-0.000946642731644912
18.2666666666667,-3.20081607657208e-07,-1.82102085911651e-05,-0.000942883149871834
18.3,-7.33871917386321e-07,-1.736494805623e-05,-0.000939145733463778
18.3333333333333,-1.28043597194259e-06,-1.63218908141278e-05,-0.000935430290171997
18.3666666666667,-1.91964095006453e-06,-1.5108228287131e-05,-0.000931736635324184
18.4,-2.60484217609394e-06,-1.37554286892506e-05,-0.000928064591380026
18.4333333333333,-3.28628878928295e-06,-1.22984232297047e-05,-0.000924413987337764
18.4666666666667,-3.91472748712112e-06,-1.07747137259807e-05,-0.000920784658024318
18.5,-4.4449519787843e-06,-9.22342096816986e-06,-0.0009171764432969
18.5333333333333,-4.83902798861547e-06,-7.68430031026355e-06,-0.000913589187216494
18.5666666666667,-5.06897215144726e-06,-6.19674486752413e-06,-0.000910022737224154
18.6,-5.11869037567535e-06,-4.79880342948989e-06,-0.00090647694337366
18.6333333333333,-4.98505251633686e-06,-3.52623290036809e-06,-0.000902951657642299
18.6666666666667,-4.67803270625122e-06,-2.41161056927591e-06,-0.000899446733362868
18.7,-4.21992201590991e-06,-1.48352399415236e-06,-0.000895962024784466
18.7333333333333,-3.64367868235325e-06,-7.65859878852897e-07,-0.000892497386787207
18.7666666666667,-2.99054370375544e-06,-2.77206356732484e-07,-0.000889052674745203
18.8,-2.30709715297827e-06,-3.0384451893621e-08,-0.000885627744540753
18.8333333333333,-1.64196377124509e-06,3.21173104804931e-08,-0.000882222452713785
18.8666666666667,-1.04240060994036e-06,2.82780206261257e-07,-0.000878836656725624
18.9,-5.50998249748612e-07,7.76164965465479e-07,-0.000875470215315842
18.9333333333333,-2.02723258161589e-07,1.49956474876698e-06,-0.000872122988932441
18.9666666666667,-2.24966368857845e-08,2.4341072741546e-06,-0.000868794840200443
19,2.34705892349344e-08,3.55524905212762e-06,-0.000865485634347284
19.0333333333333,2.06037264352691e-07,4.83343574784615e-06,-0.000862195239201139
19.0666666666667,5.57558291373971e-07,6.23489300316649e-06,-0.000858923525517075
19.1,1.05320753227924e-06,7.7225361202497e-06,-0.000855670367818006
19.1333333333333,1.65778828135743e-06,9.25696868480372e-06,-0.000852435644553239
19.1666666666667,2.32829712593987e-06,1.07975440925838e-05,-0.000849219238062003
19.2,3.01705515892757e-06,1.23034593423295e-05,-0.000846021034380572
19.2333333333333,3.67516069818507e-06,1.37348513042915e-05,-0.000842840922842587
19.2666666666667,4.25600811056901e-06,1.5053864667357e-05,-0.000839678795504588
19.3,4.71861998244908e-06,1.62256625408809e-05,-0.000836534546404104
19.3333333333333,5.0305436955026e-06,1.72193523044802e-05,-0.000833408070688214
19.3666666666667,5.17011620523771e-06,1.80088014578113e-05,-0.000830299263633515
19.4,5.12793435263332e-06,1.85733227957853e-05,-0.000827208019620221
19.4333333333333,4.90744237557729e-06,1.88982100209909e-05,-0.000824134231081698
19.4666666666667,4.524601725289e-06,1.89751120378937e-05,-0.000821077787506786
19.5,4.00668264362816e-06,1.88022352478612e-05,-0.000818038574511496
19.5333333333333,3.39027204619659e-06,1.83843719905094e-05,-0.000815016473057993
19.5666666666667,2.71864769679167e-06,1.77327534910499e-05,-0.000812011358828665
19.6,2.03870937292545e-06,1.68647351674374e-05,-0.000809023101820006
19.6333333333333,1.3976822471395e-06,1.58033214848237e-05,-0.000806051566153374
19.6666666666667,8.39823749026339e-07,1.45765466920704e-05,-0.000803096610142876
19.7,4.03356006704334e-07,1.32167263105599e-05,-0.000800158086607091
19.7333333333333,1.17834081745042e-07,1.1759602177146e-05,-0.000797235843433349
19.7666666666667,2.12290597257805e-09,1.02434017242842e-05,-0.000794329724373381
19.8,-6.31101277208441e-08,8.70783830252045e-06,-0.000791439570149085
19.8333333333333,-2.95114854554484e-07,7.19307687087167e-06,-0.000788565220078852
19.8666666666667,-6.80117966844419e-07,5.73869309496349e-06,-0.000785706513055565
19.9,-1.18909437873802e-06,4.38264956440595e-06,-0.000782863288582117
19.9333333333333,-1.78416107566444e-06,3.16031733381828e-06,-0.00078003538825118
19.9666666666667,-2.42137479130325e-06,2.10356600281387e-06,-0.000777222657164245
20,-3.05395725554635e-06,1.23994561347839e-06,-0.00077442494528046
20.0333333333333,-3.6357076923942e-06,5.91980235686023e-07,-0.000771642108679496
20.0666666666667,-4.12434847422885e-06,1.76590758806277e-07,-0.000768874010639492
20.1,-4.4845634534262e-06,4.66094112000752e-09,-0.000766120522534268
20.1333333333333,-4.69050478569572e-06,-8.07505813712478e-08,-0.00076338152447692
20.1666666666667,-4.7275995363161e-06,-4.02857230085674e-07,-0.000760656905728187
20.2,-4.59352870336457e-06,-9.62276427992613e-07,-0.000757946564821301
20.2333333333333,-4.29832297804779e-06,-1.74382480724931e-06,-0.000755250409406387
20.2666666666667,-3.86357693770406e-06,-2.72626234062175e-06,-0.000752568355810967
20.3,-3.32085038430443e-06,-3.88288996042572e-06,-0.000749900328349065
20.3333333333333,-2.70937839086659e-06,-5.18230127120825e-06,-0.000747246258403915
20.3666666666667,-2.07325796386057e-06,-6.58926106250171e-06,-0.000744606083318576
20.4,-1.4583138266696e-06,-8.06568927323643e-06,-0.000741979745147714
20.4333333333333,-9.08860982524367e-07,-9.57171905532766e-06,-0.000739367189303097
20.4666666666667,-4.64590341621774e-07,-1.10667979932477e-05,-0.000736768363166448
20.5,-1.5778690285509e-07,-1.25108014988003e-05,-0.000734183214693794
20.5333333333333,-1.10712049074076e-08,-1.38651252876407e-05,-0.000731611691093013
20.5666666666667,3.58098870076291e-08,-1.50937276477345e-05,-0.000729053737539516
20.6,2.31210783624263e-07,-1.61640914732562e-05,-0.000726509295665339
20.6333333333333,5.84143073811832e-07,-1.70480823005848e-05,-0.00072397830271579
20.6666666666667,1.07003642289106e-06,-1.77226763147447e-05,-0.000721460691316523
20.7,1.65466869869534e-06,-1.81705430821556e-05,-0.000718956389007014
20.7333333333333,2.29665397818298e-06,-1.83804665873397e-05,-0.000716465318048517
20.7666666666667,2.95045738837487e-06,-1.8347598258061e-05,-0.000713987395455057
20.8,3.56969263111514e-06,-1.80735353854549e-05,-0.000711522533226043
20.8333333333333,4.11047140131757e-06,-1.75662281643311e-05,-0.000709070638765223
20.8666666666667,4.53454894989753e-06,-1.6839718323313e-05,-0.000706631615454089
20.9,4.81204572319426e-06,-1.59137215864495e-05,-0.000704205363344091
20.9333333333333,4.92354590318634e-06,-1.48130652759757e-05,-0.00070179177992654
20.9666666666667,4.86143440612388e-06,-1.35670004289563e-05,-0.000699390760947253
21,4.63038070851818e-06,-1.22084063352322e-05,-0.000697002201216651
21.0333333333333,4.24694919178153e-06,-1.07729115053566e-05,-0.000694625995392372
21.0666666666667,3.73837176029625e-06,-9.29795330840556e-06,-0.000692262038686927
21.1,3.14058008890542e-06,-7.82180225256639e-06,-0.00068991022748964
21.1333333333333,2.49564375524515e-06,-6.38257500493139e-06,-0.000687570459866091
21.1666666666667,1.84879718459396e-06,-5.01726152874711e-06,-0.0006852426359365
21.2,1.24526717175027e-06,-3.76078986312712e-06,-0.000682926658112804
21.2333333333333,7.27117692947093e-07,-2.64515111623864e-06,-0.000680622431206207
21.2666666666667,3.30330941502966e-07,-1.69860543399276e-06,-0.000678329862403669
21.3,8.23185339082009e-08,-9.44986988372051e-07,-0.000676048861132409
21.3333333333333,-3.26864705605332e-11,-4.03124160718446e-07,-0.000673779338828196
21.3666666666667,-8.87831162804439e-08,-8.63872703198171e-08,-0.000671521208785819
21.4,-3.41707367523843e-07,2.37408891095172e-09,-0.000669274386178321
21.4333333333333,-7.40103706374211e-07,1.52716553807405e-07,-0.000667038787270491
21.4666666666667,-1.25480330363744e-06,5.3289650553994e-07,-0.000664814328779759
21.5,-1.84830372654959e-06,1.13225903206629e-06,-0.000662600927542138
21.5333333333333,-2.4775132198248e-06,1.93432331799324e-06,-0.000660398500196146
21.5666666666667,-3.09689269832394e-06,2.91724287857365e-06,-0.000658206962983589
21.6,-3.66175523966401e-06,4.05441888084424e-06,-0.000656026231681018
21.6333333333333,-4.13148955251451e-06,5.31523665788381e-06,-0.000653856221661028
21.6666666666667,-4.47246339120306e-06,6.66590481218294e-06,-0.000651696848094681
21.7,-4.66040708506726e-06,8.07037660918308e-06,-0.000649548026287733
21.7333333333333,-4.68210428921084e-06,9.49132284865431e-06,-0.000647409672133398
21.7666666666667,-4.536282065822e-06,1.08911333506824e-05,-0.000645281702668582
21.8,-4.23364210152211e-06,1.22329154755111e-05,-0.000643164036694838
21.8333333333333,-3.79604430566536e-06,1.34814666997627e-05,-0.000641056595447496
21.8666666666667,-3.25490883111672e-06,1.46041913736331e-05,-0.000638959303260026
21.9,-2.64895786540598e-06,1.55719419753432e-05,-0.000636872088208229
21.9333333333333,-2.02146263925008e-06,1.63597595481045e-05,-0.000634794882676764
21.9666666666667,-1.41718931645774e-06,1.6947498991598e-05,-0.000632727623837502
22,-8.79259572116889e-07,1.7320320939939e-05,-0.000630670253988171
22.0333333333333,-4.46138388083007e-07,1.74690424603225e-05,-0.000628622720747994
22.0666666666667,-1.48957001224051e-07,1.73903368820399e-05,-0.000626584977074093
22.1,-9.34791716865579e-09,1.70867819542713e-05,-0.00062455698110316
22.1333333333333,3.79356550004608e-08,1.65667556917291e-05,-0.000622538695757729
22.1666666666667,2.3348843696134e-07,1.5844185527827e-05,-0.000620530087850982
22.2,5.82781151484837e-07,1.49381582888907e-05,-0.000618531127545819
22.2333333333333,1.06150637561771e-06,1.38724045285118e-05,-0.000616541787914941
22.2666666666667,1.63603422843314e-06,1.26746706502987e-05,-0.000614562043972284
22.3,2.26585022634643e-06,1.13759951667888e-05,-0.000612591871623457
22.3333333333333,2.90648925043418e-06,1.00099094501106e-05,-0.00061063124657171
22.3666666666667,3.51274232982511e-06,8.61158087725837e-06,-0.00060868014317896
22.4,4.04189896422953e-06,7.21692237442111e-06,-0.000606738533366171
22.4333333333333,4.45679253128357e-06,5.86168720228352e-06,-0.000604806385561307
22.4666666666667,4.72842259410601e-06,4.58057370025063e-06,-0.00060288366376783
22.5,4.83797675322527e-06,3.40635833055813e-06,-0.000600970326759197
22.5333333333333,4.77810719458001e-06,2.36908027117424e-06,-0.000599066327462482
22.5666666666667,4.55338565176932e-06,1.49529396478085e-06,-0.000597171612526779
22.6,4.17991053845313e-06,8.074094263173e-07,-0.000595286122120847
22.6333333333333,3.68410770938032e-06,3.23133573577365e-07,-0.000593409789946311
22.6666666666667,3.1008174671041e-06,5.502732256594e-08,-0.00059154254348528
22.7,2.47080997879096e-06,-1.01873282516428e-08,-0.000589684304461564
22.7333333333333,1.83790879193355e-06,-1.90026544926185e-07,-0.000587834989504845
22.7666666666667,1.24592283421203e-06,-5.90059074753218e-07,-0.000585994510989529
22.8,7.35602120481253e-07,-1.19991820141948e-06,-0.000584162778029359
22.8333333333333,3.41821591175221e-07,-2.00363234570727e-06,-0.000582339697596339
22.8666666666667,9.11860279346907e-08,-2.9800427040093e-06,-0.000580525175705255
22.9,2.12936525658608e-10,-4.10337409293939e-06,-0.000578719118639628
22.9333333333333,-7.42033507655949e-08,-5.34392591486739e-06,-0.000576921434264992
22.9666666666667,-3.06752520656489e-07,-6.66887131797222e-06,-0.000575132033550727
23,-6.80063121581074e-07,-8.04313974957524e-06,-0.000573350831310924
23.0333333333333,-1.1662633650021e-06,-9.43035989523312e-06,-0.000571577746875279
23.0666666666667,-1.72945667786586e-06,-1.07938354922065e-05,-0.000569812704853906
23.1,-2.32836010469363e-06,-1.20975281756481e-05,-0.000568055635666555
23.1333333333333,-2.919317594851e-06,-1.33070194279826e-05,-0.000566306475873652
23.1666666666667,-3.45946847892258e-06,-1.43904259997072e-05,-0.000564565168315832
23.2,-3.90983443260948e-06,-1.53192438720482e-05,-0.00056283166203981
23.2333333333333,-4.23810492837443e-06,-1.60690981224356e-05,-0.000561105912042892
23.2666666666667,-4.4209161099192e-06,-1.66203795929769e-05,-0.000559387878841916
23.3,-4.44547097886812e-06,-1.69587510584766e-05,-0.000557677527897895
23.3333333333333,-4.31038662185527e-06,-1.70755116441641e-05,-0.000555974828925273
23.3666666666667,-4.02572283232697e-06,-1.6967809185841e-05,-0.000554279755114765
23.4,-3.61219677554642e-06,-1.6638698109921e-05,-0.000552592282312785
23.4333333333333,-3.09965192156895e-06,-1.60970403499702e-05,-0.000550912388180459
23.4666666666667,-2.52489667129895e-06,-1.53572556255614e-05,-0.000549240051380547
23.5,-1.92907080724137e-06,-1.44389263645716e-05,-0.000547575250806222
23.5333333333333,-1.35472874288062e-06,-1.33662713304201e-05,-0.000545917964896783
23.5666666666667,-8.42841838243665e-07,-1.21675001236394e-05,-0.000544268171043799
23.6,-4.29928918879449e-07,-1.08740686201465e-05,-0.000542625845122326
23.6333333333333,-1.45507746651365e-07,-9.51985287035664e-06,-0.000540990961140614
23.6666666666667,-1.00419085626386e-08,-8.14026532675929e-06,-0.000539363491027759
23.7,3.35153421429808e-08,-6.77133430731847e-06,-0.00053774340450639
23.7333333333333,2.14648297220254e-07,-5.44877207064888e-06,-0.000536130668786877
23.7666666666667,5.40791137466632e-07,-4.20705366931622e-06,-0.000534525248786504
23.8,9.88806182061592e-07,-3.07852997709515e-06,-0.000532927107742353
23.8333333333333,1.5267596883127e-06,-2.0925967774233e-06,-0.000531336207538493
23.8666666666667,2.11624925341069e-06,-1.27494104189311e-06,-0.000529752509091991
23.9,2.71520389644565e-06,-6.46882620145404e-07,-0.000528175972758307
23.9333333333333,3.28093088618553e-06,-2.24827845169458e-07,-0.000526606558701737
23.9666666666667,3.77319641110705e-06,-1.98482466047042e-08,-0.000525044227228156
24,4.15710517605781e-06,3.73931350291938e-08,-0.000523488939044669
24.0333333333333,4.40557833375851e-06,2.77078919390718e-07,-0.000521940655440438
24.0666666666667,4.50124868535567e-06,7.32519447839928e-07,-0.000520399338375864
24.1,4.43764821309893e-06,1.39145528828767e-06,-0.00051886495045887
24.1333333333333,4.21960713284773e-06,2.23609466766101e-06,-0.000517337454814908
24.1666666666667,3.862849237204e-06,3.24360601548038e-06,-0.00051581681485568
24.2,3.39281945701256e-06,4.38675690538958e-06,-0.00051430299396683
24.2333333333333,2.8428368952056e-06,5.63467050689363e-06,-0.000512795955126384
24.2666666666667,2.25171002626153e-06,6.9536828613663e-06,-0.000511295660485604
24.3,1.66098506419682e-06,8.3082741339587e-06,-0.000509802070927603
24.3333333333333,1.11202330447012e-06,9.66204641629328e-06,-0.000508315145644045
24.3666666666667,6.43107959048473e-07,1.09787207682716e-05,-0.000506834841743352
24.4,2.86781326368994e-07,1.22231241337227e-05,-0.000505361113931695
24.4333333333333,6.75900203537834e-08,1.3362139342138e-05,-0.000503893914275761
24.4666666666667,-3.92236633690622e-10,1.43655909268774e-05,-0.000502433192081485
24.5,-8.93195767205267e-08,1.52070439615338e-05,-0.000500978894027581
24.5333333333333,-3.27346921859811e-07,1.5864493895008e-05,-0.000499530964553664
24.5666666666667,-6.96674088879897e-07,1.6320930476713e-05,-0.000498089345771491
24.6,-1.17004138878657e-06,1.65647603313357e-05,-0.000496653977698116
24.6333333333333,-1.71273086958658e-06,1.65900807104212e-05,-0.000495224798808707
24.6666666666667,-2.28511438473819e-06,1.63967967374257e-05,-0.000493801746662308
24.7,-2.84554976372353e-06,1.59905837936296e-05,-0.00049238475864562
24.7333333333333,-3.35340508601488e-06,1.5382696255599e-05,-0.000490973772783861
24.7666666666667,-3.77199603964047e-06,1.45896319666904e-05,-0.000489568728601218
24.8,-4.07121453918929e-06,1.36326615921764e-05,-0.000488169567979374
24.8333333333333,-4.22966741053877e-06,1.25372391544706e-05,-0.000486776235999662
24.8666666666667,-4.23617001899347e-06,1.13323090643886e-05,-0.000485388681709245
24.9,-4.09049952769911e-06,1.00495307647385e-05,-0.000484006858803372
24.9333333333333,-3.80335869597334e-06,8.72244056825651e-06,-0.000482630726168129
24.9666666666667,-3.3955646505442e-06,7.38557418982436e-06,-0.000481260248283284
25,-2.8965273147601e-06,6.07357164175738e-06,-0.00047989539544321
25.0333333333333,-2.34213248545501e-06,4.82028798480344e-06,-0.000478536143803442
25.0666666666667,-1.77218436041284e-06,3.65793148122255e-06,-0.000477182475231196
25.1,-1.22758762699676e-06,2.61625049777178e-06,-0.000475834376974166
25.1333333333333,-7.47468393893704e-07,1.72178853967272e-06,-0.00047449184114969
25.1666666666667,-3.66429585727346e-07,9.97224893930451e-07,-0.000473154864072817
25.2,-1.12130767665021e-07,4.6081635442382e-07,-0.000471823445448768
25.2333333333333,-3.35325196274564e-09,1.25952414800329e-07,-0.000470497587449385
25.2666666666667,4.86767618956705e-08,8.34139169660572e-10,-0.000469177293659192
25.3,2.45758472640997e-07,-8.82748160156097e-08,-0.000467862567711894
25.3333333333333,5.81307752063276e-07,-3.85534567810969e-07,-0.000466553412413256
25.3666666666667,1.03202028766612e-06,-8.84266213935394e-07,-0.000465249828979698
25.4,1.56626052651338e-06,-1.57074986158916e-06,-0.000463951816064319
25.4333333333333,2.14635561901496e-06,-2.42627755755343e-06,-0.000462659368912169
25.4666666666667,2.73132288903562e-06,-3.42767740740528e-06,-0.000461372478655039
25.5,3.2798274494563e-06,-4.5479577006606e-06,-0.000460091131739362
25.5333333333333,3.75315057439204e-06,-5.75704797338145e-06,-0.000458815309540743
25.5666666666667,4.11795588030656e-06,-7.02262147077591e-06,-0.000457544988146944
25.6,4.34864860880387e-06,-8.31097074322025e-06,-0.000456280138333912
25.6333333333333,4.42916781484419e-06,-9.58791554065841e-06,-0.000455020725714389
25.6666666666667,4.35408336042733e-06,-1.08197144291736e-05,-0.000453766711059573
25.7,4.12893179892201e-06,-1.19739588084152e-05,-0.000452518050769475
25.7333333333333,3.76977277435089e-06,-1.3020421685572e-05,-0.000451274697471701
25.7666666666667,3.30200835262087e-06,-1.39318427748321e-05,-0.000450036600724139
25.8,2.75855570104507e-06,-1.46846259621555e-05,-0.000448803707785266
25.8333333333333,2.17750723532871e-06,-1.52594355057326e-05,-0.000447575964431327
25.8666666666667,1.5994472580173e-06,-1.56416731238102e-05,-0.00044635331577504
25.9,1.06461118426042e-06,-1.58218283433205e-05,-0.00044513570707187
25.9333333333333,6.10086590283049e-07,-1.57956919232975e-05,-0.000443923084467207
25.9666666666667,2.67243988004581e-07,-1.55644311901981e-05,-0.000442715395679053
26,5.95739993373407e-08,-1.51345253680278e-05,-0.000441512590575487
26.0333333333333,-1.07307753278139e-09,-1.45175659407505e-05,-0.000440314621651406
26.0666666666667,-9.52664912535163e-08,-1.37299280235159e-05,-0.000439121444515941
26.1,-3.3481848563702e-07,-1.27923228099962e-05,-0.00043793301837709
26.1333333333333,-7.01946368659154e-07,-1.17292450186445e-05,-0.000436749305811209
26.1666666666667,-1.16973116903995e-06,-1.05683290523679e-05,-0.000435570272582213
26.2,-1.70408197668827e-06,-9.33963239250862e-06,-0.000434395887499342
26.2333333333333,-2.26622892873579e-06,-8.07486307137205e-06,-0.000433226122137308
26.2666666666667,-2.81553918702396e-06,-6.80657224186061e-06,-0.000432060950503501
26.3,-3.31245577680379e-06,-5.56732969228012e-06,-0.000430900348658735
26.3333333333333,-3.72133812150522e-06,-4.38890477764999e-06,-0.000429744294318082
26.3666666666667,-4.01300338736458e-06,-3.30146985264438e-06,-0.000428592766454108
26.4,-4.16678193532599e-06,-2.33284762331723e-06,-0.000427445744928554
26.4333333333333,-4.17194991299682e-06,-1.50781771424705e-06,-0.000426303210166067
26.4666666666667,-4.02843825266084e-06,-8.4750086964206e-07,-0.000425165142891809
26.5,-3.74678049132184e-06,-3.68833168075655e-07,-0.000424031523938269
26.5333333333333,-3.34730908327321e-06,-8.41441389697757e-08,-0.000422902334132985
26.5666666666667,-2.85866763002653e-06,8.47329069829901e-10,-0.00042177755426512
26.6,-2.3157504041147e-06,1.21236027631907e-07,-0.000420657165129523
26.6333333333333,-1.75721845577255e-06,4.42293552919292e-07,-0.00041954114763681
26.6666666666667,-1.22277020004711e-06,9.55656962658189e-07,-0.00041842948298641
26.7,-7.50354979921035e-07,1.6478380230983e-06,-0.000417322152891087
26.7333333333333,-3.73523653144815e-07,2.50057679584855e-06,-0.000416219139827235
26.7666666666667,-1.19093609647209e-07,3.49133429679091e-06,-0.000415120427296186
26.8,-5.28819217122231e-09,4.59389784976576e-06,-0.000414026000068127
26.8333333333333,4.04684622447137e-08,5.77908603342439e-06,-0.000412935844353721
26.8666666666667,2.22458259657766e-07,7.01553308806389e-06,-0.000411849947687895
26.9,5.38526092251424e-07,8.27053079236652e-06,-0.000410768299168716
26.9333333333333,9.66285599496836e-07,9.51090446221036e-06,-0.000409690889749076
26.9666666666667,1.47532530525348e-06,1.07038996710276e-05,-0.000408617712154605
27,2.02941841874661e-06,1.18180544522611e-05,-0.000407548760720359
27.0333333333333,2.58915386101409e-06,1.28240341310274e-05,-0.000406484031123159
27.0666666666667,3.11477946807985e-06,1.36954057783192e-05,-0.000405423520004347
27.1,3.56905918778803e-06,1.44093319703365e-05,-0.000404367224500805
27.1333333333333,3.91992673030243e-06,1.49471659068293e-05,-0.000403315141703674
27.1666666666667,4.14275225363244e-06,1.52949320251686e-05,-0.000402267268056428
27.2,4.22205626835811e-06,1.54436811762127e-05,-0.000401223598730292
27.2333333333333,4.15255971058759e-06,1.53897104920189e-05,-0.000400184126988271
27.2666666666667,3.93949813339726e-06,1.51346449614783e-05,-0.000399148843583874
27.3,3.59819062790462e-06,1.46853776666985e-05,-0.000398117736203403
27.3333333333333,3.15290016926855e-06,1.40538736630441e-05,-0.000397090788998049
27.3666666666667,2.63507549207351e-06,1.32568413265683e-05,-0.000396067982209805
27.4,2.08110398155337e-06,1.23152832876425e-05,-0.000395049291929666
27.4333333333333,1.52973638973436e-06,1.12539369748993e-05,-0.0003940346899861
27.4666666666667,1.01936618934233e-06,1.01006225184615e-05,-0.000393024143987864
27.5,5.85350002846204e-07,8.88551297191755e-06,-0.000392017617513302
27.5333333333333,2.57554890004805e-07,7.6403482825659e-06,-0.000391015070451564
27.5666666666667,5.82959930355162e-08,6.39761121579298e-06,-0.000390016459483413
27.6,-8.05236224266164e-10,5.18968819125192e-06,-0.000389021738687899
27.6333333333333,-8.83126067042681e-08,4.0480345970156e-06,-0.000388030860380045
27.6666666666667,-3.13697563371743e-07,3.00236701846012e-06,-0.000387043776112296
27.7,-6.59903854152995e-07,2.07990083671049e-06,-0.000386060437244114
27.7333333333333,-1.10120537109615e-06,1.30465320019633e-06,-0.000385080795696366
27.7666666666667,-1.60509713275865e-06,6.96827913094383e-07,-0.000384104804851674
27.8,-2.13468106898601e-06,2.72297755705101e-07,-0.000383132420372421
27.8333333333333,-2.65136063458893e-06,4.21968414530912e-08,-0.000382163600979023
27.8666666666667,-3.1176405113589e-06,-1.26328556005468e-08,-0.000381198309124664
27.9,-3.49983259943432e-06,-1.84492602364167e-07,-0.000380236511566162
27.9333333333333,-3.77046441720858e-06,-5.53267930947514e-07,-0.000379278179794896
27.9666666666667,-3.91022430953478e-06,-1.10910542214899e-06,-0.000378323290321168
28,-3.90930256800889e-06,-1.83708018516225e-06,-0.000377371824786404
28.0333333333333,-3.76804356767473e-06,-2.7176030638795e-06,-0.000376423769915441
28.0666666666667,-3.49686654863613e-06,-3.72696562572139e-06,-0.000375479117301696
28.1,-3.11547217393843e-06,-4.83799510326972e-06,-0.000374537863044214
28.1333333333333,-2.65139726252928e-06,-6.02080483092898e-06,-0.000373600007247585
28.1666666666667,-2.13802726008696e-06,-7.24361782333094e-06,-0.000372665553405525
28.2,-1.61221132688819e-06,-8.47363880691777e-06,-0.000371734507697478
28.2333333333333,-1.11164858248835e-06,-9.67795055600487e-06,-0.000370806878217259
28.2666666666667,-6.722301758992e-07,-1.08244083864992e-05,-0.000369882674175288
28.3,-3.25518434279763e-07,-1.18825082659823e-05,-0.000368961905088973
28.3333333333333,-9.65375901065063e-08,-1.28242039136558e-05,-0.000368044580007883
28.3666666666667,-2.02343580470997e-09,-1.36246513540977e-05,-0.000367130706781507
28.4,4.92452799530253e-08,-1.42628603316399e-05,-0.00036622029135826
28.4333333333333,2.35389560269344e-07,-1.47222367235267e-05,-0.00036531333696098
28.4666666666667,5.47601604890948e-07,-1.49910017205026e-05,-0.000364409843797615
28.5,9.63902955556279e-07,-1.50624776176527e-05,-0.000363509808961251
28.5333333333333,1.45478559859021e-06,-1.49352341613831e-05,-0.000362613226245388
28.5666666666667,1.98535955625929e-06,-1.46130941937747e-05,-0.000361720086120246
28.6,2.51788558259987e-06,-1.4104999013847e-05,-0.000360830375828141
28.6333333333333,3.01450522718289e-06,-1.34247406033844e-05,-0.000359944079578789
28.6666666666667,3.43996546692174e-06,-1.2590567975079e-05,-0.000359061178839927
28.7,3.76414241988948e-06,-1.16246813547986e-05,-0.000358181652696814
28.7333333333333,3.96417756891347e-06,-1.05526273736941e-05,-0.00035730547826013
28.7666666666667,4.02608130629119e-06,-9.40261376573504e-06,-0.000356432631102361
28.8,3.94568920415005e-06,-8.20476091319288e-06,-0.000355563085695723
28.8333333333333,3.72891381169614e-06,-6.99031142130611e-06,-0.000354696815837377
28.8666666666667,3.391278934124e-06,-5.79081727069614e-06,-0.00035383379503602
28.9,2.95677920623355e-06,-4.63732620504977e-06,-0.000352973996852418
28.9333333333333,2.45615171738616e-06,-3.55958710725297e-06,-0.00035211739517408
28.9666666666667,1.92468635566695e-06,-2.58529445154138e-06,-0.000351263964423714
29,1.39973287295106e-06,-1.73938989895936e-06,-0.000350413679691111
29.0333333333333,9.18077922355428e-07,-1.04343784840237e-06,-0.000349566516794266
29.0666666666667,5.13376208138038e-07,-5.15089676205631e-07,-0.000348722452270057
29.1,2.13808911289748e-07,-1.67648941507924e-07,-0.000347881463304742
29.1333333333333,4.0130817084202e-08,-9.74764378434848e-09,-0.00034704352761437
29.1666666666667,-4.23514906807746e-09,4.51379977156276e-08,-0.000346208623291072
29.2,-1.08306597040577e-07,2.72542653044478e-07,-0.00034537672876965
29.2333333333333,-3.44523981689592e-07,6.85560252073255e-07,-0.000344547822786621
29.2666666666667,-6.95540458542684e-07,1.27282676182871e-06,-0.000343721883900919
29.3,-1.13576013432625e-06,2.01833704789303e-06,-0.000342898890251026
29.3333333333333,-1.63320323517549e-06,2.90189118295967e-06,-0.000342078819446511
29.3666666666667,-2.15184338736267e-06,3.89965757450857e-06,-0.000341261648487748
29.4,-2.65422356921505e-06,4.98482802553471e-06,-0.000340447353775426
29.4333333333333,-3.10416676401699e-06,6.1283523464587e-06,-0.00033963591119818
29.4666666666667,-3.46937675770952e-06,7.29972732991417e-06,-0.000338827296301962
29.5,-3.7237453232665e-06,8.46782075886175e-06,-0.000338021484539434
29.5333333333333,-3.8491966526051e-06,9.60170473239061e-06,-0.000337218451586471
29.5666666666667,-3.83694564164117e-06,1.06714784830792e-05,-0.000336418173718749
29.6,-3.68808183371757e-06,1.16490551643246e-05,-0.000335620628223445
29.6333333333333,-3.4134482119464e-06,1.25088952995132e-05,-0.000334825793836735
29.6666666666667,-3.03282888402266e-06,1.32286643026674e-05,-0.000334033651173598
29.7,-2.57351160836494e-06,1.37898010456622e-05,-0.00033324418314125
29.7333333333333,-2.06833238299068e-06,1.41779801505466e-05,-0.000332457375300106
29.7666666666667,-1.55334262167656e-06,1.43834604711548e-05,-0.000331673216166481
29.8,-1.06526588491892e-06,1.44013092565619e-05,-0.000330891697424804
29.8333333333333,-6.3891908733506e-07,1.42315004653677e-05,-0.000330112814047853
29.8666666666667,-3.04778316045162e-07,1.38788842364216e-05,-0.000329336564302482
29.9,-8.68522937268145e-08,1.33530318161971e-05,-0.000328562949644008
29.9333333333333,-1.00969633346186e-09,1.26679603217182e-05,-0.00032779197449064
29.9666666666667,5.38630986696643e-08,1.18417466877833e-05,-0.000327023645826557
30,2.42196432877937e-07,1.08960415740013e-05,-0.000326257972537615
