0,1500,1500,1500,1500,1500,1500,1500,1500
0.0333333333333333,1500,1500,1500,1500,1650,1328,1650,1328
0.0666666666666667,1500,1500,1500,1500,1650,1328,1650,1328
0.1,1500,1500,1500,1500,1650,1328,1650,1328
0.133333333333333,1500,1500,1500,1500,1650,1328,1650,1328
0.166666666666667,1500,1500,1500,1500,1650,1328,1650,1328
0.2,1500,1500,1500,1500,1650,1328,1650,1328
0.233333333333333,1500,1500,1500,1500,1650,1328,1650,1328
0.266666666666667,1500,1500,1500,1500,1650,1328,1650,1328
0.3,1500,1500,1500,1500,1650,1328,1650,1328
0.333333333333333,1500,1500,1500,1500,1650,1328,1650,1328
0.366666666666667,1500,1500,1500,1500,1650,1328,1650,1328
0.4,1500,1500,1500,1500,1650,1328,1650,1328
0.433333333333333,1500,1500,1500,1500,1650,1328,1650,1328
0.466666666666667,1500,1500,1500,1500,1650,1328,1650,1328
0.5,1500,1500,1500,1500,1650,1328,1650,1328
0.533333333333333,1500,1500,1500,1500,1650,1328,1650,1328
0.566666666666667,1500,1500,1500,1500,1650,1328,1650,1328
0.6,1500,1500,1500,1500,1650,1328,1650,1328
0.633333333333333,1500,1500,1500,1500,1650,1328,1650,1328
0.666666666666667,1500,1500,1500,1500,1650,1328,1650,1328
0.7,1500,1500,1500,1500,1650,1328,1650,1328
0.733333333333333,1500,1500,1500,1500,1650,1328,1650,1328
0.766666666666667,1500,1500,1500,1500,1650,1328,1650,1328
0.8,1500,1500,1500,1500,1650,1328,1650,1328
0.833333333333333,1500,1500,1500,1500,1650,1328,1650,1328
0.866666666666667,1500,1500,1500,1500,1650,1328,1650,1328
0.9,1500,1500,1500,1500,1650,1328,1650,1328
0.933333333333333,1500,1500,1500,1500,1650,1328,1650,1328
0.966666666666667,1500,1500,1500,1500,1650,1328,1650,1328
1,1500,1500,1500,1500,1650,1328,1650,1328
1.03333333333333,1500,1500,1500,1500,1650,1328,1650,1328
1.06666666666667,1500,1500,1500,1500,1650,1328,1650,1328
1.1,1500,1500,1500,1500,1650,1328,1650,1328
1.13333333333333,1500,1500,1500,1500,1650,1328,1650,1328
1.16666666666667,1500,1500,1500,1500,1650,1328,1650,1328
1.2,1500,1500,1500,1500,1650,1328,1650,1328
1.23333333333333,1500,1500,1500,1500,1650,1328,1650,1328
1.26666666666667,1500,1500,1500,1500,1650,1328,1650,1328
1.3,1500,1500,1500,1500,1650,1328,1650,1328
1.33333333333333,1500,1500,1500,1500,1650,1328,1650,1328
1.36666666666667,1500,1500,1500,1500,1650,1328,1650,1328
1.4,1500,1500,1500,1500,1650,1328,1650,1328
1.43333333333333,1500,1500,1500,1500,1650,1328,1650,1328
1.46666666666667,1500,1500,1500,1500,1650,1328,1650,1328
1.5,1500,1500,1500,1500,1650,1328,1650,1328
1.53333333333333,1500,1500,1500,1500,1650,1328,1650,1328
1.56666666666667,1500,1500,1500,1500,1650,1328,1650,1328
1.6,1500,1500,1500,1500,1650,1328,1650,1328
1.63333333333333,1500,1500,1500,1500,1650,1328,1650,1328
1.66666666666667,1500,1500,1500,1500,1650,1328,1650,1328
1.7,1500,1500,1500,1500,1500,1500,1500,1500
1.73333333333333,1500,1500,1500,1500,1500,1500,1500,1500
1.76666666666667,1500,1500,1500,1500,1500,1500,1500,1500
1.8,1500,1500,1500,1500,1500,1500,1500,1500
1.83333333333333,1500,1500,1500,1500,1500,1500,1500,1500
1.86666666666667,1500,1500,1500,1500,1500,1500,1500,1500
1.9,1500,1500,1500,1500,1500,1500,1500,1500
1.93333333333333,1500,1500,1500,1500,1500,1500,1500,1500
1.96666666666667,1500,1500,1500,1500,1500,1500,1500,1500
2,1500,1500,1500,1500,1500,1500,1500,1500
2.03333333333333,1500,1500,1500,1500,1500,1500,1500,1500
2.06666666666667,1500,1500,1500,1500,1500,1500,1500,1500
2.1,1500,1500,1500,1500,1500,1500,1500,1500
2.13333333333333,1500,1500,1500,1500,1500,1500,1500,1500
2.16666666666667,1500,1500,1500,1500,1500,1500,1500,1500
2.2,1500,1500,1500,1500,1500,1500,1500,1500
2.23333333333333,1500,1500,1500,1500,1500,1500,1500,1500
2.26666666666667,1500,1500,1500,1500,1500,1500,1500,1500
2.3,1500,1500,1500,1500,1500,1500,1500,1500
2.33333333333333,1500,1500,1500,1500,1500,1500,1500,1500
2.36666666666667,1500,1500,1500,1500,1500,1500,1500,1500
2.4,1500,1500,1500,1500,1500,1500,1500,1500
2.43333333333333,1500,1500,1500,1500,1500,1500,1500,1500
2.46666666666667,1500,1500,1500,1500,1500,1500,1500,1500
2.5,1500,1500,1500,1500,1500,1500,1500,1500
2.53333333333333,1500,1500,1500,1500,1500,1500,1500,1500
2.56666666666667,1500,1500,1500,1500,1500,1500,1500,1500
2.6,1500,1500,1500,1500,1500,1500,1500,1500
2.63333333333333,1500,1500,1500,1500,1500,1500,1500,1500
2.66666666666667,1500,1500,1500,1500,1500,1500,1500,1500
2.7,1500,1500,1500,1500,1500,1500,1500,1500
2.73333333333333,1500,1500,1500,1500,1500,1500,1500,1500
2.76666666666667,1500,1500,1500,1500,1500,1500,1500,1500
2.8,1500,1500,1500,1500,1500,1500,1500,1500
2.83333333333333,1500,1500,1500,1500,1500,1500,1500,1500
2.86666666666667,1500,1500,1500,1500,1500,1500,1500,1500
2.9,1500,1500,1500,1500,1500,1500,1500,1500
2.93333333333333,1500,1500,1500,1500,1500,1500,1500,1500
2.96666666666667,1500,1500,1500,1500,1500,1500,1500,1500
3,1500,1500,1500,1500,1500,1500,1500,1500
3.03333333333333,1500,1500,1500,1500,1500,1500,1500,1500
3.06666666666667,1500,1500,1500,1500,1500,1500,1500,1500
3.1,1500,1500,1500,1500,1500,1500,1500,1500
3.13333333333333,1500,1500,1500,1500,1500,1500,1500,1500
3.16666666666667,1500,1500,1500,1500,1500,1500,1500,1500
3.2,1500,1500,1500,1500,1500,1500,1500,1500
3.23333333333333,1500,1500,1500,1500,1500,1500,1500,1500
3.26666666666667,1500,1500,1500,1500,1500,1500,1500,1500
3.3,1500,1500,1500,1500,1500,1500,1500,1500
3.33333333333333,1500,1500,1500,1500,1500,1500,1500,1500
3.36666666666667,1500,1500,1500,1500,1500,1500,1500,1500
3.4,1500,1500,1500,1500,1500,1500,1500,1500
3.43333333333333,1500,1500,1500,1500,1500,1500,1500,1500
3.46666666666667,1500,1500,1500,1500,1500,1500,1500,1500
3.5,1500,1500,1500,1500,1500,1500,1500,1500
3.53333333333333,1500,1500,1500,1500,1500,1500,1500,1500
3.56666666666667,1500,1500,1500,1500,1500,1500,1500,1500
3.6,1500,1500,1500,1500,1500,1500,1500,1500
3.63333333333333,1500,1500,1500,1500,1500,1500,1500,1500
3.66666666666667,1500,1500,1500,1500,1500,1500,1500,1500
3.7,1500,1500,1500,1500,1500,1500,1500,1500
3.73333333333333,1500,1500,1500,1500,1500,1500,1500,1500
3.76666666666667,1500,1500,1500,1500,1500,1500,1500,1500
3.8,1500,1500,1500,1500,1500,1500,1500,1500
3.83333333333333,1500,1500,1500,1500,1500,1500,1500,1500
3.86666666666667,1500,1500,1500,1500,1500,1500,1500,1500
3.9,1500,1500,1500,1500,1500,1500,1500,1500
3.93333333333333,1500,1500,1500,1500,1500,1500,1500,1500
3.96666666666667,1500,1500,1500,1500,1500,1500,1500,1500
4,1500,1500,1500,1500,1500,1500,1500,1500
4.03333333333333,1500,1500,1500,1500,1500,1500,1500,1500
4.06666666666667,1500,1500,1500,1500,1500,1500,1500,1500
4.1,1500,1500,1500,1500,1500,1500,1500,1500
4.13333333333333,1500,1500,1500,1500,1500,1500,1500,1500
4.16666666666667,1500,1500,1500,1500,1500,1500,1500,1500
4.2,1500,1500,1500,1500,1500,1500,1500,1500
4.23333333333333,1500,1500,1500,1500,1500,1500,1500,1500
4.26666666666667,1500,1500,1500,1500,1500,1500,1500,1500
4.3,1500,1500,1500,1500,1500,1500,1500,1500
4.33333333333333,1500,1500,1500,1500,1500,1500,1500,1500
4.36666666666667,1500,1500,1500,1500,1500,1500,1500,1500
4.4,1500,1500,1500,1500,1500,1500,1500,1500
4.43333333333333,1500,1500,1500,1500,1500,1500,1500,1500
4.46666666666667,1500,1500,1500,1500,1500,1500,1500,1500
4.5,1500,1500,1500,1500,1500,1500,1500,1500
4.53333333333333,1500,1500,1500,1500,1500,1500,1500,1500
4.56666666666667,1500,1500,1500,1500,1500,1500,1500,1500
4.6,1500,1500,1500,1500,1500,1500,1500,1500
4.63333333333333,1500,1500,1500,1500,1500,1500,1500,1500
4.66666666666667,1500,1500,1500,1500,1500,1500,1500,1500
4.7,1500,1500,1500,1500,1500,1500,1500,1500
4.73333333333333,1500,1500,1500,1500,1500,1500,1500,1500
4.76666666666667,1500,1500,1500,1500,1500,1500,1500,1500
4.8,1500,1500,1500,1500,1500,1500,1500,1500
4.83333333333333,1500,1500,1500,1500,1500,1500,1500,1500
4.86666666666667,1500,1500,1500,1500,1500,1500,1500,1500
4.9,1500,1500,1500,1500,1500,1500,1500,1500
4.93333333333333,1500,1500,1500,1500,1500,1500,1500,1500
4.96666666666667,1500,1500,1500,1500,1500,1500,1500,1500
5,1500,1500,1500,1500,1500,1500,1500,1500
5.03333333333333,1500,1500,1500,1500,1500,1500,1500,1500
5.06666666666667,1500,1500,1500,1500,1500,1500,1500,1500
5.1,1500,1500,1500,1500,1500,1500,1500,1500
5.13333333333333,1500,1500,1500,1500,1500,1500,1500,1500
5.16666666666667,1500,1500,1500,1500,1500,1500,1500,1500
5.2,1500,1500,1500,1500,1500,1500,1500,1500
5.23333333333333,1500,1500,1500,1500,1500,1500,1500,1500
5.26666666666667,1500,1500,1500,1500,1500,1500,1500,1500
5.3,1500,1500,1500,1500,1500,1500,1500,1500
5.33333333333333,1500,1500,1500,1500,1500,1500,1500,1500
5.36666666666667,1500,1500,1500,1500,1500,1500,1500,1500
5.4,1500,1500,1500,1500,1500,1500,1500,1500
5.43333333333333,1500,1500,1500,1500,1500,1500,1500,1500
5.46666666666667,1500,1500,1500,1500,1500,1500,1500,1500
5.5,1500,1500,1500,1500,1500,1500,1500,1500
5.53333333333333,1500,1500,1500,1500,1500,1500,1500,1500
5.56666666666667,1500,1500,1500,1500,1500,1500,1500,1500
5.6,1500,1500,1500,1500,1500,1500,1500,1500
5.63333333333333,1500,1500,1500,1500,1500,1500,1500,1500
5.66666666666667,1500,1500,1500,1500,1500,1500,1500,1500
5.7,1500,1500,1500,1500,1500,1500,1500,1500
5.73333333333333,1500,1500,1500,1500,1500,1500,1500,1500
5.76666666666667,1500,1500,1500,1500,1500,1500,1500,1500
5.8,1500,1500,1500,1500,1500,1500,1500,1500
5.83333333333333,1500,1500,1500,1500,1500,1500,1500,1500
5.86666666666667,1500,1500,1500,1500,1500,1500,1500,1500
5.9,1500,1500,1500,1500,1500,1500,1500,1500
5.93333333333333,1500,1500,1500,1500,1500,1500,1500,1500
5.96666666666667,1500,1500,1500,1500,1500,1500,1500,1500
6,1500,1500,1500,1500,1500,1500,1500,1500
6.03333333333333,1500,1500,1500,1500,1500,1500,1500,1500
6.06666666666667,1500,1500,1500,1500,1500,1500,1500,1500
6.1,1500,1500,1500,1500,1500,1500,1500,1500
6.13333333333333,1500,1500,1500,1500,1500,1500,1500,1500
6.16666666666667,1500,1500,1500,1500,1500,1500,1500,1500
6.2,1500,1500,1500,1500,1500,1500,1500,1500
6.23333333333333,1500,1500,1500,1500,1500,1500,1500,1500
6.26666666666667,1500,1500,1500,1500,1500,1500,1500,1500
6.3,1500,1500,1500,1500,1500,1500,1500,1500
6.33333333333333,1500,1500,1500,1500,1500,1500,1500,1500
6.36666666666667,1500,1500,1500,1500,1500,1500,1500,1500
6.4,1500,1500,1500,1500,1500,1500,1500,1500
6.43333333333333,1500,1500,1500,1500,1500,1500,1500,1500
6.46666666666667,1500,1500,1500,1500,1500,1500,1500,1500
6.5,1500,1500,1500,1500,1500,1500,1500,1500
6.53333333333333,1500,1500,1500,1500,1500,1500,1500,1500
6.56666666666667,1500,1500,1500,1500,1500,1500,1500,1500
6.6,1500,1500,1500,1500,1500,1500,1500,1500
6.63333333333333,1500,1500,1500,1500,1500,1500,1500,1500
6.66666666666667,1500,1500,1500,1500,1500,1500,1500,1500
6.7,1500,1500,1500,1500,1500,1500,1500,1500
6.73333333333333,1500,1500,1500,1500,1500,1500,1500,1500
6.76666666666667,1500,1500,1500,1500,1500,1500,1500,1500
6.8,1500,1500,1500,1500,1500,1500,1500,1500
6.83333333333333,1500,1500,1500,1500,1500,1500,1500,1500
6.86666666666667,1500,1500,1500,1500,1500,1500,1500,1500
6.9,1500,1500,1500,1500,1500,1500,1500,1500
6.93333333333333,1500,1500,1500,1500,1500,1500,1500,1500
6.96666666666667,1500,1500,1500,1500,1500,1500,1500,1500
7,1500,1500,1500,1500,1500,1500,1500,1500
7.03333333333333,1500,1500,1500,1500,1500,1500,1500,1500
7.06666666666667,1500,1500,1500,1500,1500,1500,1500,1500
7.1,1500,1500,1500,1500,1500,1500,1500,1500
7.13333333333333,1500,1500,1500,1500,1500,1500,1500,1500
7.16666666666667,1500,1500,1500,1500,1500,1500,1500,1500
7.2,1500,1500,1500,1500,1500,1500,1500,1500
7.23333333333333,1500,1500,1500,1500,1500,1500,1500,1500
7.26666666666667,1500,1500,1500,1500,1500,1500,1500,1500
7.3,1500,1500,1500,1500,1500,1500,1500,1500
7.33333333333333,1500,1500,1500,1500,1500,1500,1500,1500
7.36666666666667,1500,1500,1500,1500,1500,1500,1500,1500
7.4,1500,1500,1500,1500,1500,1500,1500,1500
7.43333333333333,1500,1500,1500,1500,1500,1500,1500,1500
7.46666666666667,1500,1500,1500,1500,1500,1500,1500,1500
7.5,1500,1500,1500,1500,1500,1500,1500,1500
7.53333333333333,1500,1500,1500,1500,1500,1500,1500,1500
7.56666666666667,1500,1500,1500,1500,1500,1500,1500,1500
7.6,1500,1500,1500,1500,1500,1500,1500,1500
7.63333333333333,1500,1500,1500,1500,1500,1500,1500,1500
7.66666666666667,1500,1500,1500,1500,1500,1500,1500,1500
7.7,1500,1500,1500,1500,1500,1500,1500,1500
7.73333333333333,1500,1500,1500,1500,1500,1500,1500,1500
7.76666666666667,1500,1500,1500,1500,1500,1500,1500,1500
7.8,1500,1500,1500,1500,1500,1500,1500,1500
7.83333333333333,1500,1500,1500,1500,1500,1500,1500,1500
7.86666666666667,1500,1500,1500,1500,1500,1500,1500,1500
7.9,1500,1500,1500,1500,1500,1500,1500,1500
7.93333333333333,1500,1500,1500,1500,1500,1500,1500,1500
7.96666666666667,1500,1500,1500,1500,1500,1500,1500,1500
8,1500,1500,1500,1500,1500,1500,1500,1500
8.03333333333333,1500,1500,1500,1500,1500,1500,1500,1500
8.06666666666667,1500,1500,1500,1500,1500,1500,1500,1500
8.1,1500,1500,1500,1500,1500,1500,1500,1500
8.13333333333333,1500,1500,1500,1500,1500,1500,1500,1500
8.16666666666667,1500,1500,1500,1500,1500,1500,1500,1500
8.2,1500,1500,1500,1500,1500,1500,1500,1500
8.23333333333333,1500,1500,1500,1500,1500,1500,1500,1500
8.26666666666667,1500,1500,1500,1500,1500,1500,1500,1500
8.3,1500,1500,1500,1500,1500,1500,1500,1500
8.33333333333333,1500,1500,1500,1500,1500,1500,1500,1500
8.36666666666667,1500,1500,1500,1500,1500,1500,1500,1500
8.4,1500,1500,1500,1500,1500,1500,1500,1500
8.43333333333333,1500,1500,1500,1500,1500,1500,1500,1500
8.46666666666667,1500,1500,1500,1500,1500,1500,1500,1500
8.5,1500,1500,1500,1500,1500,1500,1500,1500
8.53333333333333,1500,1500,1500,1500,1500,1500,1500,1500
8.56666666666667,1500,1500,1500,1500,1500,1500,1500,1500
8.6,1500,1500,1500,1500,1500,1500,1500,1500
8.63333333333333,1500,1500,1500,1500,1500,1500,1500,1500
8.66666666666667,1500,1500,1500,1500,1500,1500,1500,1500
8.7,1500,1500,1500,1500,1500,1500,1500,1500
8.73333333333333,1500,1500,1500,1500,1500,1500,1500,1500
8.76666666666667,1500,1500,1500,1500,1500,1500,1500,1500
8.8,1500,1500,1500,1500,1500,1500,1500,1500
8.83333333333333,1500,1500,1500,1500,1500,1500,1500,1500
8.86666666666667,1500,1500,1500,1500,1500,1500,1500,1500
8.9,1500,1500,1500,1500,1500,1500,1500,1500
8.93333333333333,1500,1500,1500,1500,1500,1500,1500,1500
8.96666666666667,1500,1500,1500,1500,1500,1500,1500,1500
9,1500,1500,1500,1500,1500,1500,1500,1500
9.03333333333333,1500,1500,1500,1500,1500,1500,1500,1500
9.06666666666667,1500,1500,1500,1500,1500,1500,1500,1500
9.1,1500,1500,1500,1500,1500,1500,1500,1500
9.13333333333333,1500,1500,1500,1500,1500,1500,1500,1500
9.16666666666667,1500,1500,1500,1500,1500,1500,1500,1500
9.2,1500,1500,1500,1500,1500,1500,1500,1500
9.23333333333333,1500,1500,1500,1500,1500,1500,1500,1500
9.26666666666667,1500,1500,1500,1500,1500,1500,1500,1500
9.3,1500,1500,1500,1500,1500,1500,1500,1500
9.33333333333333,1500,1500,1500,1500,1500,1500,1500,1500
9.36666666666667,1500,1500,1500,1500,1500,1500,1500,1500
9.4,1500,1500,1500,1500,1500,1500,1500,1500
9.43333333333333,1500,1500,1500,1500,1500,1500,1500,1500
9.46666666666667,1500,1500,1500,1500,1500,1500,1500,1500
9.5,1500,1500,1500,1500,1500,1500,1500,1500
9.53333333333333,1500,1500,1500,1500,1500,1500,1500,1500
9.56666666666667,1500,1500,1500,1500,1500,1500,1500,1500
9.6,1500,1500,1500,1500,1500,1500,1500,1500
9.63333333333333,1500,1500,1500,1500,1500,1500,1500,1500
9.66666666666667,1500,1500,1500,1500,1500,1500,1500,1500
9.7,1500,1500,1500,1500,1500,1500,1500,1500
9.73333333333333,1500,1500,1500,1500,1500,1500,1500,1500
9.76666666666667,1500,1500,1500,1500,1500,1500,1500,1500
9.8,1500,1500,1500,1500,1500,1500,1500,1500
9.83333333333333,1500,1500,1500,1500,1500,1500,1500,1500
9.86666666666667,1500,1500,1500,1500,1500,1500,1500,1500
9.9,1500,1500,1500,1500,1500,1500,1500,1500
9.93333333333333,1500,1500,1500,1500,1500,1500,1500,1500
9.96666666666667,1500,1500,1500,1500,1500,1500,1500,1500
10,1500,1500,1500,1500,1500,1500,1500,1500
10.0333333333333,1500,1500,1500,1500,1500,1500,1500,1500
10.0666666666667,1500,1500,1500,1500,1500,1500,1500,1500
10.1,1500,1500,1500,1500,1500,1500,1500,1500
10.1333333333333,1500,1500,1500,1500,1500,1500,1500,1500
10.1666666666667,1500,1500,1500,1500,1500,1500,1500,1500
10.2,1500,1500,1500,1500,1500,1500,1500,1500
10.2333333333333,1500,1500,1500,1500,1500,1500,1500,1500
10.2666666666667,1500,1500,1500,1500,1500,1500,1500,1500
10.3,1500,1500,1500,1500,1500,1500,1500,1500
10.3333333333333,1500,1500,1500,1500,1500,1500,1500,1500
10.3666666666667,1500,1500,1500,1500,1500,1500,1500,1500
10.4,1500,1500,1500,1500,1500,1500,1500,1500
10.4333333333333,1500,1500,1500,1500,1500,1500,1500,1500
10.4666666666667,1500,1500,1500,1500,1500,1500,1500,1500
10.5,1500,1500,1500,1500,1500,1500,1500,1500
10.5333333333333,1500,1500,1500,1500,1500,1500,1500,1500
10.5666666666667,1500,1500,1500,1500,1500,1500,1500,1500
10.6,1500,1500,1500,1500,1500,1500,1500,1500
10.6333333333333,1500,1500,1500,1500,1500,1500,1500,1500
10.6666666666667,1500,1500,1500,1500,1500,1500,1500,1500
10.7,1500,1500,1500,1500,1500,1500,1500,1500
10.7333333333333,1500,1500,1500,1500,1500,1500,1500,1500
10.7666666666667,1500,1500,1500,1500,1500,1500,1500,1500
10.8,1500,1500,1500,1500,1500,1500,1500,1500
10.8333333333333,1500,1500,1500,1500,1500,1500,1500,1500
10.8666666666667,1500,1500,1500,1500,1500,1500,1500,1500
10.9,1500,1500,1500,1500,1500,1500,1500,1500
10.9333333333333,1500,1500,1500,1500,1500,1500,1500,1500
10.9666666666667,1500,1500,1500,1500,1500,1500,1500,1500
11,1500,1500,1500,1500,1500,1500,1500,1500
11.0333333333333,1500,1500,1500,1500,1500,1500,1500,1500
11.0666666666667,1500,1500,1500,1500,1500,1500,1500,1500
11.1,1500,1500,1500,1500,1500,1500,1500,1500
11.1333333333333,1500,1500,1500,1500,1500,1500,1500,1500
11.1666666666667,1500,1500,1500,1500,1500,1500,1500,1500
11.2,1500,1500,1500,1500,1500,1500,1500,1500
11.2333333333333,1500,1500,1500,1500,1500,1500,1500,1500
11.2666666666667,1500,1500,1500,1500,1500,1500,1500,1500
11.3,1500,1500,1500,1500,1500,1500,1500,1500
11.3333333333333,1500,1500,1500,1500,1500,1500,1500,1500
11.3666666666667,1500,1500,1500,1500,1500,1500,1500,1500
11.4,1500,1500,1500,1500,1500,1500,1500,1500
11.4333333333333,1500,1500,1500,1500,1500,1500,1500,1500
11.4666666666667,1500,1500,1500,1500,1500,1500,1500,1500
11.5,1500,1500,1500,1500,1500,1500,1500,1500
11.5333333333333,1500,1500,1500,1500,1500,1500,1500,1500
11.5666666666667,1500,1500,1500,1500,1500,1500,1500,1500
11.6,1500,1500,1500,1500,1500,1500,1500,1500
11.6333333333333,1500,1500,1500,1500,1500,1500,1500,1500
11.6666666666667,1500,1500,1500,1500,1500,1500,1500,1500
11.7,1500,1500,1500,1500,1500,1500,1500,1500
11.7333333333333,1500,1500,1500,1500,1500,1500,1500,1500
11.7666666666667,1500,1500,1500,1500,1500,1500,1500,1500
11.8,1500,1500,1500,1500,1500,1500,1500,1500
11.8333333333333,1500,1500,1500,1500,1500,1500,1500,1500
11.8666666666667,1500,1500,1500,1500,1500,1500,1500,1500
11.9,1500,1500,1500,1500,1500,1500,1500,1500
11.9333333333333,1500,1500,1500,1500,1500,1500,1500,1500
11.9666666666667,1500,1500,1500,1500,1500,1500,1500,1500
12,1500,1500,1500,1500,1500,1500,1500,1500
12.0333333333333,1500,1500,1500,1500,1500,1500,1500,1500
12.0666666666667,1500,1500,1500,1500,1500,1500,1500,1500
12.1,1500,1500,1500,1500,1500,1500,1500,1500
12.1333333333333,1500,1500,1500,1500,1500,1500,1500,1500
12.1666666666667,1500,1500,1500,1500,1500,1500,1500,1500
12.2,1500,1500,1500,1500,1500,1500,1500,1500
12.2333333333333,1500,1500,1500,1500,1500,1500,1500,1500
12.2666666666667,1500,1500,1500,1500,1500,1500,1500,1500
12.3,1500,1500,1500,1500,1500,1500,1500,1500
12.3333333333333,1500,1500,1500,1500,1500,1500,1500,1500
12.3666666666667,1500,1500,1500,1500,1500,1500,1500,1500
12.4,1500,1500,1500,1500,1500,1500,1500,1500
12.4333333333333,1500,1500,1500,1500,1500,1500,1500,1500
12.4666666666667,1500,1500,1500,1500,1500,1500,1500,1500
12.5,1500,1500,1500,1500,1500,1500,1500,1500
12.5333333333333,1500,1500,1500,1500,1500,1500,1500,1500
12.5666666666667,1500,1500,1500,1500,1500,1500,1500,1500
12.6,1500,1500,1500,1500,1500,1500,1500,1500
12.6333333333333,1500,1500,1500,1500,1500,1500,1500,1500
12.6666666666667,1500,1500,1500,1500,1500,1500,1500,1500
12.7,1500,1500,1500,1500,1500,1500,1500,1500
12.7333333333333,1500,1500,1500,1500,1500,1500,1500,1500
12.7666666666667,1500,1500,1500,1500,1500,1500,1500,1500
12.8,1500,1500,1500,1500,1500,1500,1500,1500
12.8333333333333,1500,1500,1500,1500,1500,1500,1500,1500
12.8666666666667,1500,1500,1500,1500,1500,1500,1500,1500
12.9,1500,1500,1500,1500,1500,1500,1500,1500
12.9333333333333,1500,1500,1500,1500,1500,1500,1500,1500
12.9666666666667,1500,1500,1500,1500,1500,1500,1500,1500
13,1500,1500,1500,1500,1500,1500,1500,1500
13.0333333333333,1500,1500,1500,1500,1500,1500,1500,1500
13.0666666666667,1500,1500,1500,1500,1500,1500,1500,1500
13.1,1500,1500,1500,1500,1500,1500,1500,1500
13.1333333333333,1500,1500,1500,1500,1500,1500,1500,1500
13.1666666666667,1500,1500,1500,1500,1500,1500,1500,1500
13.2,1500,1500,1500,1500,1500,1500,1500,1500
13.2333333333333,1500,1500,1500,1500,1500,1500,1500,1500
13.2666666666667,1500,1500,1500,1500,1500,1500,1500,1500
13.3,1500,1500,1500,1500,1500,1500,1500,1500
13.3333333333333,1500,1500,1500,1500,1500,1500,1500,1500
13.3666666666667,1500,1500,1500,1500,1500,1500,1500,1500
13.4,1500,1500,1500,1500,1500,1500,1500,1500
13.4333333333333,1500,1500,1500,1500,1500,1500,1500,1500
13.4666666666667,1500,1500,1500,1500,1500,1500,1500,1500
13.5,1500,1500,1500,1500,1500,1500,1500,1500
13.5333333333333,1500,1500,1500,1500,1500,1500,1500,1500
13.5666666666667,1500,1500,1500,1500,1500,1500,1500,1500
13.6,1500,1500,1500,1500,1500,1500,1500,1500
13.6333333333333,1500,1500,1500,1500,1500,1500,1500,1500
13.6666666666667,1500,1500,1500,1500,1500,1500,1500,1500
13.7,1500,1500,1500,1500,1500,1500,1500,1500
13.7333333333333,1500,1500,1500,1500,1500,1500,1500,1500
13.7666666666667,1500,1500,1500,1500,1500,1500,1500,1500
13.8,1500,1500,1500,1500,1500,1500,1500,1500
13.8333333333333,1500,1500,1500,1500,1500,1500,1500,1500
13.8666666666667,1500,1500,1500,1500,1500,1500,1500,1500
13.9,1500,1500,1500,1500,1500,1500,1500,1500
13.9333333333333,1500,1500,1500,1500,1500,1500,1500,1500
13.9666666666667,1500,1500,1500,1500,1500,1500,1500,1500
14,1500,1500,1500,1500,1500,1500,1500,1500
14.0333333333333,1500,1500,1500,1500,1500,1500,1500,1500
14.0666666666667,1500,1500,1500,1500,1500,1500,1500,1500
14.1,1500,1500,1500,1500,1500,1500,1500,1500
14.1333333333333,1500,1500,1500,1500,1500,1500,1500,1500
14.1666666666667,1500,1500,1500,1500,1500,1500,1500,1500
14.2,1500,1500,1500,1500,1500,1500,1500,1500
14.2333333333333,1500,1500,1500,1500,1500,1500,1500,1500
14.2666666666667,1500,1500,1500,1500,1500,1500,1500,1500
14.3,1500,1500,1500,1500,1500,1500,1500,1500
14.3333333333333,1500,1500,1500,1500,1500,1500,1500,1500
14.3666666666667,1500,1500,1500,1500,1500,1500,1500,1500
14.4,1500,1500,1500,1500,1500,1500,1500,1500
14.4333333333333,1500,1500,1500,1500,1500,1500,1500,1500
14.4666666666667,1500,1500,1500,1500,1500,1500,1500,1500
14.5,1500,1500,1500,1500,1500,1500,1500,1500
14.5333333333333,1500,1500,1500,1500,1500,1500,1500,1500
14.5666666666667,1500,1500,1500,1500,1500,1500,1500,1500
14.6,1500,1500,1500,1500,1500,1500,1500,1500
14.6333333333333,1500,1500,1500,1500,1500,1500,1500,1500
14.6666666666667,1500,1500,1500,1500,1500,1500,1500,1500
14.7,1500,1500,1500,1500,1500,1500,1500,1500
14.7333333333333,1500,1500,1500,1500,1500,1500,1500,1500
14.7666666666667,1500,1500,1500,1500,1500,1500,1500,1500
14.8,1500,1500,1500,1500,1500,1500,1500,1500
14.8333333333333,1500,1500,1500,1500,1500,1500,1500,1500
14.8666666666667,1500,1500,1500,1500,1500,1500,1500,1500
14.9,1500,1500,1500,1500,1500,1500,1500,1500
14.9333333333333,1500,1500,1500,1500,1500,1500,1500,1500
14.9666666666667,1500,1500,1500,1500,1500,1500,1500,1500
15,1500,1500,1500,1500,1500,1500,1500,1500
15.0333333333333,1500,1500,1500,1500,1500,1500,1500,1500
15.0666666666667,1500,1500,1500,1500,1500,1500,1500,1500
15.1,1500,1500,1500,1500,1500,1500,1500,1500
15.1333333333333,1500,1500,1500,1500,1500,1500,1500,1500
15.1666666666667,1500,1500,1500,1500,1500,1500,1500,1500
15.2,1500,1500,1500,1500,1500,1500,1500,1500
15.2333333333333,1500,1500,1500,1500,1500,1500,1500,1500
15.2666666666667,1500,1500,1500,1500,1500,1500,1500,1500
15.3,1500,1500,1500,1500,1500,1500,1500,1500
15.3333333333333,1500,1500,1500,1500,1500,1500,1500,1500
15.3666666666667,1500,1500,1500,1500,1500,1500,1500,1500
15.4,1500,1500,1500,1500,1500,1500,1500,1500
15.4333333333333,1500,1500,1500,1500,1500,1500,1500,1500
15.4666666666667,1500,1500,1500,1500,1500,1500,1500,1500
15.5,1500,1500,1500,1500,1500,1500,1500,1500
15.5333333333333,1500,1500,1500,1500,1500,1500,1500,1500
15.5666666666667,1500,1500,1500,1500,1500,1500,1500,1500
15.6,1500,1500,1500,1500,1500,1500,1500,1500
15.6333333333333,1500,1500,1500,1500,1500,1500,1500,1500
15.6666666666667,1500,1500,1500,1500,1500,1500,1500,1500
15.7,1500,1500,1500,1500,1500,1500,1500,1500
15.7333333333333,1500,1500,1500,1500,1500,1500,1500,1500
15.7666666666667,1500,1500,1500,1500,1500,1500,1500,1500
15.8,1500,1500,1500,1500,1500,1500,1500,1500
15.8333333333333,1500,1500,1500,1500,1500,1500,1500,1500
15.8666666666667,1500,1500,1500,1500,1500,1500,1500,1500
15.9,1500,1500,1500,1500,1500,1500,1500,1500
15.9333333333333,1500,1500,1500,1500,1500,1500,1500,1500
15.9666666666667,1500,1500,1500,1500,1500,1500,1500,1500
16,1500,1500,1500,1500,1500,1500,1500,1500
16.0333333333333,1500,1500,1500,1500,1500,1500,1500,1500
16.0666666666667,1500,1500,1500,1500,1500,1500,1500,1500
16.1,1500,1500,1500,1500,1500,1500,1500,1500
16.1333333333333,1500,1500,1500,1500,1500,1500,1500,1500
16.1666666666667,1500,1500,1500,1500,1500,1500,1500,1500
16.2,1500,1500,1500,1500,1500,1500,1500,1500
16.2333333333333,1500,1500,1500,1500,1500,1500,1500,1500
16.2666666666667,1500,1500,1500,1500,1500,1500,1500,1500
16.3,1500,1500,1500,1500,1500,1500,1500,1500
16.3333333333333,1500,1500,1500,1500,1500,1500,1500,1500
16.3666666666667,1500,1500,1500,1500,1500,1500,1500,1500
16.4,1500,1500,1500,1500,1500,1500,1500,1500
16.4333333333333,1500,1500,1500,1500,1500,1500,1500,1500
16.4666666666667,1500,1500,1500,1500,1500,1500,1500,1500
16.5,1500,1500,1500,1500,1500,1500,1500,1500
16.5333333333333,1500,1500,1500,1500,1500,1500,1500,1500
16.5666666666667,1500,1500,1500,1500,1500,1500,1500,1500
16.6,1500,1500,1500,1500,1500,1500,1500,1500
16.6333333333333,1500,1500,1500,1500,1500,1500,1500,1500
16.6666666666667,1500,1500,1500,1500,1500,1500,1500,1500
16.7,1500,1500,1500,1500,1500,1500,1500,1500
16.7333333333333,1500,1500,1500,1500,1500,1500,1500,1500
16.7666666666667,1500,1500,1500,1500,1500,1500,1500,1500
16.8,1500,1500,1500,1500,1500,1500,1500,1500
16.8333333333333,1500,1500,1500,1500,1500,1500,1500,1500
16.8666666666667,1500,1500,1500,1500,1500,1500,1500,1500
16.9,1500,1500,1500,1500,1500,1500,1500,1500
16.9333333333333,1500,1500,1500,1500,1500,1500,1500,1500
16.9666666666667,1500,1500,1500,1500,1500,1500,1500,1500
17,1500,1500,1500,1500,1500,1500,1500,1500
17.0333333333333,1500,1500,1500,1500,1500,1500,1500,1500
17.0666666666667,1500,1500,1500,1500,1500,1500,1500,1500
17.1,1500,1500,1500,1500,1500,1500,1500,1500
17.1333333333333,1500,1500,1500,1500,1500,1500,1500,1500
17.1666666666667,1500,1500,1500,1500,1500,1500,1500,1500
17.2,1500,1500,1500,1500,1500,1500,1500,1500
17.2333333333333,1500,1500,1500,1500,1500,1500,1500,1500
17.2666666666667,1500,1500,1500,1500,1500,1500,1500,1500
17.3,1500,1500,1500,1500,1500,1500,1500,1500
17.3333333333333,1500,1500,1500,1500,1500,1500,1500,1500
17.3666666666667,1500,1500,1500,1500,1500,1500,1500,1500
17.4,1500,1500,1500,1500,1500,1500,1500,1500
17.4333333333333,1500,1500,1500,1500,1500,1500,1500,1500
17.4666666666667,1500,1500,1500,1500,1500,1500,1500,1500
17.5,1500,1500,1500,1500,1500,1500,1500,1500
17.5333333333333,1500,1500,1500,1500,1500,1500,1500,1500
17.5666666666667,1500,1500,1500,1500,1500,1500,1500,1500
17.6,1500,1500,1500,1500,1500,1500,1500,1500
17.6333333333333,1500,1500,1500,1500,1500,1500,1500,1500
17.6666666666667,1500,1500,1500,1500,1500,1500,1500,1500
17.7,1500,1500,1500,1500,1500,1500,1500,1500
17.7333333333333,1500,1500,1500,1500,1500,1500,1500,1500
17.7666666666667,1500,1500,1500,1500,1500,1500,1500,1500
17.8,1500,1500,1500,1500,1500,1500,1500,1500
17.8333333333333,1500,1500,1500,1500,1500,1500,1500,1500
17.8666666666667,1500,1500,1500,1500,1500,1500,1500,1500
17.9,1500,1500,1500,1500,1500,1500,1500,1500
17.9333333333333,1500,1500,1500,1500,1500,1500,1500,1500
17.9666666666667,1500,1500,1500,1500,1500,1500,1500,1500
18,1500,1500,1500,1500,1500,1500,1500,1500
18.0333333333333,1500,1500,1500,1500,1500,1500,1500,1500
18.0666666666667,1500,1500,1500,1500,1500,1500,1500,1500
18.1,1500,1500,1500,1500,1500,1500,1500,1500
18.1333333333333,1500,1500,1500,1500,1500,1500,1500,1500
18.1666666666667,1500,1500,1500,1500,1500,1500,1500,1500
18.2,1500,1500,1500,1500,1500,1500,1500,1500
18.2333333333333,1500,1500,1500,1500,1500,1500,1500,1500
18.2666666666667,1500,1500,1500,1500,1500,1500,1500,1500
18.3,1500,1500,1500,1500,1500,1500,1500,1500
18.3333333333333,1500,1500,1500,1500,1500,1500,1500,1500
18.3666666666667,1500,1500,1500,1500,1500,1500,1500,1500
18.4,1500,1500,1500,1500,1500,1500,1500,1500
18.4333333333333,1500,1500,1500,1500,1500,1500,1500,1500
18.4666666666667,1500,1500,1500,1500,1500,1500,1500,1500
18.5,1500,1500,1500,1500,1500,1500,1500,1500
18.5333333333333,1500,1500,1500,1500,1500,1500,1500,1500
18.5666666666667,1500,1500,1500,1500,1500,1500,1500,1500
18.6,1500,1500,1500,1500,1500,1500,1500,1500
18.6333333333333,1500,1500,1500,1500,1500,1500,1500,1500
18.6666666666667,1500,1500,1500,1500,1500,1500,1500,1500
18.7,1500,1500,1500,1500,1500,1500,1500,1500
18.7333333333333,1500,1500,1500,1500,1500,1500,1500,1500
18.7666666666667,1500,1500,1500,1500,1500,1500,1500,1500
18.8,1500,1500,1500,1500,1500,1500,1500,1500
18.8333333333333,1500,1500,1500,1500,1500,1500,1500,1500
18.8666666666667,1500,1500,1500,1500,1500,1500,1500,1500
18.9,1500,1500,1500,1500,1500,1500,1500,1500
18.9333333333333,1500,1500,1500,1500,1500,1500,1500,1500
18.9666666666667,1500,1500,1500,1500,1500,1500,1500,1500
19,1500,1500,1500,1500,1500,1500,1500,1500
19.0333333333333,1500,1500,1500,1500,1500,1500,1500,1500
19.0666666666667,1500,1500,1500,1500,1500,1500,1500,1500
19.1,1500,1500,1500,1500,1500,1500,1500,1500
19.1333333333333,1500,1500,1500,1500,1500,1500,1500,1500
19.1666666666667,1500,1500,1500,1500,1500,1500,1500,1500
19.2,1500,1500,1500,1500,1500,1500,1500,1500
19.2333333333333,1500,1500,1500,1500,1500,1500,1500,1500
19.2666666666667,1500,1500,1500,1500,1500,1500,1500,1500
19.3,1500,1500,1500,1500,1500,1500,1500,1500
19.3333333333333,1500,1500,1500,1500,1500,1500,1500,1500
19.3666666666667,1500,1500,1500,1500,1500,1500,1500,1500
19.4,1500,1500,1500,1500,1500,1500,1500,1500
19.4333333333333,1500,1500,1500,1500,1500,1500,1500,1500
19.4666666666667,1500,1500,1500,1500,1500,1500,1500,1500
19.5,1500,1500,1500,1500,1500,1500,1500,1500
19.5333333333333,1500,1500,1500,1500,1500,1500,1500,1500
19.5666666666667,1500,1500,1500,1500,1500,1500,1500,1500
19.6,1500,1500,1500,1500,1500,1500,1500,1500
19.6333333333333,1500,1500,1500,1500,1500,1500,1500,1500
19.6666666666667,1500,1500,1500,1500,1500,1500,1500,1500
19.7,1500,1500,1500,1500,1500,1500,1500,1500
19.7333333333333,1500,1500,1500,1500,1500,1500,1500,1500
19.7666666666667,1500,1500,1500,1500,1500,1500,1500,1500
19.8,1500,1500,1500,1500,1500,1500,1500,1500
19.8333333333333,1500,1500,1500,1500,1500,1500,1500,1500
19.8666666666667,1500,1500,1500,1500,1500,1500,1500,1500
19.9,1500,1500,1500,1500,1500,1500,1500,1500
19.9333333333333,1500,1500,1500,1500,1500,1500,1500,1500
19.9666666666667,1500,1500,1500,1500,1500,1500,1500,1500
20,1500,1500,1500,1500,1500,1500,1500,1500
20.0333333333333,1500,1500,1500,1500,1500,1500,1500,1500
20.0666666666667,1500,1500,1500,1500,1500,1500,1500,1500
20.1,1500,1500,1500,1500,1500,1500,1500,1500
20.1333333333333,1500,1500,1500,1500,1500,1500,1500,1500
20.1666666666667,1500,1500,1500,1500,1500,1500,1500,1500
20.2,1500,1500,1500,1500,1500,1500,1500,1500
20.2333333333333,1500,1500,1500,1500,1500,1500,1500,1500
20.2666666666667,1500,1500,1500,1500,1500,1500,1500,1500
20.3,1500,1500,1500,1500,1500,1500,1500,1500
20.3333333333333,1500,1500,1500,1500,1500,1500,1500,1500
20.3666666666667,1500,1500,1500,1500,1500,1500,1500,1500
20.4,1500,1500,1500,1500,1500,1500,1500,1500
20.4333333333333,1500,1500,1500,1500,1500,1500,1500,1500
20.4666666666667,1500,1500,1500,1500,1500,1500,1500,1500
20.5,1500,1500,1500,1500,1500,1500,1500,1500
20.5333333333333,1500,1500,1500,1500,1500,1500,1500,1500
20.5666666666667,1500,1500,1500,1500,1500,1500,1500,1500
20.6,1500,1500,1500,1500,1500,1500,1500,1500
20.6333333333333,1500,1500,1500,1500,1500,1500,1500,1500
20.6666666666667,1500,1500,1500,1500,1500,1500,1500,1500
20.7,1500,1500,1500,1500,1500,1500,1500,1500
20.7333333333333,1500,1500,1500,1500,1500,1500,1500,1500
20.7666666666667,1500,1500,1500,1500,1500,1500,1500,1500
20.8,1500,1500,1500,1500,1500,1500,1500,1500
20.8333333333333,1500,1500,1500,1500,1500,1500,1500,1500
20.8666666666667,1500,1500,1500,1500,1500,1500,1500,1500
20.9,1500,1500,1500,1500,1500,1500,1500,1500
20.9333333333333,1500,1500,1500,1500,1500,1500,1500,1500
20.9666666666667,1500,1500,1500,1500,1500,1500,1500,1500
21,1500,1500,1500,1500,1500,1500,1500,1500
21.0333333333333,1500,1500,1500,1500,1500,1500,1500,1500
21.0666666666667,1500,1500,1500,1500,1500,1500,1500,1500
21.1,1500,1500,1500,1500,1500,1500,1500,1500
21.1333333333333,1500,1500,1500,1500,1500,1500,1500,1500
21.1666666666667,1500,1500,1500,1500,1500,1500,1500,1500
21.2,1500,1500,1500,1500,1500,1500,1500,1500
21.2333333333333,1500,1500,1500,1500,1500,1500,1500,1500
21.2666666666667,1500,1500,1500,1500,1500,1500,1500,1500
21.3,1500,1500,1500,1500,1500,1500,1500,1500
21.3333333333333,1500,1500,1500,1500,1500,1500,1500,1500
21.3666666666667,1500,1500,1500,1500,1500,1500,1500,1500
21.4,1500,1500,1500,1500,1500,1500,1500,1500
21.4333333333333,1500,1500,1500,1500,1500,1500,1500,1500
21.4666666666667,1500,1500,1500,1500,1500,1500,1500,1500
21.5,1500,1500,1500,1500,1500,1500,1500,1500
21.5333333333333,1500,1500,1500,1500,1500,1500,1500,1500
21.5666666666667,1500,1500,1500,1500,1500,1500,1500,1500
21.6,1500,1500,1500,1500,1500,1500,1500,1500
21.6333333333333,1500,1500,1500,1500,1500,1500,1500,1500
21.6666666666667,1500,1500,1500,1500,1500,1500,1500,1500
21.7,1500,1500,1500,1500,1500,1500,1500,1500
21.7333333333333,1500,1500,1500,1500,1500,1500,1500,1500
21.7666666666667,1500,1500,1500,1500,1500,1500,1500,1500
21.8,1500,1500,1500,1500,1500,1500,1500,1500
21.8333333333333,1500,1500,1500,1500,1500,1500,1500,1500
21.8666666666667,1500,1500,1500,1500,1500,1500,1500,1500
21.9,1500,1500,1500,1500,1500,1500,1500,1500
21.9333333333333,1500,1500,1500,1500,1500,1500,1500,1500
21.9666666666667,1500,1500,1500,1500,1500,1500,1500,1500
22,1500,1500,1500,1500,1500,1500,1500,1500
22.0333333333333,1500,1500,1500,1500,1500,1500,1500,1500
22.0666666666667,1500,1500,1500,1500,1500,1500,1500,1500
22.1,1500,1500,1500,1500,1500,1500,1500,1500
22.1333333333333,1500,1500,1500,1500,1500,1500,1500,1500
22.1666666666667,1500,1500,1500,1500,1500,1500,1500,1500
22.2,1500,1500,1500,1500,1500,1500,1500,1500
22.2333333333333,1500,1500,1500,1500,1500,1500,1500,1500
22.2666666666667,1500,1500,1500,1500,1500,1500,1500,1500
22.3,1500,1500,1500,1500,1500,1500,1500,1500
22.3333333333333,1500,1500,1500,1500,1500,1500,1500,1500
22.3666666666667,1500,1500,1500,1500,1500,1500,1500,1500
22.4,1500,1500,1500,1500,1500,1500,1500,1500
22.4333333333333,1500,1500,1500,1500,1500,1500,1500,1500
22.4666666666667,1500,1500,1500,1500,1500,1500,1500,1500
22.5,1500,1500,1500,1500,1500,1500,1500,1500
22.5333333333333,1500,1500,1500,1500,1500,1500,1500,1500
22.5666666666667,1500,1500,1500,1500,1500,1500,1500,1500
22.6,1500,1500,1500,1500,1500,1500,1500,1500
22.6333333333333,1500,1500,1500,1500,1500,1500,1500,1500
22.6666666666667,1500,1500,1500,1500,1500,1500,1500,1500
22.7,1500,1500,1500,1500,1500,1500,1500,1500
22.7333333333333,1500,1500,1500,1500,1500,1500,1500,1500
22.7666666666667,1500,1500,1500,1500,1500,1500,1500,1500
22.8,1500,1500,1500,1500,1500,1500,1500,1500
22.8333333333333,1500,1500,1500,1500,1500,1500,1500,1500
22.8666666666667,1500,1500,1500,1500,1500,1500,1500,1500
22.9,1500,1500,1500,1500,1500,1500,1500,1500
22.9333333333333,1500,1500,1500,1500,1500,1500,1500,1500
22.9666666666667,1500,1500,1500,1500,1500,1500,1500,1500
23,1500,1500,1500,1500,1500,1500,1500,1500
23.0333333333333,1500,1500,1500,1500,1500,1500,1500,1500
23.0666666666667,1500,1500,1500,1500,1500,1500,1500,1500
23.1,1500,1500,1500,1500,1500,1500,1500,1500
23.1333333333333,1500,1500,1500,1500,1500,1500,1500,1500
23.1666666666667,1500,1500,1500,1500,1500,1500,1500,1500
23.2,1500,1500,1500,1500,1500,1500,1500,1500
23.2333333333333,1500,1500,1500,1500,1500,1500,1500,1500
23.2666666666667,1500,1500,1500,1500,1500,1500,1500,1500
23.3,1500,1500,1500,1500,1500,1500,1500,1500
23.3333333333333,1500,1500,1500,1500,1500,1500,1500,1500
23.3666666666667,1500,1500,1500,1500,1500,1500,1500,1500
23.4,1500,1500,1500,1500,1500,1500,1500,1500
23.4333333333333,1500,1500,1500,1500,1500,1500,1500,1500
23.4666666666667,1500,1500,1500,1500,1500,1500,1500,1500
23.5,1500,1500,1500,1500,1500,1500,1500,1500
23.5333333333333,1500,1500,1500,1500,1500,1500,1500,1500
23.5666666666667,1500,1500,1500,1500,1500,1500,1500,1500
23.6,1500,1500,1500,1500,1500,1500,1500,1500
23.6333333333333,1500,1500,1500,1500,1500,1500,1500,1500
23.6666666666667,1500,1500,1500,1500,1500,1500,1500,1500
23.7,1500,1500,1500,1500,1500,1500,1500,1500
23.7333333333333,1500,1500,1500,1500,1500,1500,1500,1500
23.7666666666667,1500,1500,1500,1500,1500,1500,1500,1500
23.8,1500,1500,1500,1500,1500,1500,1500,1500
23.8333333333333,1500,1500,1500,1500,1500,1500,1500,1500
23.8666666666667,1500,1500,1500,1500,1500,1500,1500,1500
23.9,1500,1500,1500,1500,1500,1500,1500,1500
23.9333333333333,1500,1500,1500,1500,1500,1500,1500,1500
23.9666666666667,1500,1500,1500,1500,1500,1500,1500,1500
24,1500,1500,1500,1500,1500,1500,1500,1500
24.0333333333333,1500,1500,1500,1500,1500,1500,1500,1500
24.0666666666667,1500,1500,1500,1500,1500,1500,1500,1500
24.1,1500,1500,1500,1500,1500,1500,1500,1500
24.1333333333333,1500,1500,1500,1500,1500,1500,1500,1500
24.1666666666667,1500,1500,1500,1500,1500,1500,1500,1500
24.2,1500,1500,1500,1500,1500,1500,1500,1500
24.2333333333333,1500,1500,1500,1500,1500,1500,1500,1500
24.2666666666667,1500,1500,1500,1500,1500,1500,1500,1500
24.3,1500,1500,1500,1500,1500,1500,1500,1500
24.3333333333333,1500,1500,1500,1500,1500,1500,1500,1500
24.3666666666667,1500,1500,1500,1500,1500,1500,1500,1500
24.4,1500,1500,1500,1500,1500,1500,1500,1500
24.4333333333333,1500,1500,1500,1500,1500,1500,1500,1500
24.4666666666667,1500,1500,1500,1500,1500,1500,1500,1500
24.5,1500,1500,1500,1500,1500,1500,1500,1500
24.5333333333333,1500,1500,1500,1500,1500,1500,1500,1500
24.5666666666667,1500,1500,1500,1500,1500,1500,1500,1500
24.6,1500,1500,1500,1500,1500,1500,1500,1500
24.6333333333333,1500,1500,1500,1500,1500,1500,1500,1500
24.6666666666667,1500,1500,1500,1500,1500,1500,1500,1500
24.7,1500,1500,1500,1500,1500,1500,1500,1500
24.7333333333333,1500,1500,1500,1500,1500,1500,1500,1500
24.7666666666667,1500,1500,1500,1500,1500,1500,1500,1500
24.8,1500,1500,1500,1500,1500,1500,1500,1500
24.8333333333333,1500,1500,1500,1500,1500,1500,1500,1500
24.8666666666667,1500,1500,1500,1500,1500,1500,1500,1500
24.9,1500,1500,1500,1500,1500,1500,1500,1500
24.9333333333333,1500,1500,1500,1500,1500,1500,1500,1500
24.9666666666667,1500,1500,1500,1500,1500,1500,1500,1500
25,1500,1500,1500,1500,1500,1500,1500,1500
25.0333333333333,1500,1500,1500,1500,1500,1500,1500,1500
25.0666666666667,1500,1500,1500,1500,1500,1500,1500,1500
25.1,1500,1500,1500,1500,1500,1500,1500,1500
25.1333333333333,1500,1500,1500,1500,1500,1500,1500,1500
25.1666666666667,1500,1500,1500,1500,1500,1500,1500,1500
25.2,1500,1500,1500,1500,1500,1500,1500,1500
25.2333333333333,1500,1500,1500,1500,1500,1500,1500,1500
25.2666666666667,1500,1500,1500,1500,1500,1500,1500,1500
25.3,1500,1500,1500,1500,1500,1500,1500,1500
25.3333333333333,1500,1500,1500,1500,1500,1500,1500,1500
25.3666666666667,1500,1500,1500,1500,1500,1500,1500,1500
25.4,1500,1500,1500,1500,1500,1500,1500,1500
25.4333333333333,1500,1500,1500,1500,1500,1500,1500,1500
25.4666666666667,1500,1500,1500,1500,1500,1500,1500,1500
25.5,1500,1500,1500,1500,1500,1500,1500,1500
25.5333333333333,1500,1500,1500,1500,1500,1500,1500,1500
25.5666666666667,1500,1500,1500,1500,1500,1500,1500,1500
25.6,1500,1500,1500,1500,1500,1500,1500,1500
25.6333333333333,1500,1500,1500,1500,1500,1500,1500,1500
25.6666666666667,1500,1500,1500,1500,1500,1500,1500,1500
25.7,1500,1500,1500,1500,1500,1500,1500,1500
25.7333333333333,1500,1500,1500,1500,1500,1500,1500,1500
25.7666666666667,1500,1500,1500,1500,1500,1500,1500,1500
25.8,1500,1500,1500,1500,1500,1500,1500,1500
25.8333333333333,1500,1500,1500,1500,1500,1500,1500,1500
25.8666666666667,1500,1500,1500,1500,1500,1500,1500,1500
25.9,1500,1500,1500,1500,1500,1500,1500,1500
25.9333333333333,1500,1500,1500,1500,1500,1500,1500,1500
25.9666666666667,1500,1500,1500,1500,1500,1500,1500,1500
26,1500,1500,1500,1500,1500,1500,1500,1500
26.0333333333333,1500,1500,1500,1500,1500,1500,1500,1500
26.0666666666667,1500,1500,1500,1500,1500,1500,1500,1500
26.1,1500,1500,1500,1500,1500,1500,1500,1500
26.1333333333333,1500,1500,1500,1500,1500,1500,1500,1500
26.1666666666667,1500,1500,1500,1500,1500,1500,1500,1500
26.2,1500,1500,1500,1500,1500,1500,1500,1500
26.2333333333333,1500,1500,1500,1500,1500,1500,1500,1500
26.2666666666667,1500,1500,1500,1500,1500,1500,1500,1500
26.3,1500,1500,1500,1500,1500,1500,1500,1500
26.3333333333333,1500,1500,1500,1500,1500,1500,1500,1500
26.3666666666667,1500,1500,1500,1500,1500,1500,1500,1500
26.4,1500,1500,1500,1500,1500,1500,1500,1500
26.4333333333333,1500,1500,1500,1500,1500,1500,1500,1500
26.4666666666667,1500,1500,1500,1500,1500,1500,1500,1500
26.5,1500,1500,1500,1500,1500,1500,1500,1500
26.5333333333333,1500,1500,1500,1500,1500,1500,1500,1500
26.5666666666667,1500,1500,1500,1500,1500,1500,1500,1500
26.6,1500,1500,1500,1500,1500,1500,1500,1500
26.6333333333333,1500,1500,1500,1500,1500,1500,1500,1500
26.6666666666667,1500,1500,1500,1500,1500,1500,1500,1500
26.7,1500,1500,1500,1500,1500,1500,1500,1500
26.7333333333333,1500,1500,1500,1500,1500,1500,1500,1500
26.7666666666667,1500,1500,1500,1500,1500,1500,1500,1500
26.8,1500,1500,1500,1500,1500,1500,1500,1500
26.8333333333333,1500,1500,1500,1500,1500,1500,1500,1500
26.8666666666667,1500,1500,1500,1500,1500,1500,1500,1500
26.9,1500,1500,1500,1500,1500,1500,1500,1500
26.9333333333333,1500,1500,1500,1500,1500,1500,1500,1500
26.9666666666667,1500,1500,1500,1500,1500,1500,1500,1500
27,1500,1500,1500,1500,1500,1500,1500,1500
27.0333333333333,1500,1500,1500,1500,1500,1500,1500,1500
27.0666666666667,1500,1500,1500,1500,1500,1500,1500,1500
27.1,1500,1500,1500,1500,1500,1500,1500,1500
27.1333333333333,1500,1500,1500,1500,1500,1500,1500,1500
27.1666666666667,1500,1500,1500,1500,1500,1500,1500,1500
27.2,1500,1500,1500,1500,1500,1500,1500,1500
27.2333333333333,1500,1500,1500,1500,1500,1500,1500,1500
27.2666666666667,1500,1500,1500,1500,1500,1500,1500,1500
27.3,1500,1500,1500,1500,1500,1500,1500,1500
27.3333333333333,1500,1500,1500,1500,1500,1500,1500,1500
27.3666666666667,1500,1500,1500,1500,1500,1500,1500,1500
27.4,1500,1500,1500,1500,1500,1500,1500,1500
27.4333333333333,1500,1500,1500,1500,1500,1500,1500,1500
27.4666666666667,1500,1500,1500,1500,1500,1500,1500,1500
27.5,1500,1500,1500,1500,1500,1500,1500,1500
27.5333333333333,1500,1500,1500,1500,1500,1500,1500,1500
27.5666666666667,1500,1500,1500,1500,1500,1500,1500,1500
27.6,1500,1500,1500,1500,1500,1500,1500,1500
27.6333333333333,1500,1500,1500,1500,1500,1500,1500,1500
27.6666666666667,1500,1500,1500,1500,1500,1500,1500,1500
27.7,1500,1500,1500,1500,1500,1500,1500,1500
27.7333333333333,1500,1500,1500,1500,1500,1500,1500,1500
27.7666666666667,1500,1500,1500,1500,1500,1500,1500,1500
27.8,1500,1500,1500,1500,1500,1500,1500,1500
27.8333333333333,1500,1500,1500,1500,1500,1500,1500,1500
27.8666666666667,1500,1500,1500,1500,1500,1500,1500,1500
27.9,1500,1500,1500,1500,1500,1500,1500,1500
27.9333333333333,1500,1500,1500,1500,1500,1500,1500,1500
27.9666666666667,1500,1500,1500,1500,1500,1500,1500,1500
28,1500,1500,1500,1500,1500,1500,1500,1500
28.0333333333333,1500,1500,1500,1500,1500,1500,1500,1500
28.0666666666667,1500,1500,1500,1500,1500,1500,1500,1500
28.1,1500,1500,1500,1500,1500,1500,1500,1500
28.1333333333333,1500,1500,1500,1500,1500,1500,1500,1500
28.1666666666667,1500,1500,1500,1500,1500,1500,1500,1500
28.2,1500,1500,1500,1500,1500,1500,1500,1500
28.2333333333333,1500,1500,1500,1500,1500,1500,1500,1500
28.2666666666667,1500,1500,1500,1500,1500,1500,1500,1500
28.3,1500,1500,1500,1500,1500,1500,1500,1500
28.3333333333333,1500,1500,1500,1500,1500,1500,1500,1500
28.3666666666667,1500,1500,1500,1500,1500,1500,1500,1500
28.4,1500,1500,1500,1500,1500,1500,1500,1500
28.4333333333333,1500,1500,1500,1500,1500,1500,1500,1500
28.4666666666667,1500,1500,1500,1500,1500,1500,1500,1500
28.5,1500,1500,1500,1500,1500,1500,1500,1500
28.5333333333333,1500,1500,1500,1500,1500,1500,1500,1500
28.5666666666667,1500,1500,1500,1500,1500,1500,1500,1500
28.6,1500,1500,1500,1500,1500,1500,1500,1500
28.6333333333333,1500,1500,1500,1500,1500,1500,1500,1500
28.6666666666667,1500,1500,1500,1500,1500,1500,1500,1500
28.7,1500,1500,1500,1500,1500,1500,1500,1500
28.7333333333333,1500,1500,1500,1500,1500,1500,1500,1500
28.7666666666667,1500,1500,1500,1500,1500,1500,1500,1500
28.8,1500,1500,1500,1500,1500,1500,1500,1500
28.8333333333333,1500,1500,1500,1500,1500,1500,1500,1500
28.8666666666667,1500,1500,1500,1500,1500,1500,1500,1500
28.9,1500,1500,1500,1500,1500,1500,1500,1500
28.9333333333333,1500,1500,1500,1500,1500,1500,1500,1500
28.9666666666667,1500,1500,1500,1500,1500,1500,1500,1500
29,1500,1500,1500,1500,1500,1500,1500,1500
29.0333333333333,1500,1500,1500,1500,1500,1500,1500,1500
29.0666666666667,1500,1500,1500,1500,1500,1500,1500,1500
29.1,1500,1500,1500,1500,1500,1500,1500,1500
29.1333333333333,1500,1500,1500,1500,1500,1500,1500,1500
29.1666666666667,1500,1500,1500,1500,1500,1500,1500,1500
29.2,1500,1500,1500,1500,1500,1500,1500,1500
29.2333333333333,1500,1500,1500,1500,1500,1500,1500,1500
29.2666666666667,1500,1500,1500,1500,1500,1500,1500,1500
29.3,1500,1500,1500,1500,1500,1500,1500,1500
29.3333333333333,1500,1500,1500,1500,1500,1500,1500,1500
29.3666666666667,1500,1500,1500,1500,1500,1500,1500,1500
29.4,1500,1500,1500,1500,1500,1500,1500,1500
29.4333333333333,1500,1500,1500,1500,1500,1500,1500,1500
29.4666666666667,1500,1500,1500,1500,1500,1500,1500,1500
29.5,1500,1500,1500,1500,1500,1500,1500,1500
29.5333333333333,1500,1500,1500,1500,1500,1500,1500,1500
29.5666666666667,1500,1500,1500,1500,1500,1500,1500,1500
29.6,1500,1500,1500,1500,1500,1500,1500,1500
29.6333333333333,1500,1500,1500,1500,1500,1500,1500,1500
29.6666666666667,1500,1500,1500,1500,1500,1500,1500,1500
29.7,1500,1500,1500,1500,1500,1500,1500,1500
29.7333333333333,1500,1500,1500,1500,1500,1500,1500,1500
29.7666666666667,1500,1500,1500,1500,1500,1500,1500,1500
29.8,1500,1500,1500,1500,1500,1500,1500,1500
29.8333333333333,1500,1500,1500,1500,1500,1500,1500,1500
29.8666666666667,1500,1500,1500,1500,1500,1500,1500,1500
29.9,1500,1500,1500,1500,1500,1500,1500,1500
29.9333333333333,1500,1500,1500,1500,1500,1500,1500,1500
29.9666666666667,1500,1500,1500,1500,1500,1500,1500,1500
30,1500,1500,1500,1500,1500,1500,1500,1500
