0,0,0,0,1
0.0333333333333333,-7.31678908098326e-07,1.16635519637562e-06,0.000986311592402176,0.999999513593655
0.0666666666666667,-2.93364251985791e-06,4.63565542193411e-06,0.00387917266759384,0.999992475966354
0.1,-6.62727335113942e-06,1.03209465815118e-05,0.00849705905561735,0.99996389926685
0.133333333333333,-1.18482447566809e-05,1.80842792850108e-05,0.0145847238255677,0.999893637025214
0.166666666666667,-1.86420285034802e-05,2.77451636368235e-05,0.021861579598029,0.999761006551146
0.2,-2.70535376583919e-05,3.90898085988581e-05,0.0300605929737644,0.999548077127938
0.233333333333333,-3.71126912475476e-05,5.18803959182501e-05,0.0389509757510668,0.999241120760706
0.266666666666667,-4.88193932848161e-05,6.58641596458798e-05,0.0483462086197009,0.998830634988074
0.3,-6.21310262836212e-05,8.07821996790184e-05,0.0581024778509107,0.99831061883642
0.333333333333333,-7.69541784813773e-05,9.63779152273573e-05,0.0681124704015242,0.997677641407862
0.366666666666667,-9.31410242109283e-05,0.000112404882640589,0.0782978801595204,0.996929997869669
0.4,-0.000110489983967454,0.000128633975183534,0.088602400899302,0.996067058887173
0.433333333333333,-0.00012874994638995,0.000144859537225644,0.0989859040674968,0.99508881675713
0.466666666666667,-0.000147627270105821,0.000160904458087278,0.109419910995856,0.99399559123449
0.5,-0.000166794837728844,0.000176624021215099,0.119884215648643,0.992787850359656
0.533333333333333,-0.000185902515830737,0.000191908449223228,0.130364428429169,0.991466108554265
0.566666666666667,-0.000204588456211204,0.000206684095720623,0.140850223054917,0.990030873301751
0.6,-0.000222490740956449,0.000220913280104627,0.151334098639745,0.988482621134074
0.633333333333333,-0.000239258925180062,0.000234592798931601,0.161810512921814,0.986821790208022
0.666666666666667,-0.000254565079893654,0.000247751188051824,0.172275278610418,0.985048781632499
0.7,-0.000268113983285022,0.000260444847670005,0.182725144517058,0.983163964883067
0.733333333333333,-0.000279652148849508,0.000272753180186521,0.193157505817314,0.981167684622161
0.766666666666667,-0.000288975439533391,0.000284772915576565,0.203570203801106,0.979060267563728
0.8,-0.000295935051782772,0.000296611831400499,0.213961387845915,0.976842028659146
0.833333333333333,-0.000300441717239295,0.000308382084245796,0.224329420264897,0.974513276378973
0.866666666666667,-0.000302468014179603,0.000320193400542939,0.234672810867207,0.97207431702981
0.9,-0.000302048742530443,0.000332146359534814,0.244990171919859,0.969525458205215
0.933333333333333,-0.000299279494164014,0.000344325977847273,0.255280187172793,0.966867011490427
0.966666666666667,-0.000294314096517013,0.000356795623204305,0.265541590606932,0.964099294540783
1,-0.000287359846360241,0.00036959170858691,0.27577315188723,0.961222632653055
1.03333333333333,-0.000278669915290507,0.00038271984709344,0.285973666261858,0.958237359986214
1.06666666666667,-0.000268534810866899,0.000396151907307716,0.296141947887238,0.955143820403123
1.1,-0.000257272213433723,0.000409824737676144,0.30627682508626,0.951942368145138
1.13333333333333,-0.000245216277132105,0.000423640117716357,0.316377137219241,0.948633368295142
1.16666666666667,-0.000232706419357225,0.000437466249038592,0.326441732536861,0.945217197118914
1.2,-0.000220076205570961,0.000451140657848711,0.336469466750386,0.941694242301226
1.23333333333333,-0.000207642633053125,0.000464474307881364,0.346459202092893,0.938064903102824
1.26666666666667,-0.000195696200675391,0.000477256853513806,0.356409806708709,0.934329590460857
1.3,-0.000184491997417202,0.000489262885389948,0.366320154268309,0.930488727046907
1.33333333333333,-0.000174242227448904,0.000500258839313317,0.376189123743161,0.926542747291291
1.36666666666667,-0.000165110212633556,0.000510010510778582,0.386015599285634,0.922492097384064
1.4,-0.00015720627049543,0.000518290559152012,0.395798470184959,0.918337235257468
1.43333333333333,-0.000150585265582671,0.000524886266296967,0.405536630872751,0.914078630555853
1.46666666666667,-0.000145246110936177,0.000529606851888361,0.415228980966094,0.909716764595447
1.5,-0.000141133131311624,0.00053229028556986,0.424874425334592,0.905252130317897
1.53333333333333,-0.000138138749111999,0.000532809549898862,0.43447187418573,0.900685232238882
1.56666666666667,-0.000136107890818168,0.000531078063280016,0.444020243162062,0.896016586393933
1.6,-0.000134844834371188,0.000527053877210524,0.45351845344898,0.891246720281386
1.63333333333333,-0.000134121617329752,0.00052074228131375,0.462965431888565,0.886376172804246
1.66666666666667,-0.000133687432918097,0.000512196681032313,0.472360111098852,0.881405494210758
1.7,-0.000133410639644224,0.000501845796609429,0.481491672218421,0.876450511972414
1.73333333333333,-0.000134068376144981,0.000491662378096161,0.489330760066719,0.872098129539505
1.76666666666667,-0.000136127046660696,0.000481894113551874,0.496070062342895,0.86828235182722
1.8,-0.000139831567274158,0.000472481579224611,0.501976896450382,0.864880889278017
1.83333333333333,-0.000145331557024637,0.000463386623201674,0.507231911324137,0.861809464026729
1.86666666666667,-0.000152701790697802,0.000454594634565079,0.511962872314453,0.859007443156004
1.9,-0.000161955623366809,0.000446114486570943,0.516263448296877,0.856429697467842
1.93333333333333,-0.000173054627864704,0.000437977360860794,0.520204339167024,0.854041699063768
1.96666666666667,-0.000185916134700074,0.000430234930261767,0.523840208762351,0.851816421546868
2,-0.000200419521106186,0.000422956996941411,0.527214186714187,0.849732300355055
2.03333333333333,-0.000216411799323319,0.000416228770722742,0.530360895199256,0.847771844757177
2.06666666666667,-0.00023371293441889,0.00041014807056467,0.533308544775862,0.845920666035461
2.1,-0.000252120970088601,0.000404822368013008,0.536080422759998,0.844166780255731
2.13333333333333,-0.000271417015193136,0.000400365697511918,0.538695973665441,0.842500097327445
2.16666666666667,-0.000291370112806021,0.000396895484092942,0.541171599070484,0.840912039357819
2.2,-0.000311741983328702,0.000394529339865531,0.543521259976481,0.839395250830688
2.23333333333333,-0.000332291609900794,0.000393381885529013,0.545756937024654,0.83794337548694
2.26666666666667,-0.000352779634734729,0.000393561645005601,0.547888987377314,0.836550881994886
2.3,-0.000372972524430186,0.000395168064207955,0.549926424824245,0.835212926153397
2.33333333333333,-0.000392646459424288,0.00039828870366913,0.55187714182358,0.833925240970378
2.36666666666667,-0.000411590917976221,0.000402996641204316,0.553748087860261,0.832684047750242
2.4,-0.000429611906385662,0.000409348133499355,0.555545413430255,0.831485983937386
2.43333333333333,-0.000446534817901418,0.000417380559328987,0.557274587884565,0.830328043666004
2.46666666666667,-0.000462206877317321,0.000427110689018846,0.55894049599319,0.829207528837111
2.5,-0.000476499168855257,0.000438533287432672,0.560547518341043,0.828122008111604
2.53333333333333,-0.000489308215461473,0.00045162008385843,0.562099598195319,0.827069282663448
2.56666666666667,-0.000500557105325148,0.000466319117885799,0.563600297700512,0.826047357250756
2.6,-0.000510196164632767,0.000482554467951882,0.565052845334578,0.825054415672298
2.63333333333333,-0.000518203432630293,0.000500226174043825,0.566460176263827,0.824088799794131
2.66666666666667,-0.00052458522727109,0.000519210244192905,0.567824966724025,0.823148991614472
2.7,-0.00052937550047359,0.000539359369548246,0.569149663473436,0.822233597842562
2.73333333333333,-0.000532634410561785,0.000560504537790201,0.570436509346764,0.82134133643664
2.76666666666667,-0.000534446355367769,0.000582456842402823,0.571687565163176,0.820471025051415
2.8,-0.000534917594928975,0.000605009839576429,0.572904728925308,0.819621570849182
2.83333333333333,-0.00053417348544087,0.00062794219197331,0.574089752447294,0.818791961661994
2.86666666666667,-0.000532355396003229,0.000651020616039417,0.575244255967744,0.817981258187501
2.9,-0.00052961737546725,0.000674003083834157,0.57636974099593,0.817188587101878
2.93333333333333,-0.000526122653784423,0.000696642200741865,0.577467601611786,0.816413134983342
2.96666666666667,-0.000522040099108491,0.000718688655786184,0.578539134350014,0.815654142995846
3,-0.000517540525404654,0.000739894852093332,0.57958554725969,0.814910901948856
3.03333333333333,-0.00051279321835316,0.000760018368097276,0.580607967575198,0.814182748161243
3.06666666666667,-0.000507962433937727,0.000778825501741166,0.581607448860763,0.813469059543556
3.1,-0.000503204153510255,0.000796094613534282,0.582584977238101,0.812769252196112
3.13333333333333,-0.000498663089444045,0.000811619274785373,0.583541476937432,0.812082777371221
3.16666666666667,-0.000494469877704585,0.000825211297214191,0.584477815430501,0.811409118629711
3.2,-0.000490738661366028,0.000836703430571246,0.585394807937895,0.810747789353934
3.23333333333333,-0.000487565011616762,0.00084595178805725,0.586293221526199,0.810098330474988
3.26666666666667,-0.000485024236300287,0.000852837920672436,0.587173778791102,0.809460308427257
3.3,-0.000483170078177527,0.000857270573509878,0.588037161231582,0.808833313263333
3.33333333333333,-0.00048203384818983,0.000859187025298344,0.588884012268647,0.808216956970964
3.36666666666667,-0.000481623913013121,0.000858554131743232,0.589714940033101,0.807610871908598
3.4,-0.000481925365113568,0.000855369514712177,0.590530519866239,0.807014709405873
3.43333333333333,-0.000482900044485018,0.000849662382167147,0.591331296637644,0.806428138458862
3.46666666666667,-0.000484487539170244,0.000841493260198369,0.592117786833795,0.805850844558697
3.5,-0.000486606725453865,0.00083095307925745,0.592890480500305,0.805282528596636
3.53333333333333,-0.000489157634298134,0.000818161786000265,0.59364984299783,0.804722905878013
3.56666666666667,-0.000492023829462757,0.000803266517104946,0.594396316639477,0.804171705197886
3.6,-0.000495075090851299,0.000786439344377129,0.595130322175537,0.803628668005972
3.63333333333333,-0.000498170417157449,0.000767874640656306,0.595852260181555,0.803093547621511
3.66666666666667,-0.00050116122300777,0.000747786144569358,0.596562512320134,0.80256610852166
3.7,-0.000503894726617991,0.000726403739375939,0.59726144252309,0.802046125670432
3.73333333333333,-0.000506217377807169,0.000703970062249516,0.597949398068373,0.801533383908486
3.76666666666667,-0.000507978341802864,0.000680736939751167,0.598626710590831,0.801027677376022
3.8,-0.000509032880717222,0.000656961789130224,0.599293697004713,0.800528808986383
3.83333333333333,-0.000509245658073635,0.000632903960109875,0.599950660370934,0.800036589926934
3.86666666666667,-0.000508493818089707,0.000608821170173824,0.60059789069,0.799550839202576
3.9,-0.000506669871030191,0.000584965988558285,0.601235665648698,0.799071383202027
3.93333333333333,-0.00050368425617607,0.000561582524577165,0.601864251304034,0.798598055300333
3.96666666666667,-0.000499467615924595,0.000538903260627658,0.602483902728461,0.79813069548067
4,-0.000493972679109037,0.000517146178663795,0.60309486460209,0.797669149987267
4.03333333333333,-0.000487175784661447,0.000496512111454315,0.603697371772541,0.79721327099491
4.06666666666667,-0.000479077974300847,0.000477182453010596,0.60429164976996,0.79676291630541
4.1,-0.000469705678531129,0.000459317156547643,0.60487791529502,0.796317949058463
4.13333333333333,-0.000459110957191253,0.000443053134132128,0.605456376668946,0.795878237465984
4.16666666666667,-0.000447371316937218,0.000428502982714175,0.606027234260953,0.795443654558962
4.2,-0.000434589309293703,0.000415753974861121,0.606590680883537,0.795014077954606
4.23333333333333,-0.00042089202584724,0.000404867084929808,0.607146902169018,0.794589389634112
4.26666666666667,-0.000406429782988292,0.000395876927648564,0.607696076918043,0.794169475738466
4.3,-0.000391373906845591,0.0003887921601836,0.60823837743197,0.793754226373659
4.33333333333333,-0.000375914241107252,0.00038359643612575,0.608773969821288,0.793343535431081
4.36666666666667,-0.000360256202816477,0.000380249713239792,0.609303014300172,0.79293730041558
4.4,-0.000344617522912879,0.000378689917485356,0.609825665460265,0.792535422286382
4.43333333333333,-0.000329224697828942,0.00037883494814804,0.610342072532281,0.792137805304216
4.46666666666667,-0.000314309278905753,0.00038058493425194,0.610852379629305,0.791744356889268
4.5,-0.000300103990074456,0.000383824727262099,0.611356725979351,0.791354987484114
4.53333333333333,-0.000286838841292996,0.000388426534265114,0.6118552461417,0.790969610425828
4.56666666666667,-0.000274737208604324,0.000394252686269919,0.612348070213728,0.790588141822156
4.6,-0.000264012052120874,0.000401158427384477,0.612835324023369,0.790210500435628
4.63333333333333,-0.000254862222866219,0.000408994719346001,0.613317129313229,0.789836607571178
4.66666666666667,-0.000247468860976828,0.000417610772393344,0.613793603912112,0.789466386970964
4.7,-0.000241991956266978,0.000426856394866332,0.614264861899346,0.789099764712478
4.73333333333333,-0.000238567489233871,0.000436584478505089,0.614731013757996,0.78873666911309
4.76666666666667,-0.000237304933103061,0.000446653464834918,0.615192166521904,0.788377030637713
4.8,-0.000238285230103594,0.000456929511657047,0.61564842391327,0.788020781812686
4.83333333333333,-0.000241559150599317,0.000467288512242119,0.616099886475106,0.787667857142835
4.86666666666667,-0.000247146141447156,0.000477617817579185,0.616546651695573,0.78731819303442
4.9,-0.000255033618603178,0.000487817730067623,0.6169888141281,0.786971727721217
4.93333333333333,-0.000265176517275539,0.000497802852974412,0.617426465504393,0.786628401196198
4.96666666666667,-0.000277496998214384,0.000507503465689408,0.617859694843659,0.786288155146285
5,-0.000291885042579167,0.000516866087732191,0.618288588556242,0.785950932891933
5.03333333333333,-0.000308199939210814,0.000525853651968984,0.61871323054432,0.78561667932914
5.06666666666667,-0.000326272162178412,0.000534445177722938,0.619133702297459,0.785285340875703
5.1,-0.000345905799780349,0.000542635127496935,0.619550082985482,0.784956865419355
5.13333333333333,-0.0003668814181098,0.000550432408731886,0.61996244954649,0.78463120226926
5.16666666666667,-0.000388959332432593,0.000557859052168054,0.620370876772371,0.784308302108677
5.2,-0.000411883176731618,0.00056494861929888,0.620775437389682,0.783988116950095
5.23333333333333,-0.000435383772618331,0.000571744369438659,0.621176202138006,0.783670600090848
5.26666666666667,-0.000459183139238508,0.000578297251442166,0.621573239843848,0.783355706070465
5.3,-0.000482998666396937,0.000584663743966374,0.621966617491988,0.783043390627984
5.33333333333333,-0.000506547276691526,0.000590903631649705,0.622356400292548,0.782733610660521
5.36666666666667,-0.000529549609886647,0.000597077721744652,0.622742651745586,0.782426324181569
5.4,-0.000551734055803323,0.00060324560478609,0.62312543370165,0.78212149028038
5.43333333333333,-0.000572840678111584,0.000609463445185883,0.623504806420055,0.781819069081176
5.46666666666667,-0.000592624866859357,0.000615781911487122,0.623880828623473,0.781519021703563
5.5,-0.000610860768019366,0.000622244216953389,0.624253557550551,0.781221310223126
5.53333333333333,-0.000627344348250892,0.000628884377826948,0.624623049005288,0.780925897633601
5.56666666666667,-0.000641896144453501,0.000635725649307934,0.624989357404807,0.780632747809727
5.6,-0.000654363582868054,0.000642779237299441,0.625352535824363,0.78034182547214
5.63333333333333,-0.00066462291372579,0.000650043240524603,0.625712636041109,0.780053096153496
5.66666666666667,-0.000672580676669299,0.000657501906401644,0.62606970857554,0.779766526167041
5.7,-0.000678174741610724,0.000665125149516353,0.626423802731993,0.779482082576851
5.73333333333333,-0.000681375065971043,0.000672868255438461,0.62677496663732,0.779199733170589
5.76666666666667,-0.000682184349144558,0.000680671499929656,0.627123247279271,0.778919446433792
5.8,-0.000680637883510048,0.000688460594475331,0.627468690542424,0.778641191527302
5.83333333333333,-0.000676802421955292,0.000696147531220933,0.62781134124341,0.778364938266908
5.86666666666667,-0.000670774674663824,0.000703631917266113,0.628151243164071,0.778090657105515
5.9,-0.000662679287471105,0.000710802601282213,0.62848843908378,0.777818319116912
5.93333333333333,-0.000652666412510846,0.000717539636188251,0.628822970809912,0.777547895981476
5.96666666666667,-0.000640909100720296,0.000723716709801413,0.629154879207043,0.777279359972732
6,-0.000627600259267528,0.000729203754434182,0.629484204224381,0.777012683945247
6.03333333333333,-0.000612949251696084,0.000733869452358374,0.629810984922221,0.776747841323131
6.06666666666667,-0.000597178279169601,0.000737583846197996,0.630135259496586,0.776484806089174
6.1,-0.000580518602321229,0.000740221028874991,0.630457065302721,0.776223552773852
6.13333333333333,-0.000563206763356288,0.000741661768566549,0.630776438876927,0.775964056444437
6.16666666666667,-0.000545480761479685,0.000741796114217522,0.631093415957378,0.77570629269364
6.2,-0.000527576350252295,0.000740525851381113,0.631408031503562,0.775450237628086
6.23333333333333,-0.000509723422728152,0.000737766837595528,0.631720319714976,0.775195867856205
6.26666666666667,-0.000492142627742522,0.000733451103204241,0.632030314048832,0.774943160475946
6.3,-0.000475042180805798,0.000727528755613132,0.632338047237383,0.774692093062043
6.33333333333333,-0.00045861499548995,0.000719969581067642,0.632643551304678,0.774442643653288
6.36666666666667,-0.000443036095469361,0.00071076438976332,0.632946857583332,0.774194790739634
6.4,-0.000428460410209911,0.000699926012979429,0.633247996731097,0.773948513249626
6.43333333333333,-0.000415020916534348,0.0006874899996188,0.633546998747775,0.773703790537972
6.46666666666667,-0.000402827198185911,0.000673514943556971,0.63384389299219,0.773460602373756
6.5,-0.000391964242319926,0.000658082584943754,0.634138708199572,0.773218928929137
6.53333333333333,-0.000382491299974148,0.000641297975918706,0.634431472498581,0.772978750769123
6.56666666666667,-0.000374441334292058,0.00062328885754895,0.634722213429483,0.772740048841694
6.6,-0.000367821508709469,0.000604204536128106,0.635010957962479,0.772502804468561
6.63333333333333,-0.000362614049721207,0.000584214251027664,0.635297732516573,0.772266999336409
6.66666666666667,-0.000358777569250281,0.000563505171606209,0.635582562978256,0.772032615488859
6.7,-0.000356248861987585,0.000542280073683482,0.635865474720107,0.771799635318677
6.73333333333333,-0.000354945042682887,0.000520754699055315,0.636146492618797,0.771568041560407
6.76666666666667,-0.000354766037892257,0.000499154851335436,0.636425641072594,0.771337817282953
6.8,-0.000355597315876148,0.000477713309480087,0.636702944017782,0.771108945882248
6.83333333333333,-0.000357312848196483,0.00045666656552456,0.636978424944208,0.770881411073566
6.86666666666667,-0.000359778175199305,0.000436251505180891,0.637252106909427,0.770655196883655
6.9,-0.000362853578970123,0.00041670201889863,0.637524012551749,0.770430287642318
6.93333333333333,-0.000366397227135061,0.000398245677398023,0.637794164101805,0.770206667973689
6.96666666666667,-0.000370268301644751,0.000381100442253293,0.638062583393003,0.769984322786955
7,-0.000374329979920473,0.000365471551764704,0.638329291870662,0.76976323726683
7.03333333333333,-0.000378452290187108,0.000351548537399341,0.638594310600265,0.769543396863661
7.06666666666667,-0.00038251472200726,0.000339502508173162,0.638857660274735,0.769324787283515
7.1,-0.000386408618187485,0.000329483647466127,0.639119361221219,0.769107394478227
7.13333333333333,-0.000390039249439076,0.000321619048773216,0.639379433407348,0.768891204635786
7.16666666666667,-0.000393327598331189,0.000316010829654731,0.639637896447466,0.768676204171052
7.2,-0.000396211778684954,0.000312734633212171,0.639894769608785,0.768462379717183
7.23333333333333,-0.000398648095131437,0.000311838424021396,0.640150071817914,0.768249718117757
7.26666666666667,-0.000400611523182533,0.000313341529036974,0.64040382166778,0.768038206419965
7.3,-0.000402095961506636,0.000317233936871733,0.640656037425167,0.767827831868675
7.33333333333333,-0.000403114566115495,0.000323475908808592,0.640906737038861,0.767618581901313
7.36666666666667,-0.00040369973515219,0.000331998177792048,0.641155938148289,0.767410444143759
7.4,-0.000403902168588547,0.000342702919793105,0.64140365809237,0.767203406407631
7.43333333333333,-0.000403789462579463,0.000355465159952413,0.641649913918852,0.76699745668843
7.46666666666667,-0.000403444404360227,0.000370134656871696,0.641894722393649,0.766792583164527
7.5,-0.000402962858863264,0.000386538152339512,0.642138100010301,0.766588774196669
7.53333333333333,-0.000402451400045,0.000404481961951728,0.642380062999064,0.766386018327925
7.56666666666667,-0.000402024676504211,0.000423754876892413,0.642620627335638,0.766184304283711
7.6,-0.000401802627949115,0.000444131278694411,0.642859808749118,0.765983620971821
7.63333333333333,-0.000401907551476429,0.000465374464832168,0.643097622729165,0.76578395748215
7.66666666666667,-0.000402461148981079,0.000487240060655613,0.643334084532111,0.765585303086062
7.7,-0.000403581542971036,0.000509479532015005,0.64356920918602,0.765387647235193
7.73333333333333,-0.000405380395274711,0.000531843658335616,0.64380301149458,0.765190979559722
7.76666666666667,-0.000407960108739211,0.000554085999449365,0.644035506039927,0.76499528986599
7.8,-0.000411411236671218,0.000575966208494556,0.644266707184416,0.764800568133596
7.83333333333333,-0.000415810076096885,0.000597253240847344,0.644496629071529,0.764606804511955
7.86666666666667,-0.000421216551595451,0.000617728313479951,0.644725285626046,0.764413989316496
7.9,-0.000427672365055812,0.000637187676398154,0.644952690553726,0.76422211302456
7.93333333333333,-0.000435199494506083,0.000655445060827476,0.645178857340697,0.764031166271196
7.96666666666667,-0.000443799020394531,0.000672333871758961,0.645403799252817,0.763841139844945
8,-0.000453450335370958,0.000687709006234717,0.64562752933521,0.763652024683775
8.03333333333333,-0.000464110721173261,0.000701448366397432,0.645850060412216,0.763463811871241
8.06666666666667,-0.000475715220480887,0.0007134540349827,0.646071405087841,0.763276492633038
8.1,-0.000488176556293988,0.000723653488655977,0.64629157574646,0.763090058334163
8.13333333333333,-0.000501385538147651,0.000732000175764416,0.64651058455465,0.762904500476364
8.16666666666667,-0.000515212362937762,0.000738473390595767,0.646728443464296,0.762719810695593
8.2,-0.000529508333481708,0.000743077735440305,0.646945164216616,0.762535980759688
8.23333333333333,-0.000544107959569285,0.000745842143375213,0.64716075834717,0.762353002566096
8.26666666666667,-0.000558831437867183,0.000746818516399341,0.647375237191611,0.762170868139574
8.3,-0.000573487466036851,0.000746080014660932,0.647588611892114,0.761989569629653
8.33333333333333,-0.000587876286945911,0.000743719040243406,0.647800893404195,0.761809099307817
8.36666666666667,-0.000601792975259177,0.000739844953207642,0.648012092503829,0.761629449564202
8.4,-0.000615030821071871,0.000734581594124245,0.648222219794544,0.761450612903821
8.43333333333333,-0.000627384832302459,0.000728064629520619,0.648431285714428,0.761272581942173
8.46666666666667,-0.000638655202725028,0.000720438822945864,0.648639300542749,0.761095349400355
8.5,-0.000648650775938484,0.000711855229162779,0.648846274406207,0.760918908099601
8.53333333333333,-0.000657192432826314,0.000702468528460133,0.649052217284481,0.760743250955387
8.56666666666667,-0.000664116536742572,0.000692434540598755,0.649257139015118,0.760568370971036
8.6,-0.000669277885483709,0.000681907727919216,0.649461049297919,0.760394261231506
8.63333333333333,-0.000672552405532335,0.00067103858469851,0.649663957698982,0.760220914897357
8.66666666666667,-0.000673839434519316,0.000659971299743785,0.649865873654173,0.760048325199127
8.7,-0.000673063699936481,0.000648841555355006,0.650066806472314,0.759876485432191
8.73333333333333,-0.000670176890353575,0.000637774585525781,0.650266765337986,0.759705388952446
8.76666666666667,-0.000665158835782498,0.000626883453681143,0.650465759314244,0.75953502917285
8.8,-0.000658018250249151,0.000616267640094593,0.650663797345163,0.759365399561075
8.83333333333333,-0.000648793062434546,0.00060601187827401,0.65086088825845,0.759196493638233
8.86666666666667,-0.000637550487916001,0.000596185177749912,0.651057040768211,0.759028304978642
8.9,-0.000624386951922965,0.000586839822038725,0.651252263478177,0.758860827210437
8.93333333333333,-0.000609427260907796,0.000578011169401072,0.651446564884446,0.758694054017664
8.96666666666667,-0.000592822933494502,0.000569717840892973,0.651639953378363,0.758527979143549
9,-0.000574750209953452,0.00056196239106158,0.65183243724918,0.758362596394535
9.03333333333333,-0.000555407585556852,0.000554732275940063,0.652024024686723,0.758197899644838
9.06666666666667,-0.000535012977861622,0.00054800113579975,0.652214723783892,0.758033882841242
9.1,-0.000513800554998621,0.000541730371936499,0.652404542538904,0.757870540007855
9.13333333333333,-0.000492017330293181,0.000535870949375276,0.652593488857186,0.757707865250505
9.16666666666667,-0.000469919517654486,0.000530365402760303,0.652781570552871,0.757545852760553
9.2,-0.00044776879717298,0.000525149970635536,0.652968795349787,0.757384496817872
9.23333333333333,-0.000425828466151456,0.000520156842277373,0.653155170881943,0.75722379179286
9.26666666666667,-0.000404359635718974,0.000515316423767051,0.653340704693489,0.757063732147355
9.3,-0.00038361743965541,0.000510559626518967,0.653525404238171,0.756904312434447
9.33333333333333,-0.000363847412087787,0.000505820072543928,0.653709276878348,0.75674552729719
9.36666666666667,-0.000345281993899638,0.000501036236998426,0.653892329883654,0.75658737146635
9.4,-0.000328137311753917,0.000496153419490921,0.654074570429427,0.756429839757297
9.43333333333333,-0.000312610185865437,0.000491125578109204,0.654256005595026,0.756272927066267
9.46666666666667,-0.000298875490243743,0.000485916922705995,0.654436642362188,0.756116628366214
9.5,-0.000287083821950317,0.000480503310109789,0.654616487613576,0.755960938702466
9.53333333333333,-0.00027735957768985,0.000474873349114226,0.654795548131643,0.755805853188468
9.56666666666667,-0.000269799398838684,0.000469029261612295,0.654973830597961,0.755651367001787
9.6,-0.000264471047377501,0.000462987430054459,0.655151341593084,0.755497475380618
9.63333333333333,-0.000261412505994497,0.000456778814982461,0.655328087596936,0.755344173620978
9.66666666666667,-0.000260631233441525,0.000450449383071476,0.65550407498959,0.755191457074797
9.7,-0.000262104127031303,0.000444059787666449,0.655679310053135,0.755039321148625
9.73333333333333,-0.000265778354483516,0.00043768462472975,0.655853798974207,0.754887761303054
9.76666666666667,-0.000271572549151412,0.000431411265804034,0.656027547847236,0.754736773052839
9.8,-0.000279378466503397,0.000425338353431173,0.656200562678147,0.754586351967646
9.83333333333333,-0.000289062952840633,0.000419573877010331,0.656372849388465,0.754436493673284
9.86666666666667,-0.000300470208492239,0.000414232885335544,0.65654441381965,0.754287193853231
9.9,-0.000313424573295101,0.000409435206501074,0.656715261737412,0.754138448250061
9.93333333333333,-0.000327733584349399,0.00040530308579765,0.656885398835869,0.753990252666669
9.96666666666667,-0.00034319128966808,0.000401958650708462,0.657054830741492,0.753842602967126
10,-0.000359581659230549,0.000399521370708622,0.657223563016659,0.753695495077019
10.0333333333333,-0.000376682123681233,0.000398105480681166,0.657391601162808,0.753548924983112
10.0666666666667,-0.000394267095702506,0.000397817479022396,0.657558950623085,0.753402888732302
10.1,-0.000412111492526431,0.000398753688929304,0.65772561678454,0.753257382429811
10.1333333333333,-0.000429994122069944,0.000400997992174435,0.657891604979862,0.753112402236669
10.1666666666667,-0.000447700961833041,0.000404619706453701,0.658056920488757,0.752967944366555
10.2,-0.000465028200989795,0.000409671715168883,0.658221568539012,0.752824005082131
10.2333333333333,-0.0004817850809485,0.000416188809286145,0.658385554307401,0.752680580691005
10.2666666666667,-0.000497796422312271,0.000424186339673439,0.658548882920481,0.752537667541537
10.3,-0.000512904874269335,0.000433659134588904,0.658711559455466,0.752395262018637
10.3333333333333,-0.000526972797084453,0.000444580764435966,0.65887358894117,0.752253360539783
10.3666666666667,-0.000539883810653581,0.000456903108436383,0.659034976359207,0.752111959551396
10.4,-0.000551543953061945,0.000470556278641759,0.659195726645382,0.751971055525758
10.4333333333333,-0.000561882652197364,0.000485448718726,0.659355844691501,0.751830644958414
10.4666666666667,-0.000570853567562397,0.000501467338413072,0.659515335347676,0.751690724366049
10.5,-0.000578434746588672,0.000518478441322425,0.659674203424436,0.751551290285424
10.5333333333333,-0.000584627964892176,0.000536329094315338,0.659832453694898,0.751412339273329
10.5666666666667,-0.000589457749091139,0.000554848940694075,0.659990090896746,0.75127386790725
10.6,-0.000592969969590512,0.000573852332601651,0.660147119733969,0.751135872786715
10.6333333333333,-0.000595230033351037,0.000593140759657213,0.660303544878245,0.75099835053512
10.6666666666667,-0.000596320786246456,0.000612505539670632,0.660459370969737,0.750861297801893
10.7,-0.000596340113056893,0.000631730730097558,0.660614602617245,0.750724711264797
10.7333333333333,-0.000595398348227457,0.000650596174735991,0.660769244397583,0.750588587632181
10.7666666666667,-0.000593615498953967,0.000668880682415638,0.660923300854111,0.750452923645034
10.8,-0.000591118400014539,0.000686365219366789,0.661076776494453,0.750317716078679
10.8333333333333,-0.000588037794843069,0.000702836131755022,0.661229675787385,0.750182961744023
10.8666666666667,-0.000584505466850359,0.000718088267483641,0.661382003159023,0.750048657488271
10.9,-0.000580651406818216,0.000731928029582299,0.661533762988405,0.749914800195131
10.9333333333333,-0.000576601134733186,0.000744176227259825,0.661684959602691,0.749781386784481
10.9666666666667,-0.000572473155842817,0.000754670770186378,0.661835597272116,0.749648414211606
11,-0.000568376655462578,0.000763269077450358,0.661985680205024,0.749515879466062
11.0333333333333,-0.00056440940944637,0.000769850255443457,0.662135212543099,0.749383779570327
11.0666666666667,-0.000560655995297355,0.000774316928724894,0.662284198357156,0.749252111578318
11.1,-0.000557186292429568,0.000776596799105097,0.662432641643583,0.749120872573947
11.1333333333333,-0.00055405446403704,0.000776643949003488,0.662580546321634,0.748990059669654
11.1666666666667,-0.000551298286441156,0.000774439901245458,0.662727916231691,0.748859670005161
11.2,-0.000548938571883416,0.00076999411853093,0.66287475513482,0.748729700746841
11.2333333333333,-0.000546978596288331,0.000763344460006194,0.66302106671305,0.748600149087842
11.2666666666667,-0.000545403927159626,0.000754556930702698,0.663166854571433,0.748471012248454
11.3,-0.000544183141017413,0.000743724887763206,0.663312122241334,0.748342287476592
11.3333333333333,-0.000543268836975604,0.000730967680879271,0.663456873185087,0.748213972048563
11.3666666666667,-0.000542599012741783,0.000716428911302157,0.663601110801551,0.748086063270045
11.4,-0.000542098795650631,0.000700274334396392,0.663744838432309,0.747958558477153
11.4333333333333,-0.00054168246150309,0.000682689397265689,0.663888059368355,0.747831455037441
11.4666666666667,-0.000541255675718183,0.000663876506360864,0.664030776856904,0.747704750350761
11.5,-0.000540717952631321,0.000644052036386029,0.664172994108096,0.747578441849788
11.5333333333333,-0.000539965217917179,0.000623443180494777,0.664314714301297,0.747452527000177
11.5666666666667,-0.000538892482933713,0.0006022846431303,0.664455940590822,0.747327003300207
11.6,-0.000537396508567119,0.000580815299339703,0.664596676110827,0.747201868279932
11.6333333333333,-0.000535378471429378,0.000559274800632232,0.664736923979342,0.747077119499769
11.6666666666667,-0.000532746512979198,0.000537900265874544,0.664876687301256,0.746952754548616
11.7,-0.000529418189067448,0.000516923019070818,0.665015969170369,0.746828771041508
11.7333333333333,-0.000525322711389537,0.000496565516167555,0.665154772670436,0.746705166616971
11.7666666666667,-0.000520403001017847,0.000477038408580503,0.665293100875394,0.746581938934151
11.8,-0.000514617463220412,0.000458537880346873,0.665430956848822,0.746459085669898
11.8333333333333,-0.000507941503306621,0.000441243197401076,0.66556834364286,0.746336604515931
11.8666666666667,-0.000500368715164678,0.000425314593387983,0.665705264296708,0.746214493176255
11.9,-0.000491911758552062,0.000410891426758135,0.665841721834936,0.746092749364947
11.9333333333333,-0.000482602882168154,0.000398090715352436,0.665977719265726,0.745971370804444
11.9666666666667,-0.000472494107938023,0.00038700597948892,0.666113259579262,0.745850355224412
12,-0.000461657216337101,0.000377706347748794,0.666248345746416,0.745729700361125
12.0333333333333,-0.000450183631124322,0.000370235701224186,0.66638298071801,0.745609403957329
12.0666666666667,-0.000438183689386544,0.00036461263917311,0.666517167424102,0.745489463762989
12.1,-0.000425785163946915,0.000360830876558222,0.666650908773748,0.74536987753679
12.1333333333333,-0.000413131535427836,0.000358860158990796,0.666784207654988,0.745250643048116
12.1666666666667,-0.000400379867044165,0.000358647516926672,0.666917066935202,0.74513175807938
12.2,-0.000387698379099502,0.000360118862598843,0.66704948946167,0.745013220428535
12.2333333333333,-0.000375263748254677,0.000363180915189806,0.667181478062237,0.744895027911605
12.2666666666667,-0.000363258225073556,0.000367723375034054,0.667313035545951,0.744777178365066
12.3,-0.000351866564066662,0.000373621330921994,0.667444164703571,0.744659669647937
12.3333333333333,-0.000341272899221671,0.00038073781354662,0.667574868307816,0.744542499643457
12.3666666666667,-0.000331657543293549,0.00038892648723075,0.667705149113282,0.744425666260287
12.4,-0.000323193808489386,0.000398034324844829,0.667835009855986,0.744309167433194
12.4333333333333,-0.000316044711273628,0.000407904159773082,0.667964453252554,0.744193001123333
12.4666666666667,-0.000310359911443483,0.000418377234093043,0.668093481998974,0.744077165318021
12.5,-0.000306272971510154,0.000429295888467099,0.668222098768895,0.743961658030036
12.5333333333333,-0.000303898874013666,0.000440506100178835,0.66835030621165,0.743846477296656
12.5666666666667,-0.000303331787228453,0.00045185989618176,0.668478106950086,0.743731621178561
12.6,-0.000304643176379469,0.000463217552932204,0.668605503578338,0.743617087758741
12.6333333333333,-0.000307880230595528,0.000474449617052286,0.668732498659649,0.743502875141547
12.6666666666667,-0.000313064678802092,0.000485438642371559,0.668859094724406,0.743388981452025
12.7,-0.00032019196881881,0.000496080701374929,0.668985294268466,0.743275404835633
12.7333333333333,-0.000329230850763034,0.000506286579024096,0.669111099751931,0.743162143458417
12.7666666666667,-0.000340123202713708,0.000515982822109094,0.6692365135983,0.743049195507758
12.8,-0.000352784006452018,0.000525112770909461,0.669361538193923,0.742936559193776
12.8333333333333,-0.000367101941429926,0.00053363689059919,0.66948617588839,0.742824232751041
12.8666666666667,-0.000382940771896643,0.000541532668290662,0.669610428995558,0.742712214440505
12.9,-0.000400141068349284,0.000548794088246283,0.669734299795254,0.742600502551631
12.9333333333333,-0.000418522332628283,0.000555430763227222,0.669857790535478,0.742489095404539
12.9666666666667,-0.00043788552763928,0.000561466772407906,0.669980903434972,0.742377991351971
13,-0.000458015878306058,0.00056693919424127,0.670103640686068,0.742267188780888
13.0333333333333,-0.000478685974490851,0.000571896398022807,0.670226004457645,0.742156686113512
13.0666666666667,-0.000499659042081142,0.000576396138996014,0.670347996898041,0.742046481807654
13.1,-0.000520692399932545,0.00058050348349544,0.670469620137814,0.741936574356182
13.1333333333333,-0.000541540960663394,0.000584288644288241,0.670590876292186,0.741826962285576
13.1666666666667,-0.000561960800333534,0.00058782473336046,0.670711767463133,0.741717644153502
13.2,-0.000581712649444287,0.000591185529142804,0.670832295741002,0.74160861854547
13.2333333333333,-0.000600565338351047,0.000594443248515325,0.670952463205689,0.741499884070603
13.2666666666667,-0.000618299054810419,0.000597666428813991,0.671072271927318,0.741391439356719
13.3,-0.000634708451935541,0.000600917894808222,0.671191723966527,0.74128328304482
13.3333333333333,-0.000649605478333222,0.000604252916067427,0.671310821374356,0.741175413783285
13.3666666666667,-0.000662821970552594,0.000607717518020752,0.671429566191893,0.741067830221917
13.4,-0.000674211900031733,0.000611347045188029,0.671547960449692,0.740960531006182
13.4333333333333,-0.000683653312829207,0.000615164932883353,0.67166600616716,0.740853514771786
13.4666666666667,-0.00069104987911559,0.000619181773198923,0.671783705351901,0.740746780139925
13.5,-0.000696332085321053,0.000623394629296162,0.671901059999212,0.740640325713297
13.5333333333333,-0.000699458034266263,0.000627786651606723,0.6720180720917,0.74053415007313
13.5666666666667,-0.000700414076524754,0.000632326749542738,0.672134743599387,0.740428251777031
13.6,-0.000699215204789193,0.000636969445306041,0.672251076480118,0.740322629357868
13.6333333333333,-0.000695904646627695,0.000641655400047672,0.67236707267983,0.740217281324225
13.6666666666667,-0.000690552837238392,0.000646312353997558,0.672482734132894,0.740112206162192
13.7,-0.000683256128719743,0.000650856510652153,0.672598062762356,0.740007402338106
13.7333333333333,-0.00067413519948833,0.000655194321695536,0.672713060480071,0.739902868302097
13.7666666666667,-0.000663332891187029,0.000659224406815102,0.672827729186906,0.739798602492495
13.8,-0.00065101172954788,0.000662839556950296,0.672942070772818,0.739694603340758
13.8333333333333,-0.000637351107358581,0.000665928969887912,0.673056087116664,0.739590869276641
13.8666666666667,-0.000622544288975457,0.000668380579398939,0.67316978008571,0.739487398733316
13.9,-0.000606795220538947,0.000670083476259939,0.673283151534744,0.739384190152276
13.9333333333333,-0.000590315265744082,0.000670930336998854,0.673396203304848,0.739281241987774
13.9666666666667,-0.000573319860710398,0.000670819855606136,0.673508937221766,0.739178552710687
14,-0.000556025218062022,0.00066965907660094,0.673621355093993,0.739076120811659
14.0333333333333,-0.000538645057113435,0.000667365647911952,0.673733458710583,0.738973944803516
14.0666666666667,-0.0005213874903954,0.000663869885755166,0.67384524983885,0.738872023222884
14.1,-0.00050445203599617,0.000659116683382473,0.673956730222005,0.738770354631129
14.1333333333333,-0.000488026873771003,0.000653067161325731,0.67406790157694,0.738668937614622
14.1666666666667,-0.000472286312051377,0.000645700099143854,0.674178765592209,0.7385677707845
14.2,-0.000457388564688925,0.000637013058136825,0.674289323926422,0.738466852776016
14.2333333333333,-0.000443473805530093,0.000627023238627406,0.674399578207078,0.738366182247642
14.2666666666667,-0.000430662577918665,0.000615767997929887,0.674509530030017,0.738265757880048
14.3,-0.00041905452571519,0.000603305075627762,0.674619180959484,0.7381655783751
14.3333333333333,-0.000408727362732989,0.000589712583564754,0.674728532528774,0.738065642455046
14.3666666666667,-0.000399735937105768,0.00057508900551462,0.674837586241233,0.737965948862088
14.4,-0.000392111880754933,0.000559552454171014,0.674946343572362,0.737866496357995
14.4333333333333,-0.000385864036631163,0.000543239529062034,0.675054805972495,0.737767283723801
14.4666666666667,-0.000380979190969544,0.000526303707170576,0.675162974870105,0.737668309759755
14.5,-0.000377423223335061,0.000508913430491409,0.675270851675393,0.737569573285409
14.5333333333333,-0.000375142628522346,0.000491249910200736,0.675378437783998,0.737471073139808
14.5666666666667,-0.0003740663580218,0.000473504642110292,0.675485734580691,0.737372808181654
14.6,-0.000374107924319108,0.000455876728523842,0.675592743442824,0.737274777289355
14.6333333333333,-0.000375167753478849,0.000438570010596773,0.675699465743401,0.737176979360848
14.6666666666667,-0.000377135684060317,0.000421790109466399,0.675805902853611,0.737079413313108
14.7,-0.000379893613865896,0.000405741374514987,0.67591205614474,0.736982078081258
14.7333333333333,-0.000383318180451268,0.000390623854311152,0.676017926989391,0.736884972617263
14.7666666666667,-0.0003872834837229,0.000376630271210889,0.676123516762018,0.736788095888162
14.8,-0.00039166373615248,0.000363943125682292,0.676228826838789,0.736691446873896
14.8333333333333,-0.000396335855403269,0.000352731896101174,0.676333858596879,0.736595024564758
14.8666666666667,-0.000401181892472654,0.000343150460755857,0.676438613413284,0.736498827958581
14.9,-0.000406091314749067,0.000335334696440595,0.676543092663326,0.736402856057761
14.9333333333333,-0.000410963051383846,0.000329400372943634,0.676647297718978,0.736307107866255
14.9666666666667,-0.000415707316806423,0.000325441284017414,0.676751229947222,0.736211582386694
15,-0.000420247050472466,0.000323527630712865,0.676854890708608,0.736116278617806
15.0333333333333,-0.000424518985606572,0.000323704592740681,0.676958281356225,0.73602119555227
15.0666666666667,-0.000428474577291988,0.000325991437980334,0.677061403234995,0.735926332175021
15.1,-0.000432080658682834,0.000330381066373303,0.677164257681488,0.735831687462109
15.1333333333333,-0.000435319981825463,0.000336839741328184,0.677266846024399,0.735737260380133
15.1666666666667,-0.000438191641057298,0.000345306975093868,0.677369169585769,0.735643049886196
15.2,-0.000440710861201933,0.000355696213503039,0.677471229682482,0.735549054928797
15.2333333333333,-0.000442908177343288,0.000367895951164912,0.677573027628276,0.735455274449485
15.2666666666667,-0.000444828378483586,0.000381771328133074,0.677674564735949,0.735361707385086
15.3,-0.000446529081987836,0.000397166063255161,0.677775842319769,0.735268352670387
15.3333333333333,-0.000448079031513613,0.000413904712286676,0.67787686169785,0.735175209241134
15.3666666666667,-0.000449556140133383,0.0004317952399276,0.677977624194303,0.735082276037177
15.4,-0.0004510453515577,0.00045063181010707,0.678078131140994,0.734989552005605
15.4333333333333,-0.000452636325366073,0.00047019779225735,0.678178383878737,0.73489703610371
15.4666666666667,-0.000454421050825293,0.000490268876160267,0.678278383757797,0.734804727301647
15.5,-0.000456491381980774,0.000510616302034798,0.678378132137593,0.734712624584688
15.5333333333333,-0.000458936605895849,0.000531010081556231,0.678477630385579,0.734620726954974
15.5666666666667,-0.000461841031859628,0.000551222234644612,0.678576879875262,0.734529033432759
15.6,-0.000465281708998194,0.000571029907353784,0.678675881983458,0.734437543057101
15.6333333333333,-0.000469326256586354,0.000590218411907315,0.678774638086821,0.734346254886069
15.6666666666667,-0.000474030902707635,0.000608584053504206,0.678873149557849,0.734255167996493
15.7,-0.000479438714047928,0.000625936796943765,0.678971417760454,0.734164281483378
15.7333333333333,-0.000485578094919337,0.000642102645140212,0.679069444045377,0.734073594459036
15.7666666666667,-0.000492461539573179,0.000656925789661424,0.679167229745555,0.7339831060521
15.8,-0.000500084694342639,0.000670270419379215,0.679264776171743,0.733892815406456
15.8333333333333,-0.000508425717744327,0.000682022249328587,0.67936208460848,0.733802721680263
15.8666666666667,-0.000517444967303785,0.000692089678508631,0.679459156310664,0.733712824045064
15.9,-0.000527084889936548,0.000700404728156225,0.679555992500693,0.733623121685197
15.9333333333333,-0.000537270006396745,0.000706923911662758,0.679652594366076,0.733533613797613
15.9666666666667,-0.000547907385617285,0.000711628397148703,0.679748963058357,0.733444299591734
16,-0.000558887836435908,0.000714523698267592,0.679845099693011,0.733355178289259
16.0333333333333,-0.000570087375173319,0.000715638904729647,0.679941005350373,0.733266249124059
16.0666666666667,-0.000581369021862144,0.000715025538324006,0.680036681077451,0.733177511342039
16.1,-0.000592584940957982,0.000712756085542287,0.680132127890398,0.733088964200887
16.1333333333333,-0.000603578798783574,0.000708922203264338,0.680227346777614,0.733000606969619
16.1666666666667,-0.000614188368302572,0.000703632654121582,0.68032233870323,0.732912438927806
16.2,-0.000624248261912698,0.000697011028646691,0.680417104610798,0.732824459364446
16.2333333333333,-0.000633592806660815,0.000689193271847189,0.680511645427044,0.732736667576399
16.2666666666667,-0.000642058956934067,0.00068032512834616,0.680605962065444,0.732649062866382
16.3,-0.000649489378599863,0.000670559619214644,0.680700055429438,0.732561644540378
16.3333333333333,-0.000655735435196462,0.000660054543510847,0.680793926415237,0.732474411904719
16.3666666666667,-0.000660659964609319,0.000648969767192091,0.680887575914365,0.732387364263006
16.4,-0.000664139826403831,0.000637464590362629,0.680981004815733,0.732300500912939
16.4333333333333,-0.000666068281472433,0.000625695193757895,0.681074214007271,0.732213821143078
16.4666666666667,-0.000666357102590766,0.000613812241967237,0.681167204377098,0.732127324229763
16.5,-0.000664938430780244,0.000601958623013014,0.68125997681436,0.732041009434305
16.5333333333333,-0.000661766298538196,0.000590267432398615,0.681352532209736,0.731954876000635
16.5666666666667,-0.000656817846360332,0.000578860146177662,0.681444871455765,0.731868923153514
16.6,-0.000650094171107699,0.000567845088768223,0.681536995447026,0.731783150097462
16.6333333333333,-0.000641620826855483,0.000557316137693073,0.681628905080306,0.731697556016459
16.6666666666667,-0.000631447968611137,0.000547351736321355,0.681720601254783,0.731612140074477
16.7,-0.000619650330433882,0.000538013960600941,0.681812084872515,0.731526901416647
16.7333333333333,-0.000606326972268927,0.000529347836117933,0.681903356839064,0.731441839171158
16.7666666666667,-0.000591600277641334,0.000521381279907363,0.681994418063961,0.73135695245227
16.8,-0.00057561442981946,0.000514125470011448,0.682085269461196,0.731272240364063
16.8333333333333,-0.0005585335728409,0.000507575566495301,0.682175911949689,0.731187702004692
16.8666666666667,-0.000540539602380228,0.000501711741063288,0.682266346453758,0.731103336470917
16.9,-0.000521829628554166,0.000496500496142792,0.682356573903475,0.731019142862762
16.9333333333333,-0.000502613211654565,0.000491896243533301,0.682446595234834,0.730935120287996
16.9666666666667,-0.000483109348831511,0.000487843098696201,0.682536411389659,0.730851267866311
17,-0.000463543341923069,0.000484276837098546,0.682626023315187,0.730767584732937
17.0333333333333,-0.000444143524663173,0.000481126991071605,0.682715431963262,0.730684070041604
17.0666666666667,-0.000425137985160682,0.000478319004651072,0.682804638289144,0.730600722966693
17.1,-0.00040675125715244,0.000475776444638851,0.682893643249876,0.730517542704555
17.1333333333333,-0.0003892011169831,0.000473423170311169,0.682982447802297,0.73043452847396
17.1666666666667,-0.00037269545379894,0.000471185476343417,0.683071052900696,0.730351679515752
17.2,-0.00035742934241485,0.000468994105598544,0.683159459494234,0.730268995091767
17.2333333333333,-0.000343582282780929,0.000466786160151077,0.683247668524191,0.730186474483164
17.2666666666667,-0.000331315720482786,0.000464506809035739,0.683335680921191,0.730104116988317
17.3,-0.000320770811817825,0.000462110831087154,0.683423497602497,0.730021921920456
17.3333333333333,-0.000312066527369627,0.000459563899739652,0.683511119469531,0.729939888605228
17.3666666666667,-0.000305298060573864,0.000456843653654893,0.683598547405708,0.729858016378375
17.4,-0.000300535610955289,0.000453940473678899,0.683685782274716,0.729776304583674
17.4333333333333,-0.000297823506300178,0.000450858017946269,0.683772824919302,0.729694752571296
17.4666666666667,-0.000297179555797305,0.000447613594152317,0.683859676160533,0.72961335969676
17.5,-0.000298594566358259,0.000444238494958659,0.683946336797492,0.729532125320562
17.5333333333333,-0.000302032515890602,0.000440777644035704,0.684032807607897,0.72945104880827
17.5666666666667,-0.000307431355183118,0.000437288843548501,0.68411908934933,0.729370129531141
17.6,-0.000314703952289177,0.000433841496728867,0.68420518276116,0.729289366867326
17.6333333333333,-0.000323739627793302,0.00043051511200271,0.684291088566853,0.729208760203402
17.6666666666667,-0.000334406071426395,0.000427397728259123,0.684376807476544,0.729128308936072
17.7,-0.000346551631119782,0.000424584055633178,0.684462340189824,0.729048012473949
17.7333333333333,-0.000360007856077338,0.000422173449995709,0.684547687398589,0.728967870239261
17.7666666666667,-0.000374592284141311,0.000420267745201099,0.6846328497898,0.728887881669286
17.8,-0.000390111380343484,0.00041896900083325,0.684717828048061,0.728808046217407
17.8333333333333,-0.000406363626164472,0.000418377184226296,0.684802622857912,0.72872836335363
17.8666666666667,-0.000423142637849778,0.000418587876540864,0.684887234905767,0.728648832564515
17.9,-0.000440240332315558,0.000419689995350709,0.684971664881466,0.728569453352438
17.9333333333333,-0.000457450013354247,0.000421763635928371,0.685055913479416,0.728490225234219
17.9666666666667,-0.000474569403733884,0.000424878009284036,0.685139981399378,0.728411147739118
18,-0.000491403502846661,0.000429089579115528,0.685223869346901,0.728332220406314
18.0333333333333,-0.0005077672998296,0.000434440365112506,0.685307578033525,0.72825344278195
18.0666666666667,-0.000523488235199343,0.000440956507924957,0.685391108176772,0.728174814415908
18.1,-0.000538408442628759,0.000448647056436707,0.685474460500075,0.728096334858443
18.1333333333333,-0.000552386682304554,0.000457503060132921,0.685557635732671,0.728018003656869
18.1666666666667,-0.000565299996039517,0.00046749692483488,0.685640634609579,0.72793982035242
18.2,-0.000577045017581732,0.000478582097571987,0.685723457871678,0.727861784477474
18.2333333333333,-0.000587538989000306,0.000490693023919905,0.685806106265973,0.727783895553205
18.2666666666667,-0.000596720616016967,0.000503745214005635,0.685888580546193,0.727706153087628
18.3,-0.000604550715874985,0.000517635552083018,0.685970881473605,0.727628556574158
18.3333333333333,-0.000611012124933727,0.000532243252725516,0.686053009817675,0.727551105491162
18.3666666666667,-0.000616109100598215,0.000547431196817077,0.686134966356737,0.727473799302284
18.4,-0.000619866427621029,0.000563047637993035,0.686216751878464,0.727396637457406
18.4333333333333,-0.00062232812217707,0.000578928179189333,0.686298367180179,0.727319619394177
18.4666666666667,-0.000623555835862399,0.000594898012109844,0.686379813068836,0.727242744539995
18.5,-0.00062362696995073,0.000610774396717486,0.686461090360552,0.727166012314273
18.5333333333333,-0.000622632571901334,0.000626369296663268,0.686542199879644,0.727089422130871
18.5666666666667,-0.000620675024610753,0.000641492168636514,0.686623142457077,0.72701297340053
18.6,-0.000617865625586724,0.000655952804738405,0.686703918928315,0.726936665533168
18.6333333333333,-0.000614322053431679,0.000669564234998133,0.686784530130556,0.726860497939943
18.6666666666667,-0.000610165829042297,0.000682145576200253,0.686864976899436,0.726784470034969
18.7,-0.00060551976163277,0.000693524848937299,0.686945260065226,0.726708581236675
18.7333333333333,-0.000600505485666577,0.00070354164214425,0.687025380448718,0.726632830968718
18.7666666666667,-0.000595241073348086,0.0007120496604346,0.687105338856849,0.726557218660554
18.8,-0.000589838819918852,0.000718919035094357,0.687185136078347,0.726481743747612
18.8333333333333,-0.000584403185052254,0.000724038445816887,0.687264772879465,0.726406405671222
18.8666666666667,-0.000579029026711045,0.000727317005252261,0.687344250000045,0.726331203878256
18.9,-0.000573800191506692,0.000728686003738617,0.687423568149955,0.726256137820557
18.9333333333333,-0.000568788219128438,0.000728100222461219,0.68750272800635,0.726181206954472
18.9666666666667,-0.000564051287929954,0.000725538799411667,0.687581730211782,0.72610641074058
19,-0.000559633411805377,0.000721005768057786,0.687660575373265,0.726031748643568
19.0333333333333,-0.000555563807088725,0.00071453035985337,0.687739264062173,0.725957220132455
19.0666666666667,-0.00055185635899135,0.000706167192442143,0.687817796814843,0.72588282468125
19.1,-0.000548509565716291,0.000695995753967724,0.687896174134619,0.725808561769645
19.1333333333333,-0.000545507122884706,0.000684119434841656,0.687974396494828,0.725734430883746
19.1666666666667,-0.000542818751413704,0.000670664113589554,0.68805246434271,0.725660431516955
19.2,-0.000540401346764469,0.000655776393547775,0.688130378103968,0.725586563170926
19.2333333333333,-0.000538200441664827,0.000639621520473749,0.688208138187747,0.725512825356486
19.2666666666667,-0.000536151885595762,0.000622381005930912,0.688285744991851,0.725439217594453
19.3,-0.000534183758052628,0.000604249996604571,0.688363198907955,0.725365739416235
19.3333333333333,-0.00053221842094707,0.00058543446564287,0.688440500326574,0.725292390364145
19.3666666666667,-0.000530174712908565,0.000566148231542852,0.688517649641633,0.725219169991331
19.4,-0.000527970186291093,0.000546609913291384,0.688594647254409,0.725146077861324
19.4333333333333,-0.000525523393335481,0.000527039808507248,0.688671493576793,0.725073113547118
19.4666666666667,-0.000522756119083087,0.000507656818392992,0.688748189033718,0.725000276629857
19.5,-0.000519595572322554,0.0004886753902767,0.688824734064785,0.724927566697102
19.5333333333333,-0.000515976437607118,0.000470302607766189,0.688901129125051,0.724854983340808
19.5666666666667,-0.000511842802498607,0.000452735385406075,0.688977374685075,0.724782526155038
19.6,-0.00050714987551138,0.000436157895840393,0.689053471230293,0.724710194733576
19.6333333333333,-0.000501865509526958,0.00042073917643589,0.689129419259872,0.724637988667519
19.6666666666667,-0.000495971463608971,0.000406631034027663,0.689205219285159,0.724565907542996
19.7,-0.000489464416072356,0.000393966189572655,0.689280871827912,0.724493950939123
19.7333333333333,-0.000482356682587985,0.000382856766084433,0.689356377418441,0.724422118426302
19.7666666666667,-0.000474676647862601,0.000373393061241212,0.689431736593824,0.72435040956496
19.8,-0.000466468909227956,0.000365642672397952,0.689506949896303,0.724278823904779
19.8333333333333,-0.000457794299517334,0.000359649730874898,0.689582017872111,0.724207360984323
19.8666666666667,-0.000448729728410046,0.000355434438813249,0.689656941070664,0.724136020331156
19.9,-0.000439367363439384,0.00035299324318965,0.68973172004396,0.724064801462749
19.9333333333333,-0.000429813369528276,0.000352299461854936,0.689806355346328,0.723993703887935
19.9666666666667,-0.000420186387029446,0.000353304288526457,0.689880847534472,0.72392272710877
20,-0.000410615697556021,0.000355938127903403,0.689955197167787,0.723851870622684
20.0333333333333,-0.000401239116296978,0.000360112246900101,0.690029404808846,0.723781133924815
20.0666666666667,-0.00039220070038489,0.000365720700214658,0.690103471023937,0.723710516510361
20.1,-0.000383648254346031,0.00037264249523184,0.690177396383541,0.723640017876861
20.1333333333333,-0.000375730740785203,0.000380743921131408,0.690251181462663,0.723569637526255
20.1666666666667,-0.000368595486902312,0.000389880945299585,0.690324826840944,0.723499374966721
20.2,-0.000362385344908366,0.000399901598877629,0.690398333102493,0.723429229714194
20.2333333333333,-0.000357236000462594,0.000410648593076725,0.69047170083524,0.723359201293426
20.2666666666667,-0.000353273425157287,0.000421961976286047,0.690544930629894,0.723289289238637
20.3,-0.000350611441395305,0.000433681749858065,0.690618023078505,0.723219493093829
20.3333333333333,-0.000349349484275837,0.000445650386032597,0.690690978772719,0.723149812412791
20.3666666666667,-0.000349570547105362,0.000457715264409779,0.690763798301735,0.723080246758912
20.4,-0.00035133940389133,0.000469730909639769,0.69083648225013,0.723010795704851
20.4333333333333,-0.000354701079211091,0.000481561083721088,0.690909031195582,0.722941458832214
20.4666666666667,-0.000359679639753583,0.000493080620440954,0.690981445706684,0.722872235731294
20.5,-0.000366277285559311,0.000504177056837286,0.691053726340896,0.722803126000993
20.5333333333333,-0.00037447378780337,0.00051475196528877,0.691125873642792,0.722734129248982
20.5666666666667,-0.000384226250540399,0.000524722047919142,0.691197888142659,0.722665245092144
20.6,-0.000395469077647166,0.000534020049904353,0.691269770355434,0.722596473157419
20.6333333333333,-0.000408114105577914,0.000542595600523078,0.691341520779926,0.72252781308306
20.6666666666667,-0.000422051332694757,0.000550415378608448,0.69141313989889,0.722459264519974
20.7,-0.000437150245000103,0.000557462927685402,0.691484628179592,0.722390827133124
20.7333333333333,-0.000453261400409485,0.00056373805306224,0.691555986075005,0.722322500602977
20.7666666666667,-0.000470218396817871,0.00056925593956494,0.691627214025376,0.722254284626842
20.8,-0.000487840124421693,0.000574045972239321,0.691698312460146,0.722186178919966
20.8333333333333,-0.000505933294124917,0.000578150287491608,0.691769281800089,0.722118183216249
20.8666666666667,-0.000524295154795669,0.000581622109466676,0.691840122459551,0.722050297268457
20.9,-0.000542716407453157,0.000584523892776181,0.691910834848659,0.721982520847805
20.9333333333333,-0.000560984197120356,0.000586925338987681,0.6919814193754,0.721914853742866
20.9666666666667,-0.00057888520392843,0.000588901300101271,0.692051876447448,0.721847295757728
21,-0.000596208704552558,0.000590529654012679,0.692122206473687,0.72177984670944
21.0333333333333,-0.000612749631362303,0.000591889148650291,0.692192409865376,0.721712506424746
21.0666666666667,-0.000628311502174461,0.000593057311857011,0.692262487036908,0.721645274736249
21.1,-0.000642709252235492,0.000594108408226616,0.692332438406235,0.721578151478059
21.1333333333333,-0.000655771850865637,0.000595111543612568,0.692402264394901,0.721511136481166
21.1666666666667,-0.000667344736456918,0.000596128886178703,0.692471965427836,0.721444229568623
21.2,-0.00067729196815134,0.000597214101052173,0.692541541932897,0.721377430550827
21.2333333333333,-0.000685498127043727,0.000598410959048438,0.692610994340309,0.721310739221018
21.2666666666667,-0.000691869885832785,0.000599752206853384,0.692680323082021,0.721244155351251
21.3,-0.000696337275935914,0.000601258655028492,0.69274952859113,0.721177678688958
21.3333333333333,-0.000698854594767675,0.000602938556743517,0.692818611301369,0.721111308954308
21.3666666666667,-0.000699401014463398,0.000604787209239763,0.692887571646786,0.721045045838381
21.4,-0.000697981020913321,0.000606786594719574,0.692956410061872,0.720978889002089
21.4333333333333,-0.00069462458319456,0.000608905399454854,0.693025126981726,0.720912838076051
21.4666666666667,-0.000689386726564138,0.000611099654296692,0.693093722842122,0.720846892661681
21.5,-0.000682346597090961,0.000613313751780264,0.693162198079675,0.720781052333312
21.5333333333333,-0.000673606143004493,0.000615481601539917,0.693230553132121,0.720715316641249
21.5666666666667,-0.000663288355811844,0.000617528029564486,0.693298788438667,0.720649685115567
21.6,-0.000651535217849511,0.000619370432254127,0.693366904440249,0.720584157270387
21.6333333333333,-0.000638505363465764,0.000620920613622592,0.693434901579624,0.720518732608494
21.6666666666667,-0.000624371523707001,0.00062208677074568,0.693502780301264,0.720453410626021
21.7,-0.00060931776151252,0.000622775605785337,0.693570541050961,0.720388190817067
21.7333333333333,-0.000593536605938815,0.000622894485353563,0.693638184275131,0.720323072677988
21.7666666666667,-0.000577226071634515,0.000622353645443974,0.693705710419776,0.720258055711282
21.8,-0.000560586684166332,0.000621068349594033,0.693773119929164,0.720193139428881
21.8333333333333,-0.000543818490541709,0.000618961011242373,0.693840413244188,0.720128323354838
21.8666666666667,-0.000527118174250289,0.00061596318254009,0.69390759080055,0.720063607027299
21.9,-0.000510676248896378,0.00061201743306053,0.693974653026777,0.719998989999844
21.9333333333333,-0.000494674441545504,0.000607079021938104,0.694041600342221,0.719934471842172
21.9666666666667,-0.000479283236458109,0.000601117396417461,0.694108433155107,0.719870052140258
22,-0.000464659676190815,0.000594117428154545,0.694175151860783,0.719805730496031
22.0333333333333,-0.000450945390180918,0.00058608042572229,0.694241756840227,0.719741506526742
22.0666666666667,-0.000438264929123855,0.000577024847812236,0.694308248458958,0.719677379864083
22.1,-0.000426724377592345,0.000566986756869746,0.694374627066377,0.719613350153229
22.1333333333333,-0.000416410291987687,0.000556019962976843,0.694440892995634,0.719549417051877
22.1666666666667,-0.000407388800807007,0.000544196031595961,0.694507046563886,0.719485580229481
22.2,-0.000399704882893521,0.000531604161018,0.694573088072942,0.719421839366751
22.2333333333333,-0.000393382230165945,0.00051835043161626,0.694639017810745,0.719358194155161
22.2666666666667,-0.000388423682353556,0.000504556676571096,0.694704836053325,0.719294644296568
22.3,-0.000384811941772269,0.000490358995172094,0.694770543067197,0.719231189503026
22.3333333333333,-0.000382510655584156,0.000475905987461621,0.694836139111976,0.71916782949674
22.3666666666667,-0.0003814658263583,0.000461356723932713,0.694901624443114,0.719104564010073
22.4,-0.000381607478339585,0.000446878488484001,0.6949669993146,0.719041392785568
22.4333333333333,-0.000382851585352486,0.000432644326197028,0.695032263981501,0.718978315575859
22.4666666666667,-0.000385102171366032,0.000418830467252853,0.695097418702196,0.718915332143433
22.5,-0.000388253583631961,0.000405613633033498,0.695162463740234,0.718852442260123
22.5333333333333,-0.000392192842038552,0.000393168323222651,0.695227399365707,0.718789645706336
22.5666666666667,-0.000396802069377978,0.000381664073123198,0.695292225856143,0.718726942269916
22.6,-0.000401960901166617,0.000371262792535937,0.695356943496871,0.718664331744704
22.6333333333333,-0.000407548886128497,0.000362116161714262,0.695421552580942,0.718601813928759
22.6666666666667,-0.000413447778918337,0.00035436319957334,0.695486053408627,0.718539388622328
22.7,-0.000419543740211766,0.000348127967468461,0.695550446286619,0.718477055625615
22.7333333333333,-0.000425729326942473,0.000343517482768217,0.695614731527042,0.718414814736472
22.7666666666667,-0.000431905174696163,0.000340619730990481,0.695678909446488,0.718352665748144
22.8,-0.000437981567961606,0.000339502003235156,0.695742980365037,0.718290608447105
22.8333333333333,-0.000443879827818165,0.000340209660907119,0.69580694460543,0.718228642611071
22.8666666666667,-0.000449533479584036,0.000342765215809835,0.695870802492488,0.718166768007347
22.9,-0.000454889161187289,0.000347167712334513,0.695934554352906,0.718104984391595
22.9333333333333,-0.000459907267046558,0.000353392469879435,0.695998200515455,0.718043291507076
22.9666666666667,-0.000464562510738002,0.000361390916445251,0.69606174131177,0.717981689084273
23,-0.000468844280007838,0.000371090805622063,0.696125177077514,0.717920176841029
23.0333333333333,-0.000472756353192577,0.000382397011051062,0.696188508153815,0.717858754483445
23.0666666666667,-0.000476316245153298,0.000395192762153754,0.69625173488891,0.717797421707335
23.1,-0.00047955429650823,0.000409341237821797,0.696314857639927,0.717736178200121
23.1333333333333,-0.000482512456455284,0.00042468746180567,0.696377876774673,0.717675023643074
23.1666666666667,-0.000485242810572557,0.000441060502199205,0.696440792673286,0.717613957713794
23.2,-0.000487805914278715,0.000458275907825793,0.696503605729576,0.717552980088775
23.2333333333333,-0.000490268928259981,0.000476138362886531,0.696566316351946,0.717492090445963
23.2666666666667,-0.000492703646226983,0.000494444476464755,0.696628924963748,0.717431288467146
23.3,-0.000495184410140307,0.00051298570562158,0.696691432002992,0.717370573840108
23.3333333333333,-0.000497786007726275,0.000531551303876221,0.696753837921368,0.717309946260434
23.3666666666667,-0.000500581545275773,0.000549931312315405,0.69681614318253,0.717249405432931
23.4,-0.000503640390373386,0.000567919472200963,0.696878348259709,0.717188951072623
23.4333333333333,-0.000507026173943983,0.000585316091354161,0.696940453632677,0.717128582905332
23.4666666666667,-0.00051079493938505,0.000601930739672697,0.69700245978421,0.717068300667848
23.5,-0.000514993426066975,0.000617584818082032,0.697064367196126,0.717008104107776
23.5333333333333,-0.000519657562067856,0.000632113880531228,0.697126176345132,0.716947992983087
23.5666666666667,-0.000524811153499124,0.000645369761363687,0.697187887698562,0.71688796706148
23.6,-0.000530464828007675,0.000657222398571787,0.697249501710273,0.716828026119627
23.6333333333333,-0.000536615222189268,0.000667561408751768,0.697311018816793,0.716768169942384
23.6666666666667,-0.000543244450299655,0.000676297320550446,0.697372439433954,0.716708398322036
23.7,-0.000550319840529365,0.00068336252809523,0.697433763954067,0.71664871105765
23.7333333333333,-0.000557793826298286,0.000688712018693279,0.697494992743695,0.716589107954674
23.7666666666667,-0.000565603963799011,0.000692323974609002,0.697556126141956,0.716529588824842
23.8,-0.00057367346991224,0.00069419969238183,0.697617164460049,0.716470153486004
23.8333333333333,-0.000581912281580822,0.000694363123499033,0.697678107981581,0.716410801761943
23.8666666666667,-0.000590218325907415,0.000692859982120928,0.697738956963855,0.716351533482246
23.9,-0.00059847911900864,0.000689756546525709,0.697799711639818,0.716292348482125
23.9333333333333,-0.000606573603393163,0.00068513814889991,0.697860372220633,0.716233246602153
23.9666666666667,-0.000614374215663545,0.000679107374693237,0.697920938898713,0.716174227687814
24,-0.000621749111016603,0.000671782039384795,0.697981411851053,0.716115291588823
24.0333333333333,-0.000628564604825853,0.000663293016840051,0.698041791242655,0.716056438158094
24.0666666666667,-0.000634687785160457,0.000653782025273569,0.698102077229824,0.715997667250309
24.1,-0.000639989038610827,0.000643399194267764,0.698162269963432,0.715938978720265
24.1333333333333,-0.00064434451149869,0.000632300478349141,0.698222369591951,0.715880372421019
24.1666666666667,-0.000647638514569857,0.000620645059430914,0.698282376264147,0.715821848201744
24.2,-0.000649765796624699,0.000608592792366702,0.698342290131337,0.715763405905431
24.2333333333333,-0.00065063370533889,0.000596301672840237,0.698402111349238,0.715705045366471
24.2666666666667,-0.000650164129590365,0.000583925451823661,0.69846184007935,0.715646766408289
24.3,-0.00064829525403861,0.00057161134825221,0.698521476489972,0.715588568841062
24.3333333333333,-0.000644983042873705,0.000559497974973398,0.698581020756834,0.715530452459733
24.3666666666667,-0.000640202474319227,0.000547713428451084,0.698640473063487,0.715472417042348
24.4,-0.000633948467313724,0.000536373644900355,0.698699833601451,0.715414462348895
24.4333333333333,-0.000626236516502053,0.000525580970150449,0.698759102570279,0.715356588120671
24.4666666666667,-0.000617103000577615,0.000515423031599224,0.698818280177534,0.715298794080277
24.5,-0.000606605214282102,0.000505971833590353,0.69887736663882,0.715241079932219
24.5333333333333,-0.000594821260645612,0.000497282926935249,0.698936362178064,0.715183445363952
24.5666666666667,-0.000581849640833325,0.000489394923532093,0.69899526702779,0.715125890047587
24.6,-0.000567808212921929,0.000482329604267215,0.699054081429262,0.715068413642413
24.6333333333333,-0.000552832758001982,0.000476092313067368,0.699112805632733,0.715011015797924
24.6666666666667,-0.000537075287819268,0.000470672724114503,0.699171439897636,0.714953696157163
24.7,-0.000520702009401701,0.000466045877596352,0.699229984492764,0.714896454360285
24.7333333333333,-0.000503891063907125,0.000462173486845433,0.699288439696366,0.71483929004811
24.7666666666667,-0.000486830023181471,0.000459005482470408,0.699346805796063,0.714782202865557
24.8,-0.000469713242977134,0.000456481741635962,0.69940508308856,0.714725192464749
24.8333333333333,-0.000452739059999714,0.000454533983997306,0.699463271879069,0.7146682585077
24.8666666666667,-0.000436106947642829,0.000453087762387585,0.699521372480428,0.714611400668439
24.9,-0.000420014608621314,0.000452064541489447,0.699579385211872,0.714554618634543
24.9333333333333,-0.000404655125745406,0.000451383777461367,0.699637310397489,0.714497912107994
24.9666666666667,-0.000390214143688834,0.000450965006879836,0.699695148364337,0.714441280805423
25,-0.000376867199247858,0.000450729848910599,0.699752899440337,0.714384724457739
25.0333333333333,-0.000364777169806673,0.0004506039430846,0.699810563951938,0.714328242809266
25.0666666666667,-0.000354091946538052,0.000450518725067175,0.699868142221709,0.714271835616459
25.1,-0.000344942301221115,0.000450413073655015,0.699925634565907,0.714215502646354
25.1333333333333,-0.000337440036670909,0.000450234736596913,0.699983041292156,0.714159243674888
25.1666666666667,-0.000331676391526435,0.000449941575421615,0.700040362697327,0.714103058485219
25.2,-0.000327720768805763,0.000449502547617208,0.700097599065738,0.714046946866204
25.2333333333333,-0.000325619763469763,0.000448898469215899,0.700154750667729,0.713990908611129
25.2666666666667,-0.000325396519980536,0.000448122503008506,0.700211817758714,0.71393494351682
25.3,-0.00032705025403852,0.000447180557397415,0.70026880057861,0.713879051383268
25.3333333333333,-0.000330555893045646,0.000446091411053377,0.700325699351786,0.713823232013841
25.3666666666667,-0.000335864323728565,0.000444886237636771,0.700382514287766,0.713767485215836
25.4,-0.000342903247879687,0.000443607921169948,0.700439245582422,0.713711810801323
25.4333333333333,-0.000351578360868845,0.000442310105182512,0.700495893419648,0.713656208588306
25.4666666666667,-0.000361774909822715,0.000441055960941019,0.700552457973403,0.713600678402128
25.5,-0.000373359565652855,0.000439916737501958,0.700608939410013,0.713545220076959
25.5333333333333,-0.000386182549883412,0.000438970103588163,0.700665337890642,0.713489833457267
25.5666666666667,-0.000400080025430003,0.000438298318415545,0.700721653573796,0.713434518399104
25.6,-0.000414876647537397,0.000437986287996718,0.700777886617749,0.713379274771099
25.6333333333333,-0.000430388287568633,0.000438119520272214,0.700834037182796,0.713324102455028
25.6666666666667,-0.000446424819176772,0.000438782057744185,0.700890105433246,0.713269001345887
25.7,-0.000462792982291622,0.00044005438707321,0.700946091539112,0.7132139713514
25.7333333333333,-0.000479299210425262,0.000442011415447951,0.701001995677431,0.713159012390949
25.7666666666667,-0.000495752442903915,0.000444720500022284,0.70105781803326,0.713104124393932
25.8,-0.000511966810073163,0.000448239624286985,0.701113558800297,0.713049307297614
25.8333333333333,-0.000527764217793141,0.000452615696261487,0.701169218181243,0.712994561044519
25.8666666666667,-0.000542976728826801,0.000457883059534158,0.701224796387879,0.71293988557953
25.9,-0.000557448769648411,0.000464062183914381,0.701280293641005,0.712885280846746
25.9333333333333,-0.000571039075264108,0.000471158617853829,0.701335710170235,0.71283074678632
25.9666666666667,-0.000583622400077668,0.000479162165184943,0.701391046213783,0.712776283331347
26,-0.000595090926306861,0.000488046354595286,0.701446302018245,0.712721890404998
26.0333333333333,-0.000605355395110927,0.000497768163868778,0.701501477838473,0.712667567917988
26.0666666666667,-0.000614345957772679,0.000508268019009381,0.701556573937543,0.712613315766469
26.1,-0.000622012912298704,0.000519469821612157,0.701611590587074,0.712559133830251
26.1333333333333,-0.00062832710727531,0.000531281364989333,0.701666528067523,0.712505021971653
26.1666666666667,-0.000633279725200706,0.000543595297144669,0.701721386668375,0.712450980035227
26.2,-0.000636881689428267,0.000556290367371158,0.701776166688327,0.712397007848137
26.2333333333333,-0.00063916277431057,0.000569232994586275,0.701830868435324,0.712343105221118
26.2666666666667,-0.000640170386446638,0.000582279088118502,0.701885492226434,0.712289271949954
26.3,-0.000639968062750787,0.000595276105792499,0.701940038387456,0.712235507817361
26.3333333333333,-0.000638633741712814,0.000608065296474014,0.701994507252183,0.712181812595144
26.3666666666667,-0.000636257810570697,0.000620484108287889,0.702048899161278,0.71212818604652
26.4,-0.00063294101448074,0.000632368685664453,0.702103214460718,0.712074627928453
26.4333333333333,-0.000628792225082733,0.000643556453068583,0.70215745349977,0.712021137993914
26.4666666666667,-0.000623926162634656,0.000653888687947414,0.702211616628566,0.711967715993936
26.5,-0.000618461064637607,0.000663213096244941,0.702265704195258,0.711914361679435
26.5333333333333,-0.000612516397132163,0.000671386282870656,0.702319716542891,0.711861074802686
26.5666666666667,-0.000606210596409419,0.000678276143333347,0.702373654006034,0.7118078551185
26.6,-0.000599658946540651,0.000683764087431871,0.702427516907342,0.711754702385032
26.6333333333333,-0.000592971686923117,0.000687747202102951,0.70248130555405,0.711701616364219
26.6666666666667,-0.000586252251081102,0.000690140181621208,0.702535020234703,0.711648596821952
26.7,-0.000579595607289759,0.000690876886680329,0.702588661216308,0.711595643528216
26.7333333333333,-0.000573086790431834,0.000689911595842036,0.702642228742022,0.711542756257109
26.7666666666667,-0.00056679964682017,0.000687220003940898,0.7026957230294,0.711489934786864
26.8,-0.000560795847410062,0.000682799862666047,0.702749144269386,0.711437178899873
26.8333333333333,-0.000555124129406809,0.000676671337570018,0.702802492626039,0.711384488382849
26.8666666666667,-0.000549819674551295,0.000668877161723264,0.702855768236922,0.711331863027205
26.9,-0.000544903617854008,0.00065948260277751,0.70290897121415,0.711279302629711
26.9333333333333,-0.000540383084621901,0.000648574793148124,0.702962101646545,0.711226806993052
26.9666666666667,-0.000536251678179584,0.00063626168697529,0.703015159602477,0.711174375926402
27,-0.000532490183589905,0.000622670623753602,0.703068145133401,0.711122009246077
27.0333333333333,-0.000529067587550267,0.000607946599387935,0.703121058277788,0.711069706776166
27.0666666666667,-0.000525942337255236,0.000592250255088404,0.703173899065319,0.711017468349105
27.1,-0.000523063826281065,0.000575755599723911,0.703226667521177,0.710965293806092
27.1333333333333,-0.000520374049856622,0.00055864754358358,0.703279363670224,0.710913182997316
27.1666666666667,-0.000517809423262065,0.000541119246478485,0.70333198754091,0.710861135781888
27.2,-0.000515302681718733,0.000523369373193509,0.70338453916874,0.71080915202748
27.2333333333333,-0.000512784865197452,0.000505599250392445,0.703437018599215,0.710757231609589
27.2666666666667,-0.000510187298665426,0.000488010033229253,0.703489425890106,0.710705374410478
27.3,-0.000507443575089547,0.000470799860766187,0.703541761113075,0.71065358031774
27.3333333333333,-0.000504491453523166,0.000454161117847747,0.70359402435458,0.7106018492226
27.3666666666667,-0.000501274682374905,0.000438277768867105,0.703646215716143,0.71055018101795
27.4,-0.000497744668370749,0.000423322882190249,0.703698335314005,0.710498575596236
27.4333333333333,-0.000493862002667587,0.000409456300344281,0.703750383278303,0.710447032847279
27.4666666666667,-0.000489597777965006,0.000396822568540419,0.703802359751845,0.710395552656124
27.5,-0.000484934707424182,0.000385549070356557,0.703854264888659,0.710344134901028
27.5333333333333,-0.000479867996361919,0.000375744470883791,0.703906098852393,0.710292779451688
27.5666666666667,-0.000474405974806975,0.000367497414188365,0.703957861814756,0.710241486167781
27.6,-0.000468570461664539,0.000360875558099897,0.704009553954062,0.710190254897909
27.6333333333333,-0.000462396905395201,0.000355924868192133,0.704061175454023,0.710139085478957
27.6666666666667,-0.000455934426400539,0.000352669024327591,0.704112726502981,0.710087977735785
27.7,-0.000449245590406,0.000351109222625515,0.7041642072934,0.710036931481435
27.7333333333333,-0.000442405627665303,0.00035122456576331,0.70421561802158,0.709985946517993
27.7666666666667,-0.000435501318485715,0.000352972765462403,0.704266958887726,0.709935022637891
27.8,-0.000428629659387826,0.000356291227559478,0.704318230096235,0.709884159625557
27.8333333333333,-0.000421896235944901,0.000361098428133807,0.704369431856209,0.709833357259331
27.8666666666667,-0.000415413404629026,0.000367295569468427,0.704420564382062,0.709782615313537
27.9,-0.000409298241400567,0.00037476845165205,0.704471627894164,0.709731933560626
27.9333333333333,-0.000403670240626142,0.000383389445742637,0.704522622619447,0.70968131177331
27.9666666666667,-0.00039864901497821,0.000393019674129535,0.704573548791781,0.709630749726542
28,-0.000394351999105435,0.000403511437040243,0.704624406652031,0.709580247199211
28.0333333333333,-0.000390892154175201,0.00041471071309636,0.70467519644778,0.709529803975584
28.0666666666667,-0.000388375740150209,0.000426459670146541,0.70472591843269,0.709479419846436
28.1,-0.000386900132572341,0.000438599213742136,0.704776572865483,0.709429094609885
28.1333333333333,-0.00038655179660913,0.000450971447139844,0.704827160008569,0.709378828071939
28.1666666666667,-0.000387404389086897,0.000463422083020279,0.704877680126352,0.709328620046805
28.2,-0.000389517076587298,0.00047580269326927,0.704928133483314,0.709278470357007
28.2333333333333,-0.000392933049731714,0.000487972838973548,0.704978520341908,0.709228378833406
28.2666666666667,-0.000397678301531637,0.000499801974324456,0.705028840960434,0.709178345315156
28.3,-0.000403760652848497,0.000511171173238313,0.705079095590923,0.709128369649708
28.3333333333333,-0.000411169072668073,0.000521974582595295,0.705129284477204,0.709078451692897
28.3666666666667,-0.000419873280896561,0.000532120653669983,0.705179407853195,0.709028591309162
28.4,-0.000429823642489366,0.00054153308341505,0.705229465941536,0.70897878837196
28.4333333333333,-0.000440951217911089,0.000550151668250504,0.705279458952447,0.708929042764443
28.4666666666667,-0.000453168011581498,0.000557932914218705,0.705329387082999,0.708879354380375
28.5,-0.00046636779458079,0.000564850119566169,0.70537925051702,0.708829723125004
28.5333333333333,-0.000480427340132398,0.000570893074725236,0.705429049425532,0.708780148915909
28.5666666666667,-0.000495207921225218,0.000576067443538288,0.705478783967662,0.708730631683805
28.6,-0.000510557106759181,0.000580393856505089,0.705528454291913,0.70868117137319
28.6333333333333,-0.000526310828465269,0.000583906736413225,0.705578060537741,0.708631767942727
28.6666666666667,-0.000542295635427366,0.000586652881083937,0.705627602837335,0.708582421365275
28.7,-0.000558331156412505,0.000588689840950303,0.705677081317489,0.708533131627464
28.7333333333333,-0.000574232663307533,0.000590084138978488,0.705726496101457,0.708483898728769
28.7666666666667,-0.00058981375509858,0.000590909351589861,0.705775847310714,0.70843472268002
28.8,-0.00060488905015321,0.000591244124169966,0.705825135066506,0.708385603501349
28.8333333333333,-0.000619276909269574,0.00059117012271018,0.705874359491173,0.708336541219583
28.8666666666667,-0.000632802075704324,0.000590770009746444,0.705923520709145,0.708287535865156
28.9,-0.000645298258644405,0.000590125431600159,0.705972618847663,0.708238587468591
28.9333333333333,-0.000656610551973626,0.000589315111561215,0.706021654037166,0.708189696056718
28.9666666666667,-0.000666597716961561,0.000588413023480931,0.706070626411428,0.708140861648706
29,-0.000675134232852233,0.000587486739924402,0.706119536107446,0.708092084252114
29.0333333333333,-0.000682112143777109,0.000586595919955951,0.706168383265188,0.708043363859079
29.0666666666667,-0.000687442623015677,0.000585791024065348,0.706217168027209,0.707994700442839
29.1,-0.000691057280326629,0.000585112215724926,0.706265890538269,0.707946093954699
29.1333333333333,-0.000692909153908093,0.000584588525359434,0.706314550944958,0.707897544321622
29.1666666666667,-0.000692973411906318,0.000584237237924729,0.706363149395427,0.707849051444497
29.2,-0.000691247844239353,0.000584063580466645,0.706411686039207,0.707800615197102
29.2333333333333,-0.00068775328722582,0.000584060474355989,0.706460161027377,0.707752235425612
29.2666666666667,-0.000682533560410705,0.000584208678500677,0.706508574512725,0.707703911949168
29.3,-0.000675654742686039,0.000584477192768304,0.706556926650147,0.707655644561519
29.3333333333333,-0.000667204126935918,0.00058482406945983,0.706605217596972,0.707607433033456
29.3666666666667,-0.000657288850976336,0.000585197451649832,0.706653447513369,0.707559277115903
29.4,-0.0006460342104419,0.000585536836857357,0.706701616562753,0.707511176543525
29.4333333333333,-0.000633581689103328,0.000585774568715614,0.706749724912092,0.707463131038699
29.4666666666667,-0.000620086772945582,0.000585837494052569,0.706797772732076,0.707415140315643
29.5,-0.00060571654298214,0.000585648769833804,0.706845760197067,0.707367204084567
29.5333333333333,-0.000590647145180839,0.00058512975884485,0.706893687484817,0.707319322055627
29.5666666666667,-0.00057506112493091,0.000584202002734267,0.706941554775881,0.70727149394259
29.6,-0.000559144733445472,0.000582789195195483,0.706989362252759,0.707223719466025
29.6333333333333,-0.000543085188533049,0.000580819158657592,0.707037110098733,0.707175998356006
29.6666666666667,-0.000527067999314842,0.000578225736871317,0.707084798496482,0.707128330354195
29.7,-0.000511274332095298,0.000574950619625616,0.707132427626461,0.707080715215349
29.7333333333333,-0.000495878522271527,0.00057094500961526,0.7071799976652,0.707033152708227
29.7666666666667,-0.000481045705977397,0.000566171157846519,0.70722750878351,0.706985642615973
29.8,-0.000466929665473745,0.00056060368183888,0.707274961144778,0.706938184736015
29.8333333333333,-0.000453670860849942,0.000554230699846927,0.707322354903374,0.706890778879614
29.8666666666667,-0.000441394726409717,0.000547054705124833,0.707369690203305,0.706843424871114
29.9,-0.00043021020568807,0.000539093216570343,0.707416967177169,0.706796122547046
29.9333333333333,-0.000420208584416007,0.000530379144000047,0.707464185945495,0.706748871755157
29.9666666666667,-0.000411462579586949,0.000520960917454001,0.707511346616484,0.706701672353474
30,-0.000404025596887439,0.000510902500709924,0.707558449286052,0.706654524209581
