0,0,0,0
0.0333333333333333,-9.97100709128416e-07,1.72766163507203e-09,9.6106132562606e-08
0.0666666666666667,-3.98830222779656e-06,2.71414547134279e-08,3.8439961510588e-07
0.1,-8.97282959375389e-06,1.33464676045797e-07,8.64809821474886e-07
0.133333333333333,-1.59480198095609e-05,4.06048481207658e-07,1.53722519140568e-06
0.166666666666667,-2.49080171411052e-05,9.47607066601891e-07,2.40150221500105e-06
0.2,-3.58428454927803e-05,1.86877035769122e-06,3.45747619112106e-06
0.233333333333333,-4.87380012610188e-05,3.28152849880626e-06,4.70497300005401e-06
0.266666666666667,-6.35744485535325e-05,5.29557885558663e-06,6.14382097266594e-06
0.3,-8.03288224164491e-05,8.01680302316349e-06,7.77386197935211e-06
0.333333333333333,-9.89736875556692e-05,1.15469972021519e-05,9.59496092674e-06
0.366666666666667,-0.000119477771230022,1.59841903501376e-05,1.16070129625004e-05
0.4,-0.000141806143406686,2.14231455289856e-05,1.38099478500513e-05
0.433333333333333,-0.00016592034635695,2.79558398881271e-05,1.62037311694401e-05
0.466666666666667,-0.000191778486802743,3.56718411382315e-05,1.87883622136082e-05
0.5,-0.00021933530468302,4.46585645154083e-05,2.15638686727826e-05
0.533333333333333,-0.000248542230216392,5.50014213555634e-05,2.4530298414864e-05
0.566666666666667,-0.000279347437148939,6.67838821134025e-05,2.7687708877661e-05
0.6,-0.000311695897334107,8.00874755500307e-05,3.10361547666442e-05
0.633333333333333,-0.000345529439438767,9.49917434458803e-05,3.45756748991974e-05
0.666666666666667,-0.000380786813137018,0.000111574165798256,3.8306279139031e-05
0.7,-0.000417403759248232,0.000129910067586546,4.22279364177333e-05
0.733333333333333,-0.00045531308570753,0.00015007251515456,4.63405648362981e-05
0.766666666666667,-0.00049444474909771,0.000172132207482943,5.06440247869304e-05
0.8,-0.000534725941239637,0.000196157366225285,5.51381159154372e-05
0.833333333333333,-0.000576081180425645,0.000222213626794717,5.98225785885008e-05
0.866666666666667,-0.000618432406813481,0.000250363932158828,6.46971002964122e-05
0.9,-0.000661699081628993,0.000280668430238567,6.97613271911767e-05
0.933333333333333,-0.000705798289840843,0.000313184375500485,7.50148807500743e-05
0.966666666666667,-0.000750644845993112,0.000347966035070235,8.04573797285966e-05
1,-0.000796151401415903,0.000385064599564466,8.60884662860559e-05
1.03333333333333,-0.000842228560559436,0.000424528099876169,9.19078341099733e-05
1.06666666666667,-0.00088878498950216,0.00046640132806557,9.79152586865041e-05
1.1,-0.000935727535746386,0.000510725764619544,0.000104110626832346
1.13333333333333,-0.000982961344328958,0.000557539510451142,0.000110493964902658
1.16666666666667,-0.00103038997953115,0.000606877224902496,0.000117065463348912
1.2,-0.00107791554841207,0.000658770069350294,0.000123825496199234
1.23333333333333,-0.00112543882487964,0.000713245656252093,0.00013077463421421
1.26666666666667,-0.00117285937607887,0.000770328003841028,0.000137913650364342
1.3,-0.00122007569046566,0.0008300374965474,0.000145243516530986
1.33333333333333,-0.00126698530739029,0.000892390850816603,0.000152765391230269
1.36666666666667,-0.00131348494814536,0.000957401086688261,0.000160480597548169
1.4,-0.00135947064818535,0.00102507750422634,0.000168390592769784
1.43333333333333,-0.0014048378905908,0.00109542566579512,0.000176496928570465
1.46666666666667,-0.00144948174043567,0.0011684473832769,0.000184801204317733
1.5,-0.00149329697994714,0.00124414071006465,0.000193305014377611
1.53333333333333,-0.00153617824427717,0.00132249993828614,0.000202009890007588
1.56666666666667,-0.00157802015771434,0.00140351560054835,0.000210917238443124
1.6,-0.00161871747024144,0.00148717447592287,0.000220028283308151
1.63333333333333,-0.00165816519404009,0.00157345959988103,0.000229344009518586
1.66666666666667,-0.00169625873962432,0.00166235027831537,0.000238865115431013
1.7,-0.00173352746095452,0.00175295929873027,0.00024859031732508
1.73333333333333,-0.00177316789333073,0.00184079847826901,0.00025851056913057
1.76666666666667,-0.00181489920253654,0.00192616470769672,0.000268625563349217
1.8,-0.00185812430198995,0.00200979307298945,0.000278936333439649
1.83333333333333,-0.00190244290261878,0.00209216151877182,0.000289443640624492
1.86666666666667,-0.00194757521853575,0.00217359525754997,0.00030014798556564
1.9,-0.00199331918396902,0.00225432361427612,0.000311049611134648
1.93333333333333,-0.00203952497443648,0.00233451300611829,0.000322148501747702
1.96666666666667,-0.00208607908095065,0.00241428707746256,0.000333444382695762
2,-0.00213289395636479,0.00249373951369375,0.000344936722206827
2.03333333333333,-0.00217990105597362,0.00257294248618592,0.000356624737310389
2.06666666666667,-0.00222704602615266,0.00265195238482614,0.000368507403278627
2.1,-0.00227428529710754,0.00273081380854526,0.000380583467713552
2.13333333333333,-0.00232158361932829,0.00280956240420833,0.000392851469572525
2.16666666666667,-0.00236891224772891,0.00288822692641383,0.000405309763084653
2.2,-0.00241624758113167,0.00296683075730642,0.000417956546323972
2.23333333333333,-0.00246357013060464,0.00304539304254816,0.000430789894005553
2.26666666666667,-0.00251086372418662,0.00312392955378647,0.000443807794023603
2.3,-0.00255811488701432,0.00320245335076505,0.000457008187103449
2.33333333333333,-0.00260531235515342,0.00328097529318164,0.000470389008840764
2.36666666666667,-0.00265244668656364,0.00335950444322815,0.000483948233459236
2.4,-0.0026995099517894,0.00343804838102974,0.00049768391838561
2.43333333333333,-0.002746495481384,0.00351661345729932,0.000511594248961041
2.46666666666667,-0.00279339766335797,0.00359520499301364,0.000525677582295099
2.5,-0.00284021177410277,0.00367382744245915,0.000539932489639627
2.53333333333333,-0.00288693384065006,0.00375248452387732,0.00055435779631607
2.56666666666667,-0.00293356052602153,0.00383117932610912,0.000568952618477906
2.6,-0.00298008903370514,0.00390991439583382,0.000583716396003869
2.63333333333333,-0.00302651702713798,0.00398869180938717,0.000598648923471296
2.66666666666667,-0.00307284256267476,0.00406751323093196,0.000613750380886607
2.7,-0.00311906403324239,0.0041463799613804,0.000629021353708369
2.73333333333333,-0.0031651801191669,0.00422529298158627,0.000644462840318925
2.76666666666667,-0.00321118974819195,0.00430425298776315,0.000660076253512903
2.8,-0.00325709206000622,0.00438326042359144,0.000675863412336659
2.83333333333333,-0.00330288637714007,0.00446231550762965,0.000691826526263134
2.86666666666667,-0.00334857217957473,0.00454141825834922,0.000707968171266013
2.9,-0.00339414908294705,0.0046205685170526,0.000724291258066017
2.93333333333333,-0.00343961682015322,0.00469976596889245,0.000740798993312618
2.96666666666667,-0.00348497522687726,0.00477901016156954,0.000757494835028008
3,-0.0035302242259395,0.0048583005258524,0.000774382440580176
3.03333333333333,-0.00357536381828175,0.00493763639150448,0.000791465612360727
3.06666666666667,-0.00362039407194919,0.00501701700560584,0.000808748237540573
3.1,-0.00366531511454577,0.00509644154865791,0.000826234226303282
3.13333333333333,-0.00371012712735197,0.00517590914983028,0.000843927448807074
3.16666666666667,-0.00375483033871072,0.00525541890326394,0.000861831670022132
3.2,-0.00379942501987998,0.00533496988257137,0.000879950486167193
3.23333333333333,-0.00384391148135615,0.00541456115507361,0.000898287262334578
3.26666666666667,-0.00388829007021367,0.00549419179512993,0.000916845072998188
3.3,-0.00393256116762258,0.00557386089714038,0.000935626645578314
3.33333333333333,-0.00397672518751389,0.00565356758719674,0.0009546343091078
3.36666666666667,-0.00402078257519809,0.00573331103443407,0.000973869946728007
3.4,-0.0040647338075572,0.00581309046199919,0.000993334945802776
3.43333333333333,-0.00410857939311655,0.00589290515754404,0.0010130301533506
3.46666666666667,-0.00415231987249927,0.00597275448053987,0.00103295585023733
3.5,-0.00419595581846736,0.0060526378679728,0.00105311173760369
3.53333333333333,-0.00423948783633067,0.00613255483821291,0.00107349693308644
3.56666666666667,-0.00428291656418973,0.00621250499315858,0.0010941099779337
3.6,-0.00432624267343923,0.00629248801834476,0.00111494885460417
3.63333333333333,-0.00436946686891603,0.00637250368135207,0.00113601101484414
3.66666666666667,-0.00441258988923437,0.00645255182826437,0.00115729341704598
3.7,-0.00445561250670459,0.00653263237846839,0.00117879257308455
3.73333333333333,-0.00449853552733116,0.00661274531775182,0.00120050460251266
3.76666666666667,-0.00454135979035462,0.00669289068992663,0.00122242529448149
3.8,-0.00458408616780014,0.00677306858709793,0.00124455017461182
3.83333333333333,-0.00462671556353867,0.00685327913876574,0.00126687457734436
3.86666666666667,-0.00466924891231092,0.0069335224999957,0.00128939372057481
3.9,-0.00471168717824934,0.0070137988388218,0.0013121027832503
3.93333333333333,-0.00475403135334262,0.00709410832318958,0.00133499698255055
3.96666666666667,-0.00479628245540208,0.00717445110759181,0.00135807165142914
4,-0.00483844152597068,0.00725482731973554,0.00138132231317742
4.03333333333333,-0.0048805096277558,0.00733523704739544,0.00140474475381097
4.06666666666667,-0.00492248784202161,0.00741568032578411,0.00142833508917231
4.1,-0.00496437726554333,0.00749615712560983,0.00145208982749012
4.13333333333333,-0.00500617900755124,0.00757666734210998,0.00147600592468052
4.16666666666667,-0.00504789418628872,0.00765721078522494,0.00150008083315229
4.2,-0.00508952392562017,0.00773778717033817,0.00152431254586321
4.23333333333333,-0.00513106935114576,0.00781839610912157,0.00154869963998224
4.26666666666667,-0.00517253158684473,0.00789903710383549,0.00157324130001309
4.3,-0.00521391175079729,0.00797970954498317,0.00159793732644027
4.33333333333333,-0.00525521095154259,0.00806041271112309,0.00162278813131068
4.36666666666667,-0.00529643028410898,0.00814114577122223,0.00164779472247164
4.4,-0.00533757082614986,0.00822190778930406,0.00167295867668365
4.43333333333333,-0.00537863363406271,0.00830269773157349,0.00169828210149627
4.46666666666667,-0.00541961973927705,0.0083835144755661,0.00172376758788363
4.5,-0.00546053014453333,0.00846435682153208,0.00174941815348646
4.53333333333333,-0.00550136582039663,0.0085452235054186,0.00177523717907281
4.56666666666667,-0.00554212770182819,0.0086261132136658,0.00180122833795163
4.6,-0.00558281668501046,0.00870702459906019,0.00182739552157527
4.63333333333333,-0.00562343362421286,0.00878795629784958,0.00185374276113448
4.66666666666667,-0.00566397932797299,0.00886890694738776,0.00188027415091723
4.7,-0.00570445455486968,0.00894987520432255,0.0019069937724524
4.73333333333333,-0.00574486001092688,0.00903085976268704,0.00193390561633749
4.76666666666667,-0.00578519634771854,0.00911185937216179,0.00196101350341498
4.8,-0.00582546416074176,0.00919287285533268,0.00198832101207709
4.83333333333333,-0.00586566398825588,0.00927389912448934,0.00201583140844501
4.86666666666667,-0.00590579631050889,0.00935493719707253,0.00204354758368587
4.9,-0.00594586154941603,0.00943598620994896,0.00207147199727125
4.93333333333333,-0.00598586006860841,0.0095170454331322,0.00209960662345409
4.96666666666667,-0.00602579217410906,0.00959811428368485,0.00212795289685185
5,-0.00606565811487123,0.00967919233501988,0.00215651168083081
5.03333333333333,-0.00610545808456347,0.00976027932229159,0.00218528325097445
5.06666666666667,-0.00614519222302617,0.00984137514490817,0.002214267292957
5.1,-0.00618486061839718,0.00992247986588149,0.00224346291282255
5.13333333333333,-0.0062244633095568,0.0100035937080131,0.00227286866021937
5.16666666666667,-0.00626400028889201,0.0100847170468832,0.00230248256428622
5.2,-0.00630347150532956,0.0101658504009152,0.00233230218068733
5.23333333333333,-0.00634287686771196,0.0102469944184326,0.00236232464956849
5.26666666666667,-0.00638221624835698,0.0103281498622628,0.00239254676206235
5.3,-0.00642148948690668,0.0104093175917742,0.00242296503524778
5.33333333333333,-0.00646069639432429,0.010490498543118,0.00245357579233112
5.36666666666667,-0.00649983675710276,0.0105716937075329,0.0024843752482935
5.4,-0.00653891034158875,0.010652904108632,0.00251535959717058
5.43333333333333,-0.00657791689843991,0.0107341307785111,0.00254652510154105
5.46666666666667,-0.00661685616716384,0.0108153747336703,0.00257786818012106
5.5,-0.00665572788071331,0.0108966369505829,0.00260938549430128
5.53333333333333,-0.00669453177012931,0.0109779183419064,0.00264107402955646
5.56666666666667,-0.00673326756916642,0.0110592197331826,0.0026729311727165
5.6,-0.00677193501893229,0.0111405418409622,0.00270495478131705
5.63333333333333,-0.00681053387244052,0.0112218852522361,0.00273714324604281
5.66666666666667,-0.00684906389914399,0.0113032504059944,0.00276949554297927
5.7,-0.00688752488931913,0.0113846375768039,0.00280201127677613
5.73333333333333,-0.00692591665845673,0.0114660468597056,0.00283469071745837
5.76666666666667,-0.00696423905105051,0.0115474781548223,0.00286753483904973
5.8,-0.0070024919453253,0.0116289311581398,0.00290054533030047
5.83333333333333,-0.00704067525629666,0.0117104053582621,0.00293372458544657
5.86666666666667,-0.0070787889397389,0.0117919000370936,0.00296707567754187
5.9,-0.00711683299560987,0.0118734142746992,0.00300060231733328
5.93333333333333,-0.00715480747153093,0.0119549469582556,0.00303430879700991
5.96666666666667,-0.00719271246780782,0.0120364967947828,0.00306819991698501
6,-0.00723054814172733,0.0121180623279812,0.00310228090023819
6.03333333333333,-0.00726831470996968,0.0121996419579199,0.00313655730210942
6.06666666666667,-0.00730601245058644,0.0122812339638421,0.00317103491125019
6.1,-0.00734364170460563,0.0123628365298415,0.00320571964277885
6.13333333333333,-0.00738120287718685,0.0124444477721203,0.00324061742899177
6.16666666666667,-0.00741869643831707,0.0125260657682847,0.00327573410598708
6.2,-0.00745612292307721,0.0126076885873056,0.0033110753014891
6.23333333333333,-0.00749348293144827,0.0126893143204051,0.0033466463229486
6.26666666666667,-0.00753077712766867,0.0127709411115904,0.00338245205074754
6.3,-0.0075680062391513,0.0128525671880816,0.00341849683545035
6.33333333333333,-0.0076051710549442,0.0129341908893919,0.0034547844037157
6.36666666666667,-0.00764227242377482,0.0130158106953053,0.00349131777165947
6.4,-0.00767931125164355,0.0130974252516134,0.00352809916978882
6.43333333333333,-0.00771628849902854,0.0131790333938129,0.0035651299783371
6.46666666666667,-0.00775320517765649,0.0132606341678262,0.00360241067626119
6.5,-0.00779006234678352,0.0133422268491662,0.00363994079843521
6.53333333333333,-0.00782686110983284,0.0134238109627159,0.00367771889108276
6.56666666666667,-0.00786360260897162,0.0135053862961101,0.00371574249610532
6.6,-0.00790028802136386,0.0135869529049484,0.00375400816196315
6.63333333333333,-0.00793691855397936,0.0136685111131089,0.00379251147507604
6.66666666666667,-0.00797349543812426,0.013750061507966,0.00383124710935328
6.7,-0.00801001992406411,0.0138316049303266,0.00387020889315444
6.73333333333333,-0.00804649327513343,0.0139131424595687,0.00390938989265171
6.76666666666667,-0.00808291676170532,0.0139946753938702,0.0039487825106664
6.8,-0.00811929165495891,0.0140762052263653,0.00398837859764771
6.83333333333333,-0.0081556192204494,0.0141577336170983,0.00402816957483886
6.86666666666667,-0.00819190071158371,0.0142392623619766,0.00406814656481629
6.9,-0.00822813736294593,0.0143207933585347,0.00410830052993853
6.93333333333333,-0.00826433038362814,0.0144023285699729,0.00414862241307367
6.96666666666667,-0.00830048095046104,0.0144838699872279,0.00418910328160075
7,-0.00833659020136351,0.0145654195906797,0.00422973446866624
7.03333333333333,-0.00837265922864977,0.0146469793112123,0.00427050771309526
7.06666666666667,-0.00840868907257157,0.0147285509922548,0.0043114152919677
7.1,-0.00844468071488717,0.0148101363525111,0.00435245014752204
7.13333333333333,-0.00848063507277879,0.0148917369509159,0.00439360600279341
7.16666666666667,-0.00851655299287603,0.014973354153555,0.00443487746772878
7.2,-0.0085524352457349,0.0150549891039066,0.00447626013088015
7.23333333333333,-0.00858828252017701,0.0151366426961446,0.00451775063914968
7.26666666666667,-0.00862409541585785,0.0152183155530173,0.00455934676399115
7.3,-0.00865987443610982,0.0153000080062475,0.00460104745743049
7.33333333333333,-0.00869561998330947,0.0153817200777623,0.00464285289959878
7.36666666666667,-0.00873133235633083,0.0154634514666014,0.00468476452287434
7.4,-0.00876701174805687,0.0155452015471748,0.00472678499837712
7.43333333333333,-0.00880265824325601,0.0156269693741541,0.00476891820063985
7.46666666666667,-0.00883827181818245,0.0157087536934137,0.00481116915038263
7.5,-0.00887385234046088,0.0157905529594578,0.00485354393712092
7.53333333333333,-0.00890939957003656,0.015872365358354,0.00489604962379384
7.56666666666667,-0.0089449131609354,0.0159541888363249,0.00493869413377764
7.6,-0.00898039266386505,0.0160360211327258,0.00498148612468838
7.63333333333333,-0.00901583752965611,0.0161178598175716,0.00502443484871493
7.66666666666667,-0.00905124711346961,0.0161997023319489,0.00506755000521369
7.7,-0.00908662067981959,0.0162815460315769,0.0051108415847867
7.73333333333333,-0.00912195740823369,0.0163633882316033,0.00515431971141282
7.76666666666667,-0.00915725639969949,0.0164452262529911,0.00519799448128948
7.8,-0.00919251668359292,0.0165270574684909,0.00524187580533233
7.83333333333333,-0.00922773722534126,0.0166088793486169,0.00528597325351482
7.86666666666667,-0.00926291693440559,0.016690689505669,0.00533029590790492
7.9,-0.00929805467292534,0.0167724857362397,0.00537485222228378
7.93333333333333,-0.00933314926452172,0.0168542660604097,0.00541964989470939
7.96666666666667,-0.00936819950367375,0.0169360287580349,0.00546469575082621
8,-0.00940320416510037,0.0170177724005863,0.00550999564346379
8.03333333333333,-0.00943816201361244,0.0170994958788705,0.0055555543663959
8.06666666666667,-0.00947307181366368,0.0171811984267389,0.00560137558296712
8.1,-0.00950793234001102,0.0172628796453917,0.00564746175281702
8.13333333333333,-0.00954274238691292,0.0173445395195169,0.00569381408779926
8.16666666666667,-0.009577500778223,0.0174261784206859,0.00574043254636867
8.2,-0.00961220637744626,0.0175077971036517,0.00578731584999914
8.23333333333333,-0.00964685809724233,0.0175893966952609,0.00583446152281191
8.26666666666667,-0.00968145490880943,0.0176709786760192,0.00588186595298767
8.3,-0.00971599585111612,0.0177525448545997,0.00592952447458173
8.33333333333333,-0.00975048003955891,0.0178340973362167,0.0059774314671319
8.36666666666667,-0.00978490667444527,0.0179156384847514,0.00602558047225392
8.4,-0.00981927504882796,0.0179971708802692,0.00607396432266501
8.43333333333333,-0.00985358455596541,0.0180786972716693,0.00612257528358571
8.46666666666667,-0.00988783469611703,0.0181602205265417,0.0061714052005399
8.5,-0.00992202508283897,0.0182417435778585,0.00622044565416476
8.53333333333333,-0.00995615545022255,0.0183232693698833,0.00626968811258186
8.56666666666667,-0.00999022566258858,0.0184048008023976,0.00631912408160464
8.6,-0.0100242357203533,0.018486340677027,0.00636874525176946
8.63333333333333,-0.0100581857627912,0.01856789164273,0.00641854364959254
8.66666666666667,-0.0100920760700189,0.0186494561452754,0.0064685117753952
8.7,-0.0101259070637014,0.018731036378803,0.00651864273428364
8.73333333333333,-0.0101596793067468,0.0188126342417606,0.00656893035348756
8.76666666666667,-0.0101933935016656,0.0188942512970372,0.0066193692874171
8.8,-0.0102270504880272,0.0189758887378513,0.00666995510564894
8.83333333333333,-0.0102606512385667,0.0190575473589754,0.0067206843661354
8.86666666666667,-0.0102941968545825,0.0191392275315014,0.00677155467809587
8.9,-0.0103276885593708,0.0192209291783695,0.00682256476456562
8.93333333333333,-0.0103611276928644,0.0193026517644092,0.00687371448122954
8.96666666666667,-0.0103945157023451,0.0193843942988738,0.00692500480589562
9,-0.0104278541347705,0.0194661553464717,0.00697643780209762
9.03333333333333,-0.0104611446274065,0.0195479330472573,0.00702801656131029
9.06666666666667,-0.0104943888978969,0.0196297251447667,0.00707974512424594
9.1,-0.0105275887337813,0.0197115290222682,0.00713162838199173
9.13333333333333,-0.0105607459816943,0.0197933417456816,0.00718367196104041
9.16666666666667,-0.0105938625359428,0.0198751601132596,0.00723588209270262
9.2,-0.010626940327045,0.0199569807099198,0.00728826547214579
9.23333333333333,-0.0106599813098333,0.0200387999664811,0.00734082910712996
9.26666666666667,-0.0106929874516204,0.0201206142212557,0.00739358016286014
9.3,-0.0107259607201637,0.0202024197844185,0.00744652580226551
9.33333333333333,-0.0107589030717721,0.0202842130023746,0.00749967302881798
9.36666666666667,-0.0107918164394245,0.0203659903226923,0.007553028530517
9.4,-0.0108247027211001,0.0204477483567985,0.00760659853227294
9.43333333333333,-0.0108575637683089,0.0205294839410899,0.00766038865481389
9.46666666666667,-0.0108904013748952,0.0206111941938133,0.00771440378697773
9.5,-0.010923217266206,0.0206928765683798,0.00776864796924377
9.53333333333333,-0.0109560130885845,0.0207745289007658,0.00782312429459642
9.56666666666667,-0.0109887903993742,0.0208561494515977,0.00787783482455324
9.6,-0.0110215506572945,0.0209377369411349,0.00793278052497177
9.63333333333333,-0.0110542952132802,0.0210192905811863,0.00798796121050566
9.66666666666667,-0.0110870253028057,0.021100810106091,0.00804337549053943
9.7,-0.0111197420363575,0.0211822957878983,0.00809902076006016
9.73333333333333,-0.011152446393722,0.0212637484363982,0.00815489322504281
9.76666666666667,-0.0111851392168653,0.0213451693895616,0.00821098795430056
9.8,-0.0112178212034928,0.0214265604936374,0.008267298956323
9.83333333333333,-0.0112504928986825,0.0215079240734088,0.00832381928277315
9.86666666666667,-0.0112831546850388,0.0215892628930094,0.00838054115639159
9.9,-0.0113158067785604,0.0216705801081043,0.00843745611103313
9.93333333333333,-0.011348449226583,0.0217518792113007,0.00849455514368323
9.96666666666667,-0.0113810819065486,0.0218331639697309,0.00855182888254335
10,-0.0114137045260359,0.0219144383584814,0.00860926776092104
10.0333333333333,-0.0114463166240475,0.0219957064890175,0.00866686219895828
10.0666666666667,-0.0114789175734135,0.0220769725356572,0.00872460278551515
10.1,-0.0115115065844158,0.0221582406597379,0.00878248046098489
10.1333333333333,-0.0115440827095387,0.0222395149345902,0.00884048669335125
10.1666666666667,-0.0115766448493361,0.0223207992707462,0.00889861364911827
10.2,-0.011609191759389,0.0224020973445448,0.00895685435139794
10.2333333333333,-0.0116417220582512,0.0224834125294459,0.0090152028273169
10.2666666666667,-0.0116742342364069,0.0225647478329954,0.00907365423767525
10.3,-0.0117067266660656,0.0226461058387574,0.0091322049911857
10.3333333333333,-0.0117391976118552,0.022727488655756,0.00919085283728491
10.3666666666667,-0.0117716452421862,0.0228088978748332,0.00924959693974094
10.4,-0.0118040676413712,0.0228903345337539,0.00930843792684749
10.4333333333333,-0.011836462822429,0.0229717990863822,0.00936737793024233
10.4666666666667,-0.0118688287393099,0.0230532913735962,0.00942642061986579
10.5,-0.0119011633023469,0.0231348106134393,0.00948557118767386
10.5333333333333,-0.0119334643903186,0.0232163554088101,0.00954483629347613
10.5666666666667,-0.0119657298652877,0.0232979237662613,0.00960422398146786
10.6,-0.0119979575870521,0.0233795131263948,0.00966374357072313
10.6333333333333,-0.012030145427203,0.0234611204055602,0.00972340552078356
10.6666666666667,-0.0120622912836611,0.0235427420472176,0.00978322127561847
10.7,-0.0120943930949118,0.0236243740829346,0.00984320308732296
10.7333333333333,-0.0121264488541175,0.0237060122005353,0.0099033638256008
10.7666666666667,-0.0121584566230508,0.0237876518195459,0.00996371677297553
10.8,-0.0121904145456314,0.02386928817078,0.010024275413738
10.8333333333333,-0.0122223208612154,0.023950916380447,0.0100850532156468
10.8666666666667,-0.0122541739172915,0.0240325315552338,0.0101460634133411
10.9,-0.0122859721818609,0.024114128868962,0.0102073187916975
10.9333333333333,-0.012317714255035,0.0241957036471621,0.0102688314783575
10.9666666666667,-0.0123493988802521,0.0242772514503298,0.0103306127430223
11,-0.0123810249545377,0.024358768152344,0.0103926728124006
11.0333333333333,-0.0124125915383101,0.0244402500148882,0.0104550206980233
11.0666666666667,-0.0124440978640776,0.0245216937546973,0.010517664044951
11.1,-0.0124755433450245,0.0246030966045137,0.0105806089978268
11.1333333333333,-0.0125069275864652,0.0246844563646032,0.0106438600878302
11.1666666666667,-0.0125382503985887,0.0247657714467261,0.0107074201376898
11.2,-0.0125695118018182,0.0248470409097925,0.0107712901963808
11.2333333333333,-0.0126007120316148,0.0249282644956808,0.0108354694754933
11.2666666666667,-0.0126318515375499,0.025009442649165,0.0108999553300905
11.3,-0.0126629309862665,0.0250905765155899,0.0109647432866322
11.3333333333333,-0.0126939512594391,0.0251716679248365,0.011029827107826
11.3666666666667,-0.0127249134505823,0.0252527193626106,0.011095198886865
11.4,-0.0127558188609843,0.0253337339290319,0.0111608491701746
11.4333333333333,-0.0127866689935922,0.0254147152850223,0.0112267671082557
11.4666666666667,-0.0128174655453996,0.0254956675885504,0.0112929406287452
11.5,-0.0128482103984154,0.0255765954205977,0.0113593566313939
11.5333333333333,-0.0128789056091275,0.0256575037039651,0.0114260011975673
11.5666666666667,-0.0129095533965687,0.0257383976145644,0.0114928598145964
11.6,-0.0129401561291979,0.0258192824889854,0.0115599176059343
11.6333333333333,-0.0129707163104082,0.0259001637277498,0.0116271595684923
11.6666666666667,-0.0130012365631858,0.0259810466984173,0.0116945708071627
11.7,-0.0130317196134946,0.0260619366377436,0.0117621367688184
11.7333333333333,-0.0130621682731561,0.0261428385571209,0.0118298434656215
11.7666666666667,-0.0130925854216034,0.0262237571503644,0.0118976776906189
11.8,-0.0131229739874814,0.026304696707856,0.0119656272159313
11.8333333333333,-0.0131533369293081,0.0263856610360729,0.0120336809769049
11.8666666666667,-0.0131836772163237,0.0264666533860613,0.0121018292335375
11.9,-0.0132139978086206,0.0265476763899551,0.0121700637126064
11.9333333333333,-0.0132443016377802,0.0266287320084587,0.0122383777232357
11.9666666666667,-0.0132745915870348,0.0267098214883799,0.0123067662494849
12,-0.0133048704724077,0.026790945327324,0.0123752260251087
12.0333333333333,-0.0133351410223545,0.0268721032403218,0.0124437556047891
12.0666666666667,-0.0133654058619094,0.0269532941511374,0.0125123553765164
12.1,-0.0133956674919577,0.0270345162051902,0.0125810275327453
12.1333333333333,-0.0134259282734497,0.0271157667969606,0.012649776005871
12.1666666666667,-0.0134561904108763,0.02719704261216,0.0127186063740422
12.2,-0.0134864559366954,0.0272783396833776,0.0127875257387351
12.2333333333333,-0.0135167266969004,0.0273596534589088,0.0128565425749454
12.2666666666667,-0.0135470043378564,0.027440978882009,0.0129256665601237
12.3,-0.0135772902940417,0.027522310480705,0.0129949083822569
12.3333333333333,-0.0136075857773532,0.0276036424643493,0.0130642795347579
12.3666666666667,-0.0136378917674951,0.0276849688273535,0.0131337920979205
12.4,-0.0136682090021633,0.0277662834556066,0.0132034585179085
12.4333333333333,-0.0136985379624828,0.0278475802364025,0.0132732913862425
12.4666666666667,-0.0137288788621327,0.0279288531670734,0.0133433032211162
12.5,-0.0137592316447487,0.0280100964630838,0.0134135062442434
12.5333333333333,-0.0137895959828979,0.0280913046614484,0.0134839121688365
12.5666666666667,-0.0138199712790552,0.0281724727199069,0.0135545319972297
12.6,-0.0138503566686385,0.0282535961080575,0.0136253758358534
12.6333333333333,-0.0138807510253277,0.0283346708913273,0.0136964527252797
12.6666666666667,-0.0139111529679692,0.0284156938040477,0.0137677704935639
12.7,-0.0139415608698436,0.0284966623127985,0.0138393356293712
12.7333333333333,-0.0139719728692538,0.0285775746670723,0.0139111531817315
12.7666666666667,-0.0140023868820532,0.0286584299433769,0.0139832266728665
12.8,-0.0140328006171039,0.0287392280868296,0.0140555580146453
12.8333333333333,-0.0140632115892813,0.0288199699274011,0.0141281474805935
12.8666666666667,-0.0140936171389111,0.02890065717123,0.0142009937228752
12.9,-0.014124014449373,0.0289812923760832,0.0142740938232889
12.9333333333333,-0.0141544005658118,0.0290618789104157,0.0143474433758963
12.9666666666667,-0.0141847724161024,0.0291424208964152,0.0144210365988406
13,-0.014215126831311,0.0292229231391309,0.014494866473313
13.0333333333333,-0.0142454605676166,0.0293033910418075,0.0145689249070194
13.0666666666667,-0.0142757703280893,0.0293838305107721,0.0146432029165522
13.1,-0.0143060527852425,0.0294642478496958,0.0147176908277785
13.1333333333333,-0.0143363046033181,0.0295446496476337,0.0147923784861315
13.1666666666667,-0.0143665224609403,0.0296250426602941,0.014867255477094
13.2,-0.0143967030733237,0.0297054336896028,0.0149423113474021
13.2333333333333,-0.01442684321445,0.0297858294606682,0.0150175358283285
13.2666666666667,-0.0144569397386598,0.029866236501472,0.0150929190510039
13.3,-0.0144869896018264,0.0299466610241177,0.0151684517560699
13.3333333333333,-0.0145169898818258,0.0300271088128504,0.0152441254877779
13.3666666666667,-0.0145469377982356,0.0301075851175238,0.0153199327754823
13.4,-0.0145768307312241,0.0301880945572971,0.0153958672934233
13.4333333333333,-0.0146066662393568,0.0302686410332227,0.0154719240020564
13.4666666666667,-0.014636442076497,0.0303492276538181,0.015548099263104
13.5,-0.0146661562073573,0.030429856672413,0.0156243909315409
13.5333333333333,-0.0146958068221432,0.0305105294386677,0.0157007984198324
13.5666666666667,-0.0147253923492028,0.0305912463543487,0.0157773227551105
13.6,-0.0147549114671171,0.0306720068378296,0.01585396661942
13.6333333333333,-0.0147843631156649,0.0307528093214502,0.015930734327237
13.6666666666667,-0.0148137465033629,0.0308336512729864,0.0160076317601832
13.7,-0.0148430611198744,0.0309145292341794,0.0160846662654543
13.7333333333333,-0.0148723067516059,0.0309954388767861,0.0161618465191611
13.7666666666667,-0.0149014834882285,0.0310763750774293,0.0162391823638974
13.8,-0.0149305917242049,0.0311573320044674,0.0163166846300569
13.8333333333333,-0.0149596321582674,0.0312383032210204,0.0163943649305128
13.8666666666667,-0.0149886057909376,0.0313192817976335,0.0164722354413269
13.9,-0.0150175139196334,0.0314002604351568,0.0165503086679794
13.9333333333333,-0.0150463581319026,0.031481231593251,0.0166285972055049
13.9666666666667,-0.0150751402964729,0.0315621876246644,0.0167071134926219
14,-0.0151038625524788,0.0316431209098538,0.0167858695698501
14.0333333333333,-0.0151325272967593,0.0317240239928685,0.0168648768399329
14.0666666666667,-0.0151611371694537,0.0318048897127371,0.0169441458411666
14.1,-0.0151896950379632,0.0318857113316328,0.0170236860310281
14.1333333333333,-0.0152182039793808,0.0319664826543019,0.0171035055902091
14.1666666666667,-0.0152466672616052,0.0320471981401805,0.0171836112439466
14.2,-0.0152750883231338,0.0321278530032549,0.0172640081096495
14.2333333333333,-0.015303470751865,0.0322084433010775,0.0173446995675586
14.2666666666667,-0.0153318182628228,0.0322889660088084,0.0174256871618617
14.3,-0.0153601346752099,0.0323694190797258,0.0175069705288166
14.3333333333333,-0.0153884238883081,0.0324498014952491,0.0175885473462952
14.3666666666667,-0.0154166898591836,0.0325301133136892,0.0176704132848917
14.4,-0.0154449365742843,0.0326103556867978,0.0177525620242741
14.4333333333333,-0.0154731680284758,0.0326905308462277,0.0178349853181253
14.4666666666667,-0.0155013881985388,0.0327706420697793,0.017917673100102
14.5,-0.015529601018089,0.0328506936277649,0.0180006136235064
14.5333333333333,-0.0155578103533975,0.032930690710568,0.0180837936325994
14.5666666666667,-0.0155860199787437,0.0330106393380837,0.0181671985649442
14.6,-0.0156142335524753,0.0330905462543629,0.0182508127772193
14.6333333333333,-0.0156424545935776,0.0331704188075274,0.0183346197941408
14.6666666666667,-0.0156706864589242,0.0332502648197601,0.0184186025712817
14.7,-0.0156989323212495,0.0333300924470454,0.0185027437720989
14.7333333333333,-0.0157271951481884,0.0334099100344485,0.018587026048244
14.7666666666667,-0.0157554776821233,0.033489725966182,0.0186714323246788
14.8,-0.0157837824214644,0.033569548516763,0.0187559460777386
14.8333333333333,-0.015812111602848,0.0336493857021286,0.0188405516087437
14.8666666666667,-0.0158404671850924,0.0337292451370531,0.018925234301273
14.9,-0.015868850834195,0.0338091338974707,0.0190099808654925
14.9333333333333,-0.0158972639103707,0.0338890583936632,0.0190947795583946
14.9666666666667,-0.0159257074559295,0.0339690242527791,0.0191796203841021
15,-0.0159541821802449,0.0340490362160845,0.0192644952681629
15.0333333333333,-0.0159826884402166,0.0341290980494466,0.0193493982102421
15.0666666666667,-0.016011226232163,0.034209212470154,0.0194343253969725
15.1,-0.0160397951890325,0.0342893810916829,0.0195192752778241
15.1333333333333,-0.0160683945801162,0.0343696043759347,0.0196042486252319
15.1666666666667,-0.0160970233122944,0.0344498815923705,0.0196892485810316
15.2,-0.0161256799377603,0.0345302108166185,0.0197742806284837
15.2333333333333,-0.0161543626582988,0.0346105889590505,0.0198593525155521
15.2666666666667,-0.0161830693375442,0.0346910118146481,0.0199444741358842
15.3,-0.0162117975135338,0.0347714741347452,0.0200296573732383
15.3333333333333,-0.0162405444137066,0.03485196971816,0.020114915912356
15.3666666666667,-0.0162693069726538,0.0349324915212717,0.0202002650171855
15.4,-0.0162980818518197,0.0350130317827063,0.0202857212849527
15.4333333333333,-0.0163268654612725,0.0350935821627254,0.0203713023760721
15.4666666666667,-0.0163556539832484,0.0351741338915234,0.0204570267303601
15.5,-0.0163844433974898,0.0352546779270027,0.0205429132686898
15.5333333333333,-0.0164132295077737,0.0353352051153312,0.0206289810921928
15.5666666666667,-0.0164420079700576,0.0354157063553435,0.0207152491768769
15.6,-0.0164707743211961,0.0354961727597216,0.0208017360765998
15.6333333333333,-0.0164995240090497,0.0355765958144321,0.0208884596311519
15.6666666666667,-0.0165282524225729,0.0356569675294955,0.0209754366923006
15.7,-0.0165569549230331,0.0357372805828253,0.0210626828637599
15.7333333333333,-0.0165856268746623,0.0358175284507846,0.0211502122670566
15.7666666666667,-0.0166142636761504,0.0358977055272603,0.0212380373288721
15.8,-0.0166428607910832,0.0359778072258177,0.0213261686003074
15.8333333333333,-0.0166714137789155,0.0360578300665912,0.0214146146036855
15.8666666666667,-0.016699918324465,0.0361377717438712,0.0215033817149472
15.9,-0.0167283702670874,0.0362176311821543,0.0215924740672872
15.9333333333333,-0.0167567656311177,0.0362974085882425,0.0216818934618642
15.9666666666667,-0.0167851006489035,0.0363771054677169,0.0217716393451359
16,-0.0168133717905842,0.0364567246044256,0.0218617088432941
16.0333333333333,-0.0168415757880113,0.0365362700164807,0.021952096840252
16.0666666666667,-0.0168697096570116,0.0366157468889435,0.0220427960950316
16.1,-0.0168977707200969,0.0366951614835562,0.0221337973957719
16.1333333333333,-0.0169257566256555,0.0367745210289322,0.0222250897471758
16.1666666666667,-0.0169536653663137,0.0368538335913839,0.0223166605885367
16.2,-0.0169814952946778,0.0369331079315237,0.0224084960347427
16.2333333333333,-0.017009245137402,0.0370123533463428,0.0225005811396549
16.2666666666667,-0.0170369140080789,0.0370915795033905,0.0225929001702397
16.3,-0.017064501426806,0.0371707962659367,0.0226854368871817
16.3333333333333,-0.0170920073380173,0.0372500135177208,0.0227781748241173
16.3666666666667,-0.017119432115088,0.037329240983706,0.0228710975799293
16.4,-0.0171467765604803,0.0374084880565761,0.0229641891014749
16.4333333333333,-0.0171740419032505,0.0374877636271853,0.0230574339584311
16.4666666666667,-0.0172012297932628,0.0375670759250547,0.0231508176009786
16.5,-0.0172283422917739,0.037646432368151,0.0232443266020695
16.5333333333333,-0.0172553818594613,0.0377258394284417,0.0233379488732278
16.5666666666667,-0.0172823513407495,0.0378053025110907,0.0234316738585735
16.6,-0.0173092539459948,0.0378848258532642,0.0235254926966358
16.6333333333333,-0.0173360932301248,0.0379644124405974,0.0236193983545898
16.6666666666667,-0.0173628730697871,0.0380440639445058,0.0237133857287044
16.7,-0.01738959763633,0.0381237806660491,0.0238074517363101
16.7333333333333,-0.0174162713692406,0.0382035614952548,0.0239015953818094
16.7666666666667,-0.0174428989462555,0.0382834039167833,0.0239958177505644
16.8,-0.0174694852505704,0.0383633040487208,0.0240901219523107
16.8333333333333,-0.0174960353391854,0.0384432567055695,0.0241845130260054
16.8666666666667,-0.0175225544090734,0.0385232554865874,0.0242789978071314
16.9,-0.0175490477618391,0.0386032928879718,0.024373584759797
16.9333333333333,-0.0175755207691388,0.0386833604348505,0.0244682837787799
16.9666666666667,-0.0176019788365772,0.0387634488328501,0.0245631059638446
17,-0.0176284273685008,0.0388435481331828,0.0246580633744481
17.0333333333333,-0.0176548717322118,0.0389236479115813,0.0247531687655746
17.0666666666667,-0.0176813172232119,0.0390037374536207,0.0248484353154643
17.1,-0.0177077690305514,0.0390838059474103,0.0249438763444347
17.1333333333333,-0.0177342322034156,0.0391638426754126,0.0250395050369864
17.1666666666667,-0.0177607116184154,0.0392438372069732,0.0251353341650608
17.2,-0.0177872119482707,0.0393237795831673,0.0252313758250528
17.2333333333333,-0.0178137376317417,0.0394036604959996,0.0253276411853693
17.2666666666667,-0.0178402928450666,0.0394834714539682,0.0254241402566705
17.3,-0.0178668814751214,0.0395632049362689,0.0255208816808806
17.3333333333333,-0.0178935070941738,0.0396428545285136,0.0256178725499017
17.3666666666667,-0.0179201729367621,0.0397224150422305,0.0257151182498425
17.4,-0.0179468818782408,0.0398018826122476,0.0258126223399062
17.4333333333333,-0.0179736364157532,0.039881254774532,0.0259103864610632
17.4666666666667,-0.0180004386508773,0.03996053053085,0.0260084102649133
17.5,-0.0180272902763827,0.0400397104069594,0.0261066913505307
17.5333333333333,-0.0180541925599656,0.0401187964618833,0.0262052252791202
17.5666666666667,-0.0180811463350777,0.0401977922584939,0.0263040056429077
17.6,-0.0181081519766316,0.0402767028085529,0.0264030241827747
17.6333333333333,-0.0181352093893332,0.0403555344853033,0.0265022709454783
17.6666666666667,-0.0181623180067853,0.0404342949160027,0.0266017344623884
17.7,-0.0181894767933439,0.0405129928467342,0.0267014019665415
17.7333333333333,-0.0182166842490937,0.0405916379877697,0.0268012596347069
17.7666666666667,-0.0182439384186281,0.0406702408402958,0.026901292852429
17.8,-0.0182712369025761,0.040748812509878,0.0270014864943298
17.8333333333333,-0.0182985768726796,0.0408273645071065,0.0271018252182497
17.8666666666667,-0.0183259550895457,0.0409059085433439,0.0272022937617244
17.9,-0.0183533679235309,0.0409844563205224,0.0273028772420441
17.9333333333333,-0.0183808113781336,0.0410630193238592,0.0274035614469977
17.9666666666667,-0.0184082811160299,0.0411416086158202,0.0275043331188516
18,-0.0184357724873562,0.0412202346401813,0.0276051802187408
18.0333333333333,-0.0184632805600943,0.041298907034113,0.0277060921749474
18.0666666666667,-0.0184908001523652,0.0413776344565689,0.027807060103127
18.1,-0.0185183258662554,0.0414564244307055,0.0279080770025045
18.1333333333333,-0.0185458521231536,0.0415352832075762,0.0280091379176609
18.1666666666667,-0.0185733732000468,0.0416142156488787,0.0281102400700243
18.2,-0.0186008832668847,0.0416932251345842,0.0282113829507849
18.2333333333333,-0.0186283764246303,0.0417723134918326,0.0283125683813068
18.2666666666667,-0.0186558467423743,0.0418514809337833,0.0284138005591618
18.3,-0.0186832882972417,0.0419307260158952,0.0285150860765272
18.3333333333333,-0.0187106952129836,0.0420100456480896,0.0286164338574923
18.3666666666667,-0.0187380616952432,0.0420894351438679,0.0287178550442476
18.4,-0.0187653820712894,0.0421688882980769,0.0288193628397732
18.4333333333333,-0.0187926508258238,0.0422483974944886,0.0289209723112359
18.4666666666667,-0.0188198626364981,0.0423279538392528,0.0290227001578653
18.5,-0.0188470124085432,0.0424075473194292,0.0291245644451976
18.5333333333333,-0.0188740953077787,0.04248716698069,0.0292265843150703
18.5666666666667,-0.0189011067922759,0.0425668011240413,0.0293287796716347
18.6,-0.018928042642239,0.0426464375136962,0.0294311708552924
18.6333333333333,-0.0189548989882516,0.0427260635966817,0.0295337783037335
18.6666666666667,-0.0189816723373111,0.0428056667251135,0.0296366222136694
18.7,-0.0190083595971471,0.0428852343824456,0.0297397222010622
18.7333333333333,-0.0190349580978958,0.0429647544041638,0.0298430969742038
18.7666666666667,-0.0190614656119886,0.0430442151948422,0.0299467640162358
18.8,-0.0190878803710341,0.0431236059322503,0.0300507392911974
18.8333333333333,-0.0191142010810117,0.0432029167608287,0.0301550369692415
18.8666666666667,-0.0191404269393185,0.0432821389662456,0.0302596691804885
18.9,-0.0191665576607065,0.0433612651317807,0.0303646457917641
18.9333333333333,-0.0191925934892697,0.0434402892745825,0.0304699742232267
18.9666666666667,-0.0192185352008215,0.0435192069549689,0.0305756593114606
19,-0.0192443841012083,0.0435980153627021,0.0306817032094711
19.0333333333333,-0.0192701420211203,0.0436767133871459,0.0307881053130379
19.0666666666667,-0.0192958113098037,0.0437553016792332,0.0308948622004077
19.1,-0.0193213948172261,0.0438337826628698,0.0310019676516001
19.1333333333333,-0.0193468958827897,0.0439121604979232,0.0311094127320803
19.1666666666667,-0.0193723183140153,0.043990441011888,0.0312171859262265
19.2,-0.0193976663627394,0.0440686316000837,0.0313252733154658
19.2333333333333,-0.0194229446998151,0.0441467410952863,0.0314336587986074
19.2666666666667,-0.0194481583852323,0.0442247796115688,0.0315423243489999
19.3,-0.0194733128361503,0.0443027583627165,0.0316512503059506
19.3333333333333,-0.0194984137921751,0.0443806894623186,0.0317604156904025
19.3666666666667,-0.0195234672782037,0.0444585857052565,0.0318697985447058
19.4,-0.0195484795654654,0.0445364603395818,0.0319793762832237
19.4333333333333,-0.0195734571303968,0.04461432682774,0.0320891260552782
19.4666666666667,-0.0195984066125503,0.0446921986072362,0.0321990251055133
19.5,-0.0196233347706574,0.044770088848995,0.0323090511346619
19.5333333333333,-0.0196482484385956,0.0448480102238255,0.0324191826452584
19.5666666666667,-0.0196731544798698,0.044925974674695,0.0325293992765233
19.6,-0.0196980597428376,0.0450039932048147,0.0326396821134499
19.6333333333333,-0.019722971014856,0.0450820756789352,0.0327500139751455
19.6666666666667,-0.0197478949779479,0.045160230646836,0.0328603796688176
19.7,-0.0197728381638352,0.0452384651863799,0.0329707662147841
19.7333333333333,-0.0197978069111803,0.0453167847736137,0.0330811630309599
19.7666666666667,-0.0198228073226664,0.0453951931775353,0.0331915620820206
19.8,-0.0198478452251085,0.0454736923833616,0.0333019579865668
19.8333333333333,-0.0198729261286154,0.0455522825257037,0.0334123481105215
19.8666666666667,-0.0198980551913689,0.0456309618438009,0.0335227326265147
19.9,-0.0199232371842416,0.0457097266981865,0.0336331144895666
19.9333333333333,-0.0199484764563606,0.0457885716308909,0.033743499353614
19.9666666666667,-0.0199737769064551,0.0458674894579147,0.0338538954419119
20,-0.0199991419553287,0.0459464713948675,0.0339643133733118
20.0333333333333,-0.0200245745205974,0.0460255072138924,0.0340747659467061
20.0666666666667,-0.0200500769958912,0.0461045854261041,0.0341852678905266
20.1,-0.0200756512319693,0.0461836934893114,0.0342958355794067
20.1333333333333,-0.0201012985211741,0.046262818032546,0.034406486728864
20.1666666666667,-0.0201270195752322,0.046341945098521,0.034517240072495
20.2,-0.0201528144998808,0.0464210603926581,0.034628115035011
20.2333333333333,-0.0201786827876989,0.0465001495405663,0.0347391313861761
20.2666666666667,-0.0202046233197755,0.0465791983451363,0.0348503088930952
20.3,-0.02023063437073,0.0466581930407981,0.034961666977325
20.3333333333333,-0.0202567136183818,0.0467371205377719,0.0350732243855738
20.3666666666667,-0.0202828581583566,0.0468159686575039,0.0351849988721307
20.4,-0.0203090645223035,0.0468947263485486,0.0352970069079722
20.4333333333333,-0.0203353287010924,0.0469733838865445,0.0354092634106968
20.4666666666667,-0.020361646170978,0.0470519330485568,0.0355217815091645
20.5,-0.0203880119245529,0.0471303672650212,0.0356345723372184
20.5333333333333,-0.020414420503939,0.0472086817415872,0.0357476448678699
20.5666666666667,-0.0204408660383604,0.047286873554399,0.0358610057816826
20.6,-0.0204673422832446,0.0473649417272048,0.0359746593596197
20.6333333333333,-0.0204938426646067,0.0474428872973616,0.0360886073886991
20.6666666666667,-0.0205203603188277,0.0475207133177504,0.0362028491555053
20.7,-0.0205468881448438,0.0475984248095026,0.0363173814974607
20.7333333333333,-0.0205734188484421,0.047676028678833,0.0364321989053152
20.7666666666667,-0.020599944992174,0.0477535335975775,0.0365472936691745
20.8,-0.020626459045038,0.0478309498510256,0.0366626560661769
20.8333333333333,-0.0206529534329834,0.0479082891541772,0.0367782745872619
20.8666666666667,-0.02067942058873,0.0479855644431983,0.036894136194593
20.9,-0.0207058530024342,0.0480627896422162,0.037010226608213
20.9333333333333,-0.0207322432707045,0.0481399794148169,0.0371265306108282
20.9666666666667,-0.0207585841457488,0.0482171488994838,0.0372430323704733
21,-0.0207848685825613,0.0482943134400433,0.0373597157676991
21.0333333333333,-0.0208110897853308,0.0483714883094299,0.0374765647287345
21.0666666666667,-0.0208372412516838,0.0484486884386599,0.0375935635500066
21.1,-0.0208633168153159,0.0485259281485142,0.037710697217025
21.1333333333333,-0.0208893106862899,0.0486032208957804,0.0378279517028925
21.1666666666667,-0.02091521748898,0.0486805790309852,0.0379453142506346
21.2,-0.020941032297549,0.0487580135786636,0.0380627736254755
21.2333333333333,-0.0209667506684268,0.0488355340368453,0.0381803203419617
21.2666666666667,-0.0209923686702171,0.0489131482053732,0.0382979468537295
21.3,-0.0210178829100649,0.0489908620398206,0.0384156477110044
21.3333333333333,-0.0210432905573669,0.0490686795386983,0.0385334196759335
21.3666666666667,-0.0210685893642249,0.0491466026576572,0.0386512618045452
21.4,-0.0210937776792155,0.0492246312342471,0.0387691755184395
21.4333333333333,-0.0211188544679419,0.0493027629473315,0.0388871646284476
21.4666666666667,-0.0211438193364823,0.0493809933434463,0.0390052352719938
21.5,-0.0211686725487131,0.0494593159132756,0.039123395791174
21.5333333333333,-0.0211934150306928,0.0495377221992229,0.0392416565798048
21.5666666666667,-0.0212180483646718,0.0496162019436759,0.0393600298862102
21.6,-0.0212425747811568,0.0496947432710057,0.0394785295763506
21.6333333333333,-0.0212669971452888,0.0497733328995893,0.0395971708643089
21.6666666666667,-0.0212913189392611,0.0498519563784822,0.0397159700162163
21.7,-0.0213155442398418,0.0499305983475698,0.0398349440297993
21.7333333333333,-0.0213396776923574,0.0500092428109602,0.0399541103018313
21.7666666666667,-0.0213637244802064,0.0500878734245045,0.0400734862829651
21.8,-0.0213876902912016,0.0501664737855232,0.0401930891342409
21.8333333333333,-0.0214115812801752,0.0502450277265173,0.0403129353833326
21.8666666666667,-0.0214354040287883,0.0503235196004429,0.0404330405955052
21.9,-0.0214591655024214,0.0504019345601413,0.0405534190560088
21.9333333333333,-0.0214828730047279,0.050480258819793,0.0406740834785812
21.9666666666667,-0.0215065341301058,0.0505584799015597,0.0407950447357908
22,-0.0215301567143514,0.0506365868563167,0.0409163116246498
22.0333333333333,-0.0215537487840567,0.0507145704618555,0.0410378906627295
22.0666666666667,-0.0215773185047473,0.0507924233891024,0.0411597859261941
22.1,-0.0216008741285478,0.0508701403395759,0.0412819989249957
22.1333333333333,-0.0216244239411055,0.0509477181477692,0.041404528522805
22.1666666666667,-0.0216479762087601,0.0510251558674637,0.0415273708773853
22.2,-0.0216715391272398,0.0511024548410193,0.0416505194017218
22.2333333333333,-0.021695120765585,0.0511796186979479,0.0417739648147534
22.2666666666667,-0.0217187290195915,0.051256653296557,0.0418976952565017
22.3,-0.0217423715592235,0.0513335666263682,0.0420216964533441
22.3333333333333,-0.0217660557798112,0.0514103686697987,0.04214595192964
22.3666666666667,-0.0217897887556723,0.0514870712254617,0.0422704432630228
22.4,-0.0218135771942932,0.0515636876989855,0.0423951503766412
22.4333333333333,-0.021837427393393,0.0516402328622102,0.0425200518656787
22.4666666666667,-0.0218613452000585,0.0517167225898354,0.0426451253471695
22.5,-0.0218853359723876,0.0517931735734687,0.0427703478326665
22.5333333333333,-0.0219094045440651,0.0518696030245158,0.0428956961094564
22.5666666666667,-0.0219335551915677,0.0519460283648233,0.0430211471316915
22.6,-0.0219577916048958,0.0520224669178827,0.0431466784054482
22.6333333333333,-0.0219821168610646,0.0520989355985432,0.0432722683706603
22.6666666666667,-0.0220065334016658,0.052175450614401,0.0433978967635048
22.7,-0.0220310430132105,0.0522520271760506,0.043523544963528
22.7333333333333,-0.022055646807849,0.0523286792283522,0.0436491963123773
22.7666666666667,-0.0220803451915088,0.0524054192026392,0.0437748364111207
22.8,-0.0221051378454501,0.0524822577918952,0.0439004533809127
22.8333333333333,-0.0221300237236303,0.0525592037601737,0.0440260380727958
22.8666666666667,-0.0221550010567859,0.0526362637825414,0.0441515842362208
22.9,-0.0221800673600766,0.0527134423179088,0.044277088645516
22.9333333333333,-0.0222052194477216,0.0527907415193854,0.0444025511775291
22.9666666666667,-0.0222304534488868,0.0528681611545528,0.0445279748765888
23,-0.0222557648357135,0.0529456985621397,0.0446533659700849
23.0333333333333,-0.0222811484492921,0.0530233486856436,0.0447787337941961
23.0666666666667,-0.0223065985314606,0.0531011041595945,0.0449040906554017
23.1,-0.0223321087642405,0.0531789554368759,0.0450294516411122
23.1333333333333,-0.0223576723102363,0.0532568909575323,0.0451548343826312
23.1666666666667,-0.0223832818573685,0.0533348973566093,0.045280258772038
23.2,-0.0224089296674384,0.0534129597034931,0.0454057466424427
23.2333333333333,-0.0224346076271038,0.0534910617723299,0.0455313214130672
23.2666666666667,-0.0224603073015609,0.0535691863328015,0.0456570077118363
23.3,-0.0224860199905563,0.0536473154617925,0.0457828309751762
23.3333333333333,-0.0225117367856885,0.0537254308630908,0.0459088170407435
23.3666666666667,-0.0225374486296907,0.0538035141967551,0.046034991730867
23.4,-0.0225631463757885,0.053881547404195,0.0461613804440016
23.4333333333333,-0.0225888208485834,0.0539595130315976,0.0462880077503531
23.4666666666667,-0.0226144629038696,0.0540373945376995,0.0464148970092316
23.5,-0.0226400634895018,0.0541151765892763,0.0465420700030352
23.5333333333333,-0.0226656137041545,0.0541928453312291,0.0466695466045445
23.5666666666667,-0.0226911048566355,0.0542703886350109,0.0467973444716672
23.6,-0.0227165285221796,0.0543477963139138,0.0469254787844848
23.6333333333333,-0.0227418765987815,0.0544250603089157,0.0470539620185348
23.6666666666667,-0.0227671413597423,0.0545021748358486,0.0471828037665906
23.7,-0.02279231550565,0.0545791364981182,0.0473120106021184
23.7333333333333,-0.022817392212047,0.0546559443755546,0.0474415859737004
23.7666666666667,-0.0228423651776164,0.0547326000975052,0.0475715301185109
23.8,-0.0228672286610797,0.0548091078358883,0.0477018400742209
23.8333333333333,-0.0228919775275545,0.0548854742368404,0.0478325097570862
23.8666666666667,-0.0229166072800307,0.0549617083075127,0.0479635300982567
23.9,-0.0229411140923681,0.0550378212575043,0.0480948892304628
23.9333333333333,-0.022965494837409,0.0551138262999433,0.048226572721881
23.9666666666667,-0.0229897471110431,0.0551897384134472,0.0483585638548596
24,-0.0230138692518896,0.0552655740739269,0.0484908439389496
24.0333333333333,-0.0230378603657743,0.0553413509565167,0.0486233926531723
24.0666666666667,-0.0230617203593548,0.0554170876175366,0.0487561884038662
24.1,-0.0230854499531101,0.0554928031621422,0.0488892087055675
24.1333333333333,-0.0231090506794065,0.0555685169003661,0.0490224305788806
24.1666666666667,-0.0231325248759046,0.0556442480005917,0.0491558309500671
24.2,-0.0231558756729075,0.0557200151494813,0.0492893870427801
24.2333333333333,-0.0231791069743081,0.0557958362158399,0.0494230767650191
24.2666666666667,-0.0232022234334974,0.0558717279346775,0.0495568790723923
24.3,-0.0232252304228164,0.0559477056064043,0.0496907743143038
24.3333333333333,-0.0232481339988391,0.0560237828254741,0.0498247445461018
24.3666666666667,-0.0232709408613584,0.0560999712341273,0.0499587738134301
24.4,-0.0232936583092072,0.0561762803131779,0.0500928483942384
24.4333333333333,-0.0233162941901877,0.0562527172057634,0.0502269570047337
24.4666666666667,-0.0233388568488983,0.0563292865834815,0.0503610909573525
24.5,-0.0233613550702811,0.0564059905465756,0.050495244281557
24.5333333333333,-0.0233837980176579,0.0564828285383892,0.0506294138304545
24.5666666666667,-0.0234061951733108,0.0565597973054116,0.0507635993347721
24.6,-0.0234285562763235,0.0566368909453654,0.0508978033598656
24.6333333333333,-0.0234508912522036,0.0567141010056479,0.0510320312110199
24.6666666666667,-0.023473210150108,0.0567914166294218,0.0511662907832076
24.7,-0.0234955230740657,0.0568688247488849,0.0513005923625163
24.7333333333333,-0.0235178401167337,0.0569463103181016,0.0514349483841472
24.7666666666667,-0.0235401712920088,0.0570238565847809,0.0515693731496709
24.8,-0.023562526469801,0.0571014453905644,0.0517038825138564
24.8333333333333,-0.0235849153107144,0.0571790574998648,0.0518384935422714
24.8666666666667,-0.0236073472036472,0.0572566729439206,0.0519732241531795
24.9,-0.0236298312042815,0.0573342713813828,0.0521080927433146
24.9333333333333,-0.0236523759768497,0.0574118324602325,0.0522431178132739
24.9666666666667,-0.0236749897378848,0.0574893361836162,0.0523783175902752
25,-0.0236976802034242,0.0575667632637187,0.0525137096650581
25.0333333333333,-0.0237204545391952,0.0576440954673184,0.0526493106390575
25.0666666666667,-0.023743319314357,0.0577213159375729,0.0527851357984384
25.1,-0.0237662804590874,0.0577984094963721,0.0529211988099456
25.1333333333333,-0.0237893432257819,0.0578753629131847,0.0530575114538959
25.1666666666667,-0.0238125121548219,0.057952165144977,0.0531940833886335
25.2,-0.0238357910439781,0.0580288075352719,0.0533309219596402
25.2333333333333,-0.0238591829229731,0.0581052839767054,0.0534680320475509
25.2666666666667,-0.023882690031449,0.0581815910299237,0.0536054159633351
25.3,-0.0239063138021476,0.0582577280246688,0.0537430733614441
25.3333333333333,-0.0239300548317558,0.0583336971322703,0.0538810011902592
25.3666666666667,-0.0239539128510525,0.0584095033466955,0.0540191937423062
25.4,-0.0239778867246724,0.0584851544020594,0.0541576427597956
25.4333333333333,-0.0240019744549412,0.0585606606432558,0.0542963375883249
25.4666666666667,-0.02402617319309,0.0586360348433324,0.0544352653836905
25.5,-0.0240504792578652,0.0587112919765944,0.0545744113616247
25.5333333333333,-0.0240748881579439,0.0587864489520453,0.0547137590866555
25.5666666666667,-0.0240993946218589,0.0588615243086206,0.0548532907964999
25.6,-0.0241239926320217,0.0589365378840788,0.0549929877504102
25.6333333333333,-0.024148675464962,0.0590115104571611,0.0551328306007041
25.6666666666667,-0.0241734357355457,0.0590864633774171,0.0552727997728329
25.7,-0.0241982654464031,0.0591614181812871,0.0554128758548572
25.7333333333333,-0.0242231560408521,0.0592363962103499,0.0555530399800306
25.7666666666667,-0.0242480984599658,0.0593114182290788,0.055693274205108
25.8,-0.0242730832025515,0.0593865040584605,0.055833561867585
25.8333333333333,-0.0242981003881259,0.0594616722217849,0.0559738879259764
25.8666666666667,-0.024323139822138,0.0595369396182814,0.056114239267023
25.9,-0.0243481910630253,0.0596123212202805,0.0562546049849316
25.9333333333333,-0.0243732434907903,0.0596878298079335,0.0563949766182285
25.9666666666667,-0.0243982863762789,0.0597634757370063,0.0565353483497466
26,-0.024423308951214,0.059839266751369,0.0566757171578174
26.0333333333333,-0.0244483004778713,0.0599152078359602,0.0568160829240604
26.0666666666667,-0.0244732503197679,0.0599913011127925,0.0569564484948758
26.1,-0.0244981480065019,0.0600675457475635,0.0570968197341176
26.1333333333333,-0.0245229833045093,0.0601439379138096,0.0572372055126602
26.1666666666667,-0.0245477462835259,0.0602204708518634,0.0573776176006412
26.2,-0.0245724273767487,0.0602971349829657,0.0575180705055785
26.2333333333333,-0.0245970174441139,0.0603739180759754,0.0576585812554143
26.2666666666667,-0.0246215078303938,0.0604508054645426,0.057799169132657
26.3,-0.0246458904204531,0.0605277803105275,0.0579398553633646
26.3333333333333,-0.0246701576918139,0.0606048239053983,0.0580806627698346
26.3666666666667,-0.0246943027631213,0.0606819160084058,0.0582216153890852
26.4,-0.0247183194390923,0.060759035208618,0.0583627380705499
26.4333333333333,-0.0247422022514853,0.0608361593111705,0.0585040560529383
26.4666666666667,-0.0247659464956346,0.0609132657321677,0.0586455945367624
26.5,-0.0247895482630127,0.0609903319039985,0.0587873782505322
26.5333333333333,-0.0248130044686895,0.0610673356741943,0.0589294310286369
26.5666666666667,-0.0248363128748077,0.0611442557008652,0.0590717753972349
26.6,-0.0248594721112739,0.061221071828309,0.0592144321845878
26.6333333333333,-0.0248824817105538,0.061297765443385,0.0593574201480078
26.6666666666667,-0.0249053421340123,0.0613743198063097,0.059500755633354
26.7,-0.0249280547754727,0.0614507203462982,0.0596444522827357
26.7333333333333,-0.0249506219545354,0.0615269549191587,0.0597885207878289
26.7666666666667,-0.0249730469060025,0.0616030140289152,0.0599329686837127
26.8,-0.0249953337610913,0.0616788909992551,0.0600778001993357
26.8333333333333,-0.0250174875233021,0.0617545821036432,0.0602230161539214
26.8666666666667,-0.0250395140379832,0.0618300866680768,0.0603686138850495
26.9,-0.0250614199564143,0.0619054071479631,0.0605145872063
26.9333333333333,-0.0250832126893918,0.0619805491059363,0.0606609264710568
26.9666666666667,-0.0251049003663751,0.0620555211181595,0.0608076187068071
27,-0.0251264917784404,0.0621303346265243,0.0609546478105226
27.0333333333333,-0.0251479963221687,0.0622050037357618,0.0611019947984826
27.0666666666667,-0.0251694239387595,0.0622795449621564,0.061249638105549
27.1,-0.0251907850486408,0.0623539769354367,0.0613975539316764
27.1333333333333,-0.025212090483353,0.0624283200648558,0.0615457166232727
27.1666666666667,-0.025233351414392,0.0625025961696823,0.0616940990889384
27.2,-0.0252545792800521,0.0625768280888057,0.061842673233918
27.2333333333333,-0.025275785710031,0.0626510392683373,0.0619914104142788
27.2666666666667,-0.0252969824495116,0.0627252533442643,0.062140281892695
27.3,-0.0253181812815168,0.0627994937176711,0.0622892592988055
27.3333333333333,-0.0253393939502596,0.0628737831406049,0.0624383150748048
27.3666666666667,-0.0253606320833295,0.0629481433089182,0.0625874229109829
27.4,-0.0253819071162791,0.06302259447988,0.0627365581520314
27.4333333333333,-0.0254032302166604,0.0630971551100787,0.0628856981801093
27.4666666666667,-0.0254246122117245,0.0631718415299749,0.0630348227568432
27.5,-0.0254460635162173,0.063246667650295,0.0631839143309391
27.5333333333333,-0.0254675940649323,0.0633216447142451,0.0633329582959215
27.5666666666667,-0.0254892132460289,0.0633967810909114,0.0634819432047257
27.6,-0.0255109298400135,0.0634720821206798,0.0636308609287959
27.6333333333333,-0.0255327519614267,0.0635475500025056,0.0637797067735245
27.6666666666667,-0.0255546870012306,0.063623183699194,0.0639284795749521
27.7,-0.0255767415802644,0.0636989789020675,0.064077181732644
27.7333333333333,-0.0255989215057246,0.0637749280994614,0.064225819138343
27.7666666666667,-0.0256212317254293,0.0638510207055318,0.064374401046461
27.8,-0.0256436762966558,0.0639272432462346,0.0645229398832678
27.8333333333333,-0.025666258354617,0.0640035796018025,0.0646714510018109
27.8666666666667,-0.0256889800888604,0.064080011296113,0.0648199523891336
27.9,-0.0257118427179055,0.0641565178316427,0.0649684643312208
27.9333333333333,-0.0257348464500129,0.0642330770616952,0.0651170090489024
27.9666666666667,-0.0257579904626853,0.0643096655868881,0.0652656103048142
28,-0.0257812729050484,0.0643862591795346,0.0654142929763774
28.0333333333333,-0.0258046909071852,0.0644628332206444,0.0655630826163097
28.0666666666667,-0.0258282405967606,0.0645393631375187,0.0657120050124095
28.1,-0.0258519171234403,0.0646158248465819,0.0658610857418545
28.1333333333333,-0.0258757146898977,0.0646921951791683,0.0660103497423671
28.1666666666667,-0.0258996265905492,0.0647684522964326,0.0661598208936605
28.2,-0.0259236452556798,0.064844576074253,0.0663095216287423
28.2333333333333,-0.0259477623031614,0.064920548463437,0.0664594725688567
28.2666666666667,-0.0259719685942182,0.0649963538084129,0.0666096921997318
28.3,-0.0259962542963442,0.0650719791299289,0.0667601965822952
28.3333333333333,-0.0260206089488778,0.0651474143575811,0.0669109991132063
28.3666666666667,-0.0260450215350421,0.0652226525174134,0.0670621103283085
28.4,-0.0260694805548894,0.0652976898665538,0.0672135377586854
28.4333333333333,-0.0260939741057253,0.0653725260061942,0.0673652858060271
28.4666666666667,-0.0261184899591485,0.065447163953713,0.0675173556600017
28.5,-0.0261430156433602,0.0655216101100808,0.0676697453158053
28.5333333333333,-0.0261675385293624,0.0655958741502852,0.067822449664816
28.5666666666667,-0.0261920459128431,0.0656699688561975,0.0679754606421545
28.6,-0.0262165250981796,0.0657439098904141,0.068128767429602
28.6333333333333,-0.0262409634839122,0.065817715514798,0.068282356710052
28.6666666666667,-0.0262653486440956,0.0658914062633128,0.0684362129659407
28.7,-0.0262896684110998,0.065965004570133,0.0685903188181654
28.7333333333333,-0.0263139109541655,0.0660385343673572,0.0687446553935313
28.7666666666667,-0.026338064857362,0.0661120206517959,0.0688992027195587
28.8,-0.0263621191931907,0.066185489038549,0.0690539401308468
28.8333333333333,-0.0263860635941026,0.0662589652991668,0.0692088466881211
28.8666666666667,-0.0264098883194023,0.066332474904036,0.0693639015920327
28.9,-0.0264335843187592,0.0664060425652445,0.0695190845948623
28.9333333333333,-0.0264571432909505,0.0664796918000022,0.0696743763915368
28.9666666666667,-0.0264805577380255,0.066553444509672,0.0698297589947915
29,-0.0265038210146309,0.0666273205935677,0.0699852160765115
29.0333333333333,-0.0265269273717285,0.0667013375918641,0.0701407332812359
29.0666666666667,-0.0265498719954553,0.0667755103747067,0.0702962984955877
29.1,-0.0265726510395264,0.0668498508717193,0.0704519020801355
29.1333333333333,-0.0265952616527954,0.0669243678560028,0.070607537050065
29.1666666666667,-0.0266177020004593,0.0669990667771532,0.070763199210851
29.2,-0.0266399712945408,0.067073949643638,0.0709188872431132
29.2333333333333,-0.0266620698243866,0.0671490149173676,0.071074602775661
29.2666666666667,-0.026683998977757,0.0672242574959042,0.0712303503791599
29.3,-0.0267057612216419,0.0672996687879437,0.0713861374872414
29.3333333333333,-0.0267273600914265,0.0673752368640575,0.0715419742443401
29.3666666666667,-0.0267488001698972,0.0674509466656816,0.0716978733036818
29.4,-0.0267700870563318,0.0675267802724553,0.0718538495755443
29.4333333333333,-0.026791227329399,0.0676027172253833,0.0720099199270744
29.4666666666667,-0.0268122285041415,0.0676787348934382,0.0721661028454604
29.5,-0.026833098980846,0.067754808883105,0.0723224180659408
29.5333333333333,-0.0268538479894946,0.0678309134750834,0.0724788861782493
29.5666666666667,-0.0268744855272771,0.0679070220885978,0.0726355282121089
29.6,-0.026895022292172,0.0679831077546466,0.072792365218218
29.6333333333333,-0.0269154696110886,0.0680591436004098,0.0729494178432224
29.6666666666667,-0.0269358393647715,0.0681351033245277,0.0731067059168085
29.7,-0.0269561439087626,0.0682109616670955,0.073264248047523
29.7333333333333,-0.0269763959919261,0.0682866948540105,0.0734220612456708
29.7666666666667,-0.0269966086725375,0.0683622810207207,0.0735801605684422
29.8,-0.0270167952327823,0.0684377005962882,0.0737385588045672
29.8333333333333,-0.0270369690922762,0.0685129366534746,0.0738972661927501
29.8666666666667,-0.0270571437208693,0.0685879752081511,0.0740562901890667
29.9,-0.0270773325518295,0.0686628054737969,0.074215635277291
29.9333333333333,-0.0270975488951895,0.0687374200576583,0.0743753028343746
29.9666666666667,-0.0271178058520766,0.0688118151072956,0.0745352910423587
30,-0.0271381162334885,0.0688859904287178,0.0746955948255938
