0,0,0,0
0.0333333333333333,-9.97101953120299e-07,-2.39103885589062e-10,9.61084574232283e-08
0.0666666666666667,-3.98838921191862e-06,-3.79948600763525e-09,3.84436524099514e-07
0.1,-8.97378419436042e-06,-1.9022802185198e-08,8.64994295739187e-07
0.133333333333333,-1.59530229478402e-05,-5.92324721949765e-08,1.53779805054243e-06
0.166666666666667,-2.4925499794804e-05,-1.42003177005431e-07,2.40287016292295e-06
0.2,-3.58901047401252e-05,-2.8835236650374e-07,3.46023871096416e-06
0.233333333333333,-4.88450817723705e-05,-5.21964781580893e-07,4.70993700127796e-06
0.266666666666667,-6.37879200014331e-05,-8.6851658774485e-07,6.15200302935819e-06
0.3,-8.07152783325356e-05,-1.35512425107999e-06,7.78647889389484e-06
0.333333333333333,-9.96229382847896e-05,-2.00991544540015e-06,9.6134101830068e-06
0.366666666666667,-0.000120505777711353,-2.86170516028993e-06,1.16328453489254e-05
0.4,-0.000143357758755361,-3.93975607431833e-06,1.38448350863908e-05
0.433333333333333,-0.000168171924830246,-5.27360315817643e-06,1.62494317282908e-05
0.466666666666667,-0.000194940402962638,-6.89292565935176e-06,1.88466886701563e-05
0.5,-0.00022365440911094,-8.82745340294861e-06,2.16366598337717e-05
0.533333333333333,-0.000254304254989524,-1.11068974397469e-05,2.46193991778492e-05
0.566666666666667,-0.000286879355560005,-1.37608979429613e-05,2.77949602624533e-05
0.6,-0.000321368236743393,-1.68189841485335e-05,3.11633958715007e-05
0.633333333333333,-0.000357758543146023,-2.03105427174499e-05,3.47247576960427e-05
0.666666666666667,-0.000396037045729271,-2.42647919642992e-05,3.84790960790545e-05
0.7,-0.000436189649426112,-2.87107601713113e-05,4.24264598205929e-05
0.733333333333333,-0.000478201400737313,-3.36772667640791e-05,4.65668960405155e-05
0.766666666666667,-0.000522056495362513,-3.9192905479133e-05,5.09004500940967e-05
0.8,-0.000567738285910423,-4.52860289498282e-05,5.54271655346954e-05
0.833333333333333,-0.000615229289741758,-5.19847342882179e-05,6.0147084116184e-05
0.866666666666667,-0.000664511196970642,-5.93168494064416e-05,6.50602458268322e-05
0.9,-0.000715564878667699,-6.7309919866174e-05,7.01666889456709e-05
0.933333333333333,-0.000768370395286135,-7.59911961294399e-05,7.54664501118253e-05
0.966666666666667,-0.000822907005331188,-8.53876211214411e-05,8.09595643972432e-05
1,-0.000879153172888765,-9.55258174376621e-05,8.66460653706656e-05
1.03333333333333,-0.0009370865812617,-0.00010643207724775,9.25259851569511e-05
1.06666666666667,-0.000996684137440436,-0.000118132348427169,9.85993544554055e-05
1.1,-0.00105792198496887,-0.000130652224257693,0.000104866202542513
1.13333333333333,-0.0011207755117402,-0.000144016930873701,0.000111326557227863
1.16666666666667,-0.00118521936124811,-0.000158251316285256,0.000117980444774829
1.2,-0.00125122744393891,-0.000173379839534228,0.00012482788977816
1.23333333333333,-0.00131877294767941,-0.000189426559356783,0.00013186891499527
1.26666666666667,-0.00138782834898686,-0.000206415123249706,0.000139103541136938
1.3,-0.0014583654246478,-0.000224368756596824,0.000146531786617315
1.33333333333333,-0.00153035526354093,-0.000243310252025867,0.000154153667272158
1.36666666666667,-0.00160376827896031,-0.000263261958738723,0.000161969196044902
1.4,-0.00167857422089318,-0.000284245772285211,0.000169978382662537
1.43333333333333,-0.00175474218900765,-0.000306283124146361,0.000178181233290392
1.46666666666667,-0.00183224064584915,-0.000329394971566144,0.000186577750188928
1.5,-0.0019110374302116,-0.000353601787654513,0.00019516793138405
1.53333333333333,-0.00199109977100683,-0.000378923551504316,0.000203951770353047
1.56666666666667,-0.00207239430133729,-0.000405379738567021,0.000212929255744516
1.6,-0.00215488707299211,-0.000432989311125728,0.000222100371137034
1.63333333333333,-0.00223854357117564,-0.000461770709009616,0.000231465094851977
1.66666666666667,-0.00232332872965601,-0.000491741840428708,0.000241023399826069
1.7,-0.00240906841716412,-0.000522763938097727,0.000250775064954728
1.73333333333333,-0.00249492961555707,-0.000553934081134184,0.000260718961839933
1.76666666666667,-0.00258077885152715,-0.00058510463210654,0.000270854903641306
1.8,-0.00266661584187466,-0.00061627569609799,0.000281182884004018
1.83333333333333,-0.00275244033070808,-0.000647447361209958,0.000291702896464893
1.86666666666667,-0.00283825208458995,-0.000678619702393404,0.000302414934455489
1.9,-0.00292405088890394,-0.000709792784154069,0.00031331899130407
1.93333333333333,-0.00300983654505942,-0.000740966662529646,0.000324415060236577
1.96666666666667,-0.00309560886829082,-0.000772141386575623,0.000335703134376696
2,-0.0031813676858918,-0.000803316999508542,0.000347183206745089
2.03333333333333,-0.00326711283577515,-0.000834493539602658,0.000358855270257908
2.06666666666667,-0.0033528441652815,-0.000865671040905314,0.000370719317724651
2.1,-0.00343856153018191,-0.000896849533816005,0.000382775341845469
2.13333333333333,-0.00352426479383369,-0.000928029045561148,0.000395023335208029
2.16666666666667,-0.00360995382645897,-0.000959209600587292,0.000407463290283995
2.2,-0.00369562850452277,-0.000990391220890922,0.000420095199425267
2.23333333333333,-0.00378128871019319,-0.00102157392629706,0.000432919054860046
2.26666666666667,-0.00386693433086923,-0.00105275773469625,0.000445934848688834
2.3,-0.00395256525876516,-0.00108394266224813,0.000459142572880458
2.33333333333333,-0.00403818139054312,-0.00111512872355702,0.000472542219268235
2.36666666666667,-0.00412378262698577,-0.00114631593182455,0.000486133779546307
2.4,-0.00420936887270441,-0.00117750429898299,0.000499917245266274
2.43333333333333,-0.0042949400358764,-0.00120869383581241,0.000513892607834163
2.46666666666667,-0.00438049602800951,-0.00123988455204392,0.00052805985850783
2.5,-0.00446603676372814,-0.00127107645645091,0.000542418988394794
2.53333333333333,-0.00455156216057998,-0.00130226955693034,0.000556969988450597
2.56666666666667,-0.00463707213886009,-0.00133346386057522,0.000571712849477688
2.6,-0.00472256662145069,-0.00136465937373935,0.000586647562124875
2.63333333333333,-0.00480804553367466,-0.00139585610209555,0.000601774116887322
2.66666666666667,-0.00489350880316162,-0.00142705405068805,0.000617092504107117
2.7,-0.00497895635972535,-0.0014582532239796,0.000632602713974501
2.73333333333333,-0.0050643881352507,-0.00148945362589404,0.0006483047365295
2.76666666666667,-0.0051498040635903,-0.00152065525985499,0.000664198561664196
2.8,-0.00523520408046887,-0.00155185812882091,0.000680284179125453
2.83333333333333,-0.00532058812339547,-0.00158306223531685,0.000696561578518025
2.86666666666667,-0.00540595613158231,-0.00161426758146351,0.000713030749308064
2.9,-0.00549130804586961,-0.00164547416900372,0.000729691680826898
2.93333333333333,-0.00557664380865612,-0.00167668199932672,0.000746544362275025
2.96666666666667,-0.0056619633638355,-0.00170789107348993,0.000763588782726167
3,-0.0057472666567352,-0.00173910139223969,0.000780824931131507
3.03333333333333,-0.00583255363406224,-0.00177031295602948,0.000798252796323739
3.06666666666667,-0.00591782424385054,-0.00180152576503752,0.000815872367021179
3.1,-0.00600307843541279,-0.00183273981918254,0.000833683631831606
3.13333333333333,-0.00608831615929573,-0.00186395511813828,0.000851686579255809
3.16666666666667,-0.00617353736723687,-0.00189517166134722,0.000869881197690871
3.2,-0.00625874201212464,-0.0019263894480331,0.000888267475433
3.23333333333333,-0.0063439300479605,-0.00195760847721282,0.000906845400680036
3.26666666666667,-0.00642910142982315,-0.00198882874770747,0.000925614961533447
3.3,-0.00651425611383413,-0.00202005025815265,0.000944576145999796
3.33333333333333,-0.00659939405712538,-0.00205127300700819,0.000963728941991709
3.36666666666667,-0.00668451521780766,-0.00208249699256737,0.000983073337328278
3.4,-0.0067696195549406,-0.00211372221296552,0.00100260931973495
3.43333333333333,-0.00685470702850333,-0.00214494866618832,0.00102233687684281
3.46666666666667,-0.00693977759936635,-0.00217617635007956,0.00104225599618735
3.5,-0.00702483122926379,-0.0022074052623487,0.00106236666520675
3.53333333333333,-0.00710986788076672,-0.00223863540057789,0.00108266887123966
3.56666666666667,-0.00719488751725664,-0.00226986676222893,0.00110316260152254
3.6,-0.00727989010289988,-0.0023010993446497,0.00112384784318663
3.63333333333333,-0.00736487560262216,-0.00233233314508051,0.00114472458325464
3.66666666666667,-0.00744984398208399,-0.00236356816066008,0.00116579280863715
3.7,-0.00753479520765617,-0.00239480438843132,0.0011870525061289
3.73333333333333,-0.00761972924639615,-0.00242604182534689,0.00120850366240493
3.76666666666667,-0.00770464606602452,-0.00245728046827443,0.00123014626401676
3.8,-0.00778954563490243,-0.00248852031400166,0.0012519802973886
3.83333333333333,-0.00787442792200925,-0.00251976135924117,0.00127400574881368
3.86666666666667,-0.00795929289692112,-0.002551003600635,0.00129622260445084
3.9,-0.00804414052978998,-0.00258224703475898,0.00131863085032133
3.93333333333333,-0.00812897079132354,-0.00261349165812679,0.00134123047230594
3.96666666666667,-0.0082137836527658,-0.00264473746719382,0.00136402145614254
4,-0.00829857908587871,-0.00267598445836075,0.00138700378742406
4.03333333333333,-0.00838335706292438,-0.00270723262797692,0.00141017745159683
4.06666666666667,-0.00846811755664864,-0.00273848197234336,0.00143354243395952
4.1,-0.00855286054026517,-0.00276973248771569,0.00145709871966252
4.13333333333333,-0.00863758598744104,-0.00280098417030667,0.00148084629370784
4.16666666666667,-0.00872229387228301,-0.00283223701628856,0.00150478514094957
4.2,-0.00880698416932511,-0.00286349102179524,0.00152891524609475
4.23333333333333,-0.00889165685351715,-0.00289474618292408,0.00155323659370486
4.26666666666667,-0.00897631190021448,-0.00292600249573758,0.0015777491681977
4.3,-0.00906094928516871,-0.0029572599562648,0.00160245295384978
4.33333333333333,-0.00914556898451964,-0.00298851856050261,0.00162734793479901
4.36666666666667,-0.00923017097478802,-0.00301977830441671,0.00165243409504788
4.4,-0.00931475523286949,-0.0030510391839425,0.00167771141846686
4.43333333333333,-0.00939932173602924,-0.00308230119498582,0.00170317988879803
4.46666666666667,-0.00948387046189765,-0.0031135643334235,0.00172883948965894
4.5,-0.00956840138846649,-0.00314482859510388,0.0017546902045465
4.53333333333333,-0.00965291449408593,-0.00317609397584715,0.00178073201684095
4.56666666666667,-0.00973740975746193,-0.0032073604714457,0.00180696490980979
4.6,-0.00982188715765419,-0.0032386280776644,0.00183338886661158
4.63333333333333,-0.00990634667407434,-0.00326989679024084,0.00186000387029957
4.66666666666667,-0.00999078828648428,-0.00330116660488557,0.00188680990382514
4.7,-0.0100752119749947,-0.00333243751728241,0.00191380695004091
4.73333333333333,-0.0101596177200637,-0.00336370952308875,0.00194099499170354
4.76666666666667,-0.0102440055024948,-0.00339498261793589,0.00196837401147611
4.8,-0.0103283753034353,-0.00342625679742953,0.00199594399193005
4.83333333333333,-0.0104127271043742,-0.00345753205715027,0.00202370491554673
4.86666666666667,-0.0104970608871393,-0.00348880839265425,0.00205165676471845
4.9,-0.0105813766338943,-0.0035200857994739,0.00207979952174899
4.93333333333333,-0.0106656743271352,-0.00355136427311874,0.00210813316885369
4.96666666666667,-0.0107499539496859,-0.00358264380907644,0.00213665768815896
5,-0.0108342154846936,-0.00361392440281381,0.00216537306170137
5.03333333333333,-0.0109184589156233,-0.0036452060497781,0.00219427927142623
5.06666666666667,-0.0110026842262511,-0.0036764887453983,0.00222337629918571
5.1,-0.0110868914006579,-0.00370777248508663,0.00225266412673657
5.13333333333333,-0.0111710804232214,-0.00373905726424003,0.00228214273573752
5.16666666666667,-0.0112552512786081,-0.0037703430782419,0.00231181210774622
5.2,-0.0113394039517645,-0.00380162992246375,0.0023416722242161
5.23333333333333,-0.0114235384279081,-0.00383291779226703,0.00237172306649285
5.26666666666667,-0.0115076546925174,-0.00386420668300496,0.00240196461581088
5.3,-0.0115917527313224,-0.00389549659002435,0.00243239685328965
5.33333333333333,-0.0116758325302942,-0.00392678750866752,0.00246301975992994
5.36666666666667,-0.0117598940756347,-0.00395807943427409,0.00249383331661025
5.4,-0.0118439373537667,-0.0039893723621828,0.00252483750408319
5.43333333333333,-0.0119279623513233,-0.0040206662877333,0.00255603230297209
5.46666666666667,-0.0120119690551386,-0.00405196120626774,0.00258741769376782
5.5,-0.0120959574522376,-0.00408325711313245,0.0026189936568258
5.53333333333333,-0.0121799275298276,-0.00411455400367931,0.00265076017236338
5.56666666666667,-0.0122638792752893,-0.00414585187326716,0.00268271722045745
5.6,-0.0123478126761692,-0.00417715071726295,0.00271486478104251
5.63333333333333,-0.0124317277201722,-0.00420845053104281,0.00274720283390902
5.66666666666667,-0.0125156243951555,-0.0042397513099929,0.00277973135870218
5.7,-0.012599502689123,-0.00427105304951015,0.00281245033492114
5.73333333333333,-0.0126833625902207,-0.00430235574500275,0.00284535974191858
5.76666666666667,-0.012767204086733,-0.00433365939189056,0.00287845955890067
5.8,-0.0128510271670805,-0.00436496398560522,0.00291174976492746
5.83333333333333,-0.0129348318198179,-0.00439626952159019,0.00294523033891369
5.86666666666667,-0.0130186180336337,-0.00442757599530051,0.00297890125962986
5.9,-0.0131023857973503,-0.00445888340220251,0.00301276250570368
5.93333333333333,-0.0131861350999256,-0.00449019173777328,0.00304681405562185
5.96666666666667,-0.0132698659304546,-0.00452150099750004,0.00308105588773206
6,-0.0133535782781727,-0.00455281117687936,0.00311548798024514
6.03333333333333,-0.0134372721324589,-0.00458412227141632,0.00315011031123753
6.06666666666667,-0.0135209474828399,-0.00461543427662355,0.00318492285865376
6.1,-0.0136046043189946,-0.00464674718802018,0.00321992560030901
6.13333333333333,-0.0136882426307589,-0.00467806100113087,0.0032551185138918
6.16666666666667,-0.0137718624081306,-0.00470937571148463,0.00329050157696657
6.2,-0.0138554636412743,-0.00474069131461382,0.00332607476697621
6.23333333333333,-0.0139390463205266,-0.00477200780605307,0.00336183806124461
6.26666666666667,-0.0140226104364005,-0.00480332518133826,0.00339779143697891
6.3,-0.0141061559795899,-0.0048346434360056,0.00343393487127174
6.33333333333333,-0.0141896829409735,-0.00486596256559074,0.0034702683411032
6.36666666666667,-0.0142731913116181,-0.00489728256562801,0.00350679182334263
6.4,-0.0143566810827814,-0.00492860343164977,0.00354350529475015
6.43333333333333,-0.0144401522459137,-0.00495992515918588,0.00358040873197801
6.46666666666667,-0.0145236047926591,-0.00499124774376328,0.00361750211157159
6.5,-0.0146070387148561,-0.00502257118090575,0.00365478540997028
6.53333333333333,-0.014690454004536,-0.0050538954661338,0.003692258603508
6.56666666666667,-0.014773850653922,-0.00508522059496472,0.00372992166841349
6.6,-0.0148572286554263,-0.00511654656291279,0.00376777458081043
6.63333333333333,-0.0149405880016459,-0.0051478733654896,0.00380581731671725
6.66666666666667,-0.0150239286853585,-0.00517920099820462,0.00384404985204683
6.7,-0.0151072506995165,-0.00521052945656577,0.00388247216260593
6.73333333333333,-0.0151905540372405,-0.00524185873608026,0.00392108422409459
6.76666666666667,-0.0152738386918124,-0.0052731888322554,0.0039598860121053
6.8,-0.015357104656667,-0.00530451974059968,0.00399887750212221
6.83333333333333,-0.0154403519253835,-0.00533585145662374,0.00403805866952018
6.86666666666667,-0.0155235804916772,-0.00536718397584159,0.0040774294895639
6.9,-0.0156067903493893,-0.00539851729377169,0.004116989937407
6.93333333333333,-0.0156899814924782,-0.00542985140593825,0.00415673998809119
6.96666666666667,-0.0157731539150097,-0.00546118630787234,0.0041966796165455
7,-0.0158563076111479,-0.00549252199511315,0.00423680879758559
7.03333333333333,-0.0159394425751459,-0.00552385846320908,0.0042771275059132
7.06666666666667,-0.0160225588013373,-0.00555519570771892,0.00431763571611568
7.1,-0.0161056562841277,-0.00558653372421277,0.00435833340266577
7.13333333333333,-0.0161887350179879,-0.00561787250827311,0.00439922053992141
7.16666666666667,-0.0162717949974462,-0.00564921205549551,0.00444029710212576
7.2,-0.0163548362170833,-0.00568055236148949,0.00448156306340738
7.23333333333333,-0.016437858671527,-0.00571189342187903,0.00452301839778055
7.26666666666667,-0.0165208623554481,-0.00574323523230308,0.00456466307914572
7.3,-0.0166038472635577,-0.00577457778841593,0.00460649708129009
7.33333333333333,-0.0166868133906053,-0.00580592108588737,0.00464852037788833
7.36666666666667,-0.0167697607313781,-0.00583726512040274,0.00469073294250336
7.4,-0.0168526892807017,-0.00586860988766288,0.00473313474858714
7.43333333333333,-0.0169355990334412,-0.00589995538338388,0.00477572576948169
7.46666666666667,-0.0170184899845043,-0.00593130160329669,0.00481850597841998
7.5,-0.0171013621288447,-0.00596264854314667,0.0048614753485269
7.53333333333333,-0.017184215461467,-0.00599399619869295,0.00490463385282015
7.56666666666667,-0.0172670499774315,-0.00602534456570777,0.00494798146421115
7.6,-0.0173498656718612,-0.00605669363997564,0.00499151815550583
7.63333333333333,-0.0174326625399475,-0.00608804341729254,0.00503524389940532
7.66666666666667,-0.0175154405769579,-0.00611939389346498,0.00507915866850652
7.7,-0.0175981997782433,-0.00615074506430906,0.00512326243530254
7.73333333333333,-0.0176809401392454,-0.00618209692564954,0.00516755517218297
7.76666666666667,-0.0177636616555042,-0.0062134494733189,0.00521203685143396
7.8,-0.0178463643226651,-0.00624480270315637,0.00525670744523816
7.83333333333333,-0.0179290481364863,-0.00627615661100713,0.00530156692567439
7.86666666666667,-0.0180117130928449,-0.0063075111927214,0.00534661526471719
7.9,-0.0180943591877432,-0.00633886644415372,0.00539185243423611
7.93333333333333,-0.0181769864173133,-0.0063702223611623,0.00543727840599486
7.96666666666667,-0.0182595947778221,-0.00640157893960838,0.00548289315165022
8,-0.0183421842656741,-0.00643293617535585,0.00552869664275082
8.03333333333333,-0.0184247548774143,-0.00646429406427078,0.00557468885073574
8.06666666666667,-0.0185073066097294,-0.00649565260222129,0.00562086974693294
8.1,-0.0185898394594479,-0.00652701178507735,0.00566723930255762
8.13333333333333,-0.0186723534235391,-0.00655837160871084,0.00571379748871042
8.16666666666667,-0.0187548484991113,-0.00658973206899564,0.00576054427637563
8.2,-0.0188373246834082,-0.00662109316180795,0.00580747963641924
8.23333333333333,-0.0189197819738048,-0.0066524548830266,0.00585460353958702
8.26666666666667,-0.0190022203678015,-0.00668381722853358,0.00590191595650261
8.3,-0.019084639863018,-0.00671518019421463,0.00594941685766567
8.33333333333333,-0.0191670404571859,-0.00674654377595984,0.00599710621345006
8.36666666666667,-0.0192494221481406,-0.00677790796966446,0.00604498399410212
8.4,-0.0193317849338126,-0.00680927277122968,0.00609305016973914
8.43333333333333,-0.0194141288122182,-0.00684063817656343,0.00614130471034788
8.46666666666667,-0.0194964537814504,-0.00687200418158125,0.00618974758578333
8.5,-0.0195787598396689,-0.00690337078220716,0.00623837876576767
8.53333333333333,-0.0196610469850906,-0.0069347379743745,0.00628719821988939
8.56666666666667,-0.01974331521598,-0.00696610575402676,0.00633620591760272
8.6,-0.0198255645306402,-0.00699747411711831,0.00638540182822713
8.63333333333333,-0.0199077949274042,-0.00702884305961519,0.0064347859209473
8.66666666666667,-0.0199900064046267,-0.00706021257749567,0.00648435816481315
8.7,-0.0200721989606769,-0.00709158266675091,0.00653411852874025
8.73333333333333,-0.0201543725939319,-0.00712295332338532,0.00658406698151032
8.76666666666667,-0.0202365273027714,-0.00715432454341704,0.00663420349177209
8.8,-0.0203186630855732,-0.00718569632287811,0.0066845280280423
8.83333333333333,-0.0204007799407098,-0.00721706865781465,0.00673504055870693
8.86666666666667,-0.0204828778665468,-0.00724844154428692,0.00678574105202258
8.9,-0.0205649568614411,-0.00727981497836918,0.00683662947611805
8.93333333333333,-0.0206470169237424,-0.00731118895614953,0.006887705798996
8.96666666666667,-0.0207290580517942,-0.0073425634737296,0.0069389699885348
9,-0.0208110802439365,-0.0073739385272241,0.00699042201249041
9.03333333333333,-0.0208930834985107,-0.00740531411276033,0.00704206183849832
9.06666666666667,-0.020975067813864,-0.00743669022647756,0.00709388943407554
9.1,-0.0210570331883558,-0.00746806686452634,0.00714590476662265
9.13333333333333,-0.0211389796203645,-0.00749944402306781,0.00719810780342581
9.16666666666667,-0.0212209071082956,-0.00753082169827288,0.00725049851165867
9.2,-0.0213028156505897,-0.00756219988632142,0.00730307685838433
9.23333333333333,-0.0213847052457312,-0.00759357858340147,0.00735584281055721
9.26666666666667,-0.0214665758922572,-0.00762495778570842,0.00740879633502475
9.3,-0.0215484275887668,-0.00765633748944423,0.00746193739852912
9.33333333333333,-0.0216302603339297,-0.00768771769081665,0.00751526596770877
9.36666666666667,-0.021712074126495,-0.0077190983860386,0.00756878200909983
9.4,-0.0217938689652996,-0.00775047957132748,0.00762248548913744
9.43333333333333,-0.0218756448492754,-0.00778186124290472,0.0076763763741569
9.46666666666667,-0.0219574017774567,-0.00781324339699525,0.00773045463039478
9.5,-0.0220391397489861,-0.00784462602982726,0.00778472022398975
9.53333333333333,-0.0221208587631196,-0.00787600913763193,0.00783917312098344
9.56666666666667,-0.0222025588192305,-0.00790739271664335,0.0078938132873211
9.6,-0.0222842399168125,-0.00793877676309858,0.00794864068885214
9.63333333333333,-0.0223659020554812,-0.00797016127323776,0.00800365529133062
9.66666666666667,-0.0224475452349745,-0.00800154624330443,0.00805885706041558
9.7,-0.0225291694551518,-0.00803293166954594,0.00811424596167135
9.73333333333333,-0.0226107747159913,-0.00806431754821398,0.00816982196056773
9.76666666666667,-0.0226923610175872,-0.00809570387556522,0.00822558502248014
9.8,-0.0227739283601441,-0.0081270906478621,0.00828153511268975
9.83333333333333,-0.0228554767439715,-0.00815847786137363,0.00833767219638346
9.86666666666667,-0.0229370061694766,-0.00818986551237639,0.00839399623865401
9.9,-0.0230185166371564,-0.00822125359715542,0.00845050720449989
9.93333333333333,-0.0231000081475889,-0.00825264211200535,0.00850720505882531
9.96666666666667,-0.0231814807014237,-0.00828403105323139,0.00856408976644014
10,-0.0232629342993719,-0.00831542041715041,0.00862116129205981
10.0333333333333,-0.0233443689421959,-0.00834681020009198,0.00867841960030518
10.0666666666667,-0.0234257846306993,-0.00837820039839942,0.00873586465570243
10.1,-0.0235071813657162,-0.00840959100843071,0.00879349642268286
10.1333333333333,-0.0235885591481011,-0.00844098202655938,0.00885131486558269
10.1666666666667,-0.0236699179787193,-0.00847237344917539,0.00890931994864286
10.2,-0.0237512578584376,-0.00850376527268572,0.00896751163600866
10.2333333333333,-0.0238325787881159,-0.00853515749351506,0.00902588989172947
10.2666666666667,-0.0239138807685991,-0.00856655010810617,0.00908445467975828
10.3,-0.0239951638007112,-0.00859794311292027,0.00914320596395126
10.3333333333333,-0.0240764278852491,-0.00862933650443717,0.00920214370806713
10.3666666666667,-0.0241576730229783,-0.00866073027915529,0.00926126787576656
10.4,-0.02423889921463,-0.00869212443359153,0.00932057843061135
10.4333333333333,-0.0243201064608987,-0.00872351896428096,0.00938007533606355
10.4666666666667,-0.0244012947624424,-0.00875491386777637,0.00943975855548451
10.5,-0.0244824641198827,-0.00878630914064766,0.00949962805213374
10.5333333333333,-0.0245636145338077,-0.00881770477948107,0.00955968378916765
10.5666666666667,-0.0246447460047749,-0.00884910078087829,0.00961992572963819
10.6,-0.0247258585333167,-0.00888049714145542,0.00968035383649135
10.6333333333333,-0.0248069521199456,-0.0089118938578418,0.00974096807256554
10.6666666666667,-0.0248880267651619,-0.0089432909266788,0.00980176840058988
10.7,-0.0249690824694611,-0.00897468834461843,0.00986275478318238
10.7333333333333,-0.0250501192333429,-0.00900608610832203,0.00992392718284799
10.7666666666667,-0.0251311370573203,-0.00903748421445872,0.00998528556197666
10.8,-0.0252121359419291,-0.00906888265970402,0.0100468298828413
10.8333333333333,-0.0252931158877385,-0.00910028144073834,0.0101085601075959
10.8666666666667,-0.0253740768953601,-0.00913168055424554,0.010170476198273
10.9,-0.0254550189654586,-0.0091630799969115,0.0102325781167823
10.9333333333333,-0.0255359420987607,-0.00919447976542281,0.0102948658249082
10.9666666666667,-0.0256168462960647,-0.00922587985646541,0.010357339284308
11,-0.0256977315582484,-0.00925728026672348,0.0104199984565106
11.0333333333333,-0.025778597886277,-0.00928868099287834,0.0104828433029138
11.0666666666667,-0.0258594452812096,-0.00932008203160745,0.0105458737847838
11.1,-0.025940273744205,-0.00935148337958369,0.0106090898632535
11.1333333333333,-0.026021083276526,-0.0093828850334746,0.0106724914993213
11.1666666666667,-0.0261018738795425,-0.00941428698994191,0.0107360786538502
11.2,-0.0261826455547334,-0.00944568924564122,0.0107998512875677
11.2333333333333,-0.0262633983036873,-0.00947709179722178,0.0108638093610648
11.2666666666667,-0.0263441321281016,-0.00950849464132649,0.0109279528347964
11.3,-0.0264248470297799,-0.00953989777459213,0.0109922816690817
11.3333333333333,-0.0265055430106289,-0.00957130119364964,0.0110567958241045
11.3666666666667,-0.0265862200726527,-0.00960270489512466,0.0111214952599142
11.4,-0.0266668782179476,-0.00963410887563821,0.0111863799364276
11.4333333333333,-0.0267475174486938,-0.00966551313180749,0.0112514498134298
11.4666666666667,-0.0268281377671478,-0.00969691766024681,0.0113167048505766
11.5,-0.0269087391756329,-0.00972832245756871,0.0113821450073965
11.5333333333333,-0.0269893216765301,-0.00975972752038505,0.0114477702432933
11.5666666666667,-0.0270698852722667,-0.00979113284530833,0.0115135805175488
11.6,-0.027150429965307,-0.00982253842895298,0.0115795757893254
11.6333333333333,-0.0272309557581407,-0.00985394426793676,0.01164575601767
11.6666666666667,-0.0273114626532728,-0.0098853503588821,0.0117121211615164
11.7,-0.0273919506532127,-0.00991675669841758,0.0117786711796892
11.7333333333333,-0.0274724197604651,-0.00994816328317926,0.0118454060309071
11.7666666666667,-0.0275528699775199,-0.00997957010981213,0.0119123256737863
11.8,-0.0276333013068441,-0.0100109771749714,0.0119794300668439
11.8333333333333,-0.0277137137508742,-0.0100423844753239,0.0120467191685015
11.8666666666667,-0.0277941073120091,-0.0100737920075489,0.0121141929370881
11.9,-0.0278744819926053,-0.0101051997683399,0.0121818513308435
11.9333333333333,-0.0279548377949727,-0.0101366077544049,0.0122496943079211
11.9666666666667,-0.0280351747213712,-0.010168015962468,0.0123177218263908
12,-0.0281154927740096,-0.0101994243892697,0.0123859338442411
12.0333333333333,-0.0281957919550458,-0.010230833031568,0.0124543303193816
12.0666666666667,-0.0282760722665875,-0.0102622418861385,0.0125229112096446
12.1,-0.0283563337106957,-0.0102936509497753,0.0125916764727868
12.1333333333333,-0.0284365762893881,-0.010325060219291,0.0126606260664906
12.1666666666667,-0.0285168000046453,-0.0103564696915169,0.0127297599483645
12.2,-0.028597004858417,-0.0103878793633032,0.0127990780759439
12.2333333333333,-0.0286771908526295,-0.010419289231519,0.0128685804066912
12.2666666666667,-0.0287573579891948,-0.0104506992930518,0.0129382668979954
12.3,-0.0288375062700197,-0.0104821095448074,0.0130081375071716
12.3333333333333,-0.0289176356970156,-0.0105135199837098,0.01307819219146
12.3666666666667,-0.028997746272109,-0.0105449306067003,0.0131484309080251
12.4,-0.0290778379972519,-0.0105763414107375,0.0132188536139538
12.4333333333333,-0.0291579108744324,-0.0106077523927962,0.0132894602662539
12.4666666666667,-0.0292379649056851,-0.0106391635498674,0.0133602508218525
12.5,-0.0293180000931009,-0.0106705748789571,0.0134312252375937
12.5333333333333,-0.0293980164388366,-0.0107019863770861,0.0135023834702364
12.5666666666667,-0.0294780139451234,-0.0107333980412891,0.0135737254764524
12.6,-0.0295579926142748,-0.0107648098686139,0.0136452512128236
12.6333333333333,-0.0296379524486935,-0.0107962218561213,0.0137169606358399
12.6666666666667,-0.0297178934508769,-0.0108276340008837,0.013788853701897
12.7,-0.0297978156234213,-0.010859046299985,0.0138609303672943
12.7333333333333,-0.0298777189690257,-0.0108904587505197,0.0139331905882322
12.7666666666667,-0.0299576034904925,-0.0109218713495928,0.0140056343208108
12.8,-0.0300374691907285,-0.0109532840943186,0.0140782615210276
12.8333333333333,-0.0301173160727433,-0.0109846969818209,0.0141510721447759
12.8666666666667,-0.0301971441396467,-0.0110161100092318,0.0142240661478433
12.9,-0.0302769533946446,-0.0110475231736921,0.014297243485911
12.9333333333333,-0.0303567438410334,-0.0110789364723505,0.0143706041145519
12.9666666666667,-0.0304365154821934,-0.0111103499023633,0.0144441479892308
13,-0.0305162683215807,-0.011141763460894,0.0145178750653033
13.0333333333333,-0.0305960023627188,-0.0111731771451136,0.0145917852980156
13.0666666666667,-0.0306757176091883,-0.0112045909521997,0.0146658786425048
13.1,-0.0307554140646168,-0.0112360048793363,0.0147401550537987
13.1333333333333,-0.0308350917326681,-0.0112674189237143,0.0148146144868161
13.1666666666667,-0.0309147506170308,-0.0112988330825302,0.0148892568963679
13.2,-0.0309943907214076,-0.0113302473529868,0.0149640822371568
13.2333333333333,-0.0310740120495036,-0.0113616617322924,0.015039090463779
13.2666666666667,-0.0311536146050158,-0.0113930762176604,0.0151142815307241
13.3,-0.0312331983916225,-0.0114244908063096,0.0151896553923764
13.3333333333333,-0.0313127634129744,-0.011455905495463,0.015265212003016
13.3666666666667,-0.0313923096726846,-0.0114873202823482,0.0153409513168186
13.4,-0.0314718371743219,-0.0115187351641963,0.0154168732878573
13.4333333333333,-0.0315513459214035,-0.0115501501382416,0.0154929778701024
13.4666666666667,-0.0316308359173894,-0.0115815652017214,0.0155692650174223
13.5,-0.0317103071656786,-0.0116129803518749,0.0156457346835838
13.5333333333333,-0.0317897596696064,-0.0116443955859427,0.0157223868222517
13.5666666666667,-0.0318691934324425,-0.0116758109011663,0.0157992213869897
13.6,-0.0319486084573917,-0.0117072262947873,0.015876238331259
13.6333333333333,-0.0320280047475953,-0.0117386417640466,0.0159534376084188
13.6666666666667,-0.0321073823061343,-0.0117700573061836,0.016030819171725
13.7,-0.0321867411360341,-0.0118014729184355,0.0161083829743294
13.7333333333333,-0.03226608124027,-0.0118328885980367,0.0161861289692785
13.7666666666667,-0.0323454026217745,-0.0118643043422174,0.0162640571095123
13.8,-0.0324247052834457,-0.0118957201482037,0.0163421673478627
13.8333333333333,-0.0325039892281563,-0.0119271360132164,0.0164204596370518
13.8666666666667,-0.032583254458763,-0.0119585519344702,0.0164989339296904
13.9,-0.032662500978118,-0.0119899679091738,0.016577590178276
13.9333333333333,-0.0327417287890788,-0.0120213839345288,0.0166564283351912
13.9666666666667,-0.03282093789452,-0.0120528000077293,0.0167354483527017
14,-0.0329001282973442,-0.0120842161259621,0.016814650182955
14.0333333333333,-0.0329793000004925,-0.0121156322864062,0.0168940337779783
14.0666666666667,-0.0330584530069555,-0.0121470484862328,0.0169735990896777
14.1,-0.0331375873197826,-0.0121784647226053,0.0170533460698363
14.1333333333333,-0.0332167029420918,-0.0122098809926796,0.0171332746701139
14.1666666666667,-0.0332957998770774,-0.0122412972936048,0.0172133848420459
14.2,-0.0333748781280171,-0.0122727136225232,0.0172936765370432
14.2333333333333,-0.0334539376982785,-0.0123041299765712,0.0173741497063919
14.2666666666667,-0.0335329785913233,-0.0123355463528804,0.017454804301254
14.3,-0.0336120008107107,-0.0123669627485782,0.0175356402726681
14.3333333333333,-0.0336910043600995,-0.012398379160789,0.0176166575715503
14.3666666666667,-0.0337699892432483,-0.0124297955866358,0.017697856148696
14.4,-0.0338489554640146,-0.012461212023241,0.0177792359547823
14.4333333333333,-0.0339279030263519,-0.0124926284677284,0.0178607969403697
14.4666666666667,-0.0340068319343061,-0.0125240449172247,0.0179425390559057
14.5,-0.0340857421920097,-0.0125554613688611,0.0180244622517276
14.5333333333333,-0.0341646338036752,-0.012586877819775,0.0181065664780665
14.5666666666667,-0.0342435067735874,-0.0126182942671121,0.0181888516850512
14.6,-0.0343223611060942,-0.0126497107080282,0.0182713178227121
14.6333333333333,-0.0344011968055973,-0.0126811271396911,0.0183539648409862
14.6666666666667,-0.0344800138765415,-0.0127125435592821,0.0184367926897215
14.7,-0.034558812323404,-0.0127439599639986,0.0185198013186818
14.7333333333333,-0.0346375921506831,-0.0127753763510553,0.0186029906775518
14.7666666666667,-0.0347163533628874,-0.0128067927176863,0.0186863607159412
14.8,-0.0347950959645241,-0.0128382090611465,0.0187699113833904
14.8333333333333,-0.0348738199600887,-0.0128696253787136,0.0188536426293743
14.8666666666667,-0.0349525253540546,-0.0129010416676891,0.0189375544033069
14.9,-0.0350312121508635,-0.0129324579253998,0.0190216466545455
14.9333333333333,-0.0351098803549166,-0.0129638741491988,0.0191059193323942
14.9666666666667,-0.0351885299705668,-0.0129952903364669,0.019190372386107
15,-0.0352671610021123,-0.0130267064846128,0.0192750057648911
15.0333333333333,-0.0353457734537911,-0.0130581225910742,0.0193598194179089
15.0666666666667,-0.0354243673297769,-0.0130895386533177,0.0194448132942796
15.1,-0.0355029426341764,-0.0131209546688397,0.0195299873430804
15.1333333333333,-0.0355814993710281,-0.0131523706351654,0.0196153415133472
15.1666666666667,-0.0356600375443029,-0.0131837865498494,0.0197008757540742
15.2,-0.0357385571579052,-0.0132152024104748,0.019786590014213
15.2333333333333,-0.0358170582156765,-0.0132466182146526,0.0198724842426715
15.2666666666667,-0.0358955407213999,-0.0132780339600207,0.0199585583883112
15.3,-0.0359740046788063,-0.013309449644243,0.0200448123999449
15.3333333333333,-0.0360524500915808,-0.0133408652650079,0.0201312462263332
15.3666666666667,-0.0361308769633717,-0.013372280820027,0.0202178598161804
15.4,-0.0362092852977991,-0.0134036963070334,0.0203046531181305
15.4333333333333,-0.0362876750984648,-0.01343511172378,0.0203916260807621
15.4666666666667,-0.0363660463689628,-0.0134665270680377,0.0204787786525831
15.5,-0.0364443991128899,-0.013497942337593,0.0205661107820256
15.5333333333333,-0.0365227333338566,-0.0135293575302465,0.0206536224174402
15.5666666666667,-0.0366010490354982,-0.0135607726438105,0.0207413135070899
15.6,-0.036679346221485,-0.0135921876761068,0.0208291839991445
15.6333333333333,-0.0367576248955329,-0.0136236026249646,0.0209172338416747
15.6666666666667,-0.0368358850614127,-0.0136550174882183,0.0210054629826467
15.7,-0.0369141267229592,-0.0136864322637053,0.0210938713699163
15.7333333333333,-0.0369923498840789,-0.0137178469492641,0.021182458951224
15.7666666666667,-0.0370705545487565,-0.0137492615427318,0.0212712256741904
15.8,-0.0371487407210612,-0.0137806760419424,0.0213601714863111
15.8333333333333,-0.0372269084051503,-0.013812090444725,0.0214492963349534
15.8666666666667,-0.0373050576052728,-0.0138435047489017,0.0215386001673526
15.9,-0.03738318832577,-0.0138749189522862,0.021628082930609
15.9333333333333,-0.0374613005710766,-0.0139063330526821,0.021717744571686
15.9666666666667,-0.0375393943457184,-0.0139377470478815,0.0218075850374085
16,-0.0376174696543098,-0.0139691609356638,0.0218976042744614
16.0333333333333,-0.0376955265015492,-0.0140005747137946,0.0219878022293901
16.0666666666667,-0.0377735648922134,-0.0140319883800244,0.0220781788486005
16.1,-0.0378515848311506,-0.0140634019320886,0.0221687340783599
16.1333333333333,-0.0379295863232724,-0.0140948153677059,0.0222594678647992
16.1666666666667,-0.0380075693735445,-0.0141262286845786,0.0223503801539146
16.2,-0.0380855339869771,-0.0141576418803918,0.0224414708915705
16.2333333333333,-0.0381634801686143,-0.0141890549528136,0.0225327400235032
16.2666666666667,-0.0382414079235231,-0.0142204678994947,0.0226241874953239
16.3,-0.0383193172567826,-0.014251880718069,0.0227158132525232
16.3333333333333,-0.0383972081734725,-0.0142832934061534,0.0228076172404752
16.3666666666667,-0.0384750806786622,-0.0143147059613484,0.022899599404442
16.4,-0.0385529347774004,-0.0143461183812389,0.0229917596895785
16.4333333333333,-0.0386307704747045,-0.0143775306633944,0.0230840980409369
16.4666666666667,-0.0387085877755518,-0.0144089428053702,0.0231766144034716
16.5,-0.038786386684871,-0.014440354804708,0.0232693087220436
16.5333333333333,-0.0388641672075343,-0.014471766658937,0.023362180941425
16.5666666666667,-0.0389419293483517,-0.014503178365575,0.0234552310063033
16.6,-0.0390196731120655,-0.0145345899221297,0.023548458861285
16.6333333333333,-0.0390973985033471,-0.0145660013260995,0.0236418644508995
16.6666666666667,-0.0391751055267947,-0.0145974125749753,0.023735447719602
16.7,-0.0392527941869323,-0.0146288236662415,0.0238292086117763
16.7333333333333,-0.0393304644882104,-0.0146602345973776,0.0239231470717369
16.7666666666667,-0.0394081164350089,-0.0146916453658594,0.0240172630437309
16.8,-0.0394857500316397,-0.0147230559691609,0.0241115564719393
16.8333333333333,-0.0395633652823527,-0.0147544664047552,0.0242060273004772
16.8666666666667,-0.0396409621913418,-0.0147858766701163,0.0243006754733945
16.9,-0.0397185407627523,-0.0148172867627208,0.0243955009346751
16.9333333333333,-0.03979610100069,-0.0148486966800491,0.0244905036282367
16.9666666666667,-0.0398736429092301,-0.0148801064195869,0.0245856834979288
17,-0.0399511664924278,-0.014911515978827,0.0246810404875321
17.0333333333333,-0.0400286717543289,-0.0149429253552704,0.0247765745407559
17.0666666666667,-0.0401061586989807,-0.0149743345464284,0.0248722856012361
17.1,-0.0401836273304435,-0.0150057435498232,0.0249681736125333
17.1333333333333,-0.0402610776528014,-0.0150371523629901,0.02506423851813
17.1666666666667,-0.0403385096701733,-0.0150685609834788,0.0251604802614282
17.2,-0.0404159233867231,-0.0150999694088544,0.0252568987857472
17.2333333333333,-0.0404933188066697,-0.0151313776366992,0.0253534940343211
17.2666666666667,-0.0405706959342955,-0.0151627856646138,0.0254502659502966
17.3,-0.0406480547739551,-0.0151941934902186,0.0255472144767312
17.3333333333333,-0.0407253953300812,-0.0152256011111547,0.0256443395565913
17.3666666666667,-0.040802717607191,-0.0152570085250856,0.0257416411327513
17.4,-0.0408800216098901,-0.0152884157296978,0.0258391191479922
17.4333333333333,-0.0409573073428755,-0.0153198227227023,0.0259367735450013
17.4666666666667,-0.0410345748109374,-0.0153512295018354,0.026034604266372
17.5,-0.0411118240189586,-0.0153826360648596,0.0261326112546043
17.5333333333333,-0.0411890549719135,-0.0154140424095645,0.0262307944521054
17.5666666666667,-0.041266267674865,-0.0154454485337674,0.0263291538011912
17.6,-0.0413434621329597,-0.0154768544353143,0.0264276892440881
17.6333333333333,-0.0414206383514227,-0.0155082601120799,0.0265264007229351
17.6666666666667,-0.0414977963355501,-0.0155396655619684,0.0266252881797866
17.7,-0.0415749360907013,-0.0155710707829135,0.0267243515566153
17.7333333333333,-0.0416520576222894,-0.0156024757728786,0.0268235907953152
17.7666666666667,-0.0417291609357716,-0.0156338805298568,0.0269230058377058
17.8,-0.041806246036639,-0.0156652850518704,0.0270225966255351
17.8333333333333,-0.0418833129304048,-0.0156966893369708,0.0271223631004837
17.8666666666667,-0.041960361622594,-0.015728093383238,0.0272223052041685
17.9,-0.0420373921187319,-0.0157594971887793,0.0273224228781465
17.9333333333333,-0.0421144044243331,-0.0157909007517293,0.0274227160639184
17.9666666666667,-0.0421913985448907,-0.0158223040702478,0.0275231847029316
18,-0.0422683744858663,-0.0158537071425195,0.0276238287365838
18.0333333333333,-0.0423453322526809,-0.0158851099667517,0.0277246481062252
18.0666666666667,-0.0424222718507059,-0.0159165125411735,0.0278256427531609
18.1,-0.0424991932852559,-0.0159479148640334,0.0279268126186527
18.1333333333333,-0.0425760965615824,-0.0159793169335979,0.0280281576439201
18.1666666666667,-0.0426529816848683,-0.0160107187481489,0.028129677770141
18.2,-0.0427298486602248,-0.0160421203059822,0.0282313729384512
18.2333333333333,-0.0428066974926884,-0.0160735216054047,0.0283332430899444
18.2666666666667,-0.0428835281872202,-0.0161049226447323,0.02843528816567
18.3,-0.0429603407487064,-0.0161363234222874,0.0285375081066313
18.3333333333333,-0.0430371351819605,-0.0161677239363962,0.0286399028537827
18.3666666666667,-0.0431139114917261,-0.0161991241853865,0.0287424723480262
18.4,-0.0431906696826824,-0.0162305241675844,0.0288452165302072
18.4333333333333,-0.0432674097594496,-0.0162619238813127,0.0289481353411096
18.4666666666667,-0.0433441317265966,-0.0162933233248874,0.0290512287214508
18.5,-0.043420835588649,-0.0163247224966155,0.0291544966118759
18.5333333333333,-0.0434975213500981,-0.0163561213947926,0.0292579389529515
18.5666666666667,-0.0435741890154108,-0.0163875200177002,0.0293615556851595
18.6,-0.0436508385890397,-0.0164189183636037,0.0294653467488904
18.6333333333333,-0.0437274700754341,-0.0164503164307497,0.0295693120844367
18.6666666666667,-0.0438040834790503,-0.0164817142173644,0.029673451631986
18.7,-0.0438806788043625,-0.0165131117216513,0.0297777653316151
18.7333333333333,-0.043957256055873,-0.0165445089417897,0.0298822531232829
18.7666666666667,-0.0440338152381225,-0.016575905875933,0.0299869149468252
18.8,-0.044110356355699,-0.0166073025222076,0.0300917507419485
18.8333333333333,-0.0441868794132469,-0.0166386988787112,0.0301967604482255
18.8666666666667,-0.0442633844154741,-0.0166700949435124,0.0303019440050904
18.9,-0.0443398713671588,-0.01670149071465,0.0304073013518353
18.9333333333333,-0.0444163402731551,-0.0167328861901324,0.0305128324276073
18.9666666666667,-0.0444927911383967,-0.0167642813679374,0.030618537171406
19,-0.0445692239679,-0.0167956762460126,0.0307244155220829
19.0333333333333,-0.0446456387667655,-0.0168270708222758,0.0308304674183404
19.0666666666667,-0.0447220355401776,-0.0168584650946153,0.0309366927987327
19.1,-0.0447984142934034,-0.0168898590608913,0.0310430916016673
19.1333333333333,-0.0448747750317897,-0.0169212527189367,0.0311496637654074
19.1666666666667,-0.0449511177607589,-0.0169526460665589,0.0312564092280751
19.2,-0.0450274424858032,-0.0169840391015412,0.031363327927656
19.2333333333333,-0.0451037492124785,-0.0170154318216451,0.0314704198020041
19.2666666666667,-0.045180037946396,-0.017046824224612,0.0315776847888477
19.3,-0.0452563086932143,-0.0170782163081657,0.0316851228257958
19.3333333333333,-0.0453325614586293,-0.0171096080700151,0.0317927338503451
19.3666666666667,-0.0454087962483651,-0.0171409995078567,0.0319005177998881
19.4,-0.0454850130681629,-0.0171723906193772,0.0320084746117204
19.4333333333333,-0.0455612119237712,-0.0172037814022569,0.0321166042230492
19.4666666666667,-0.0456373928209351,-0.0172351718541721,0.0322249065710018
19.5,-0.0457135557653858,-0.0172665619727987,0.0323333815926336
19.5333333333333,-0.045789700762831,-0.017297951755815,0.0324420292249367
19.5666666666667,-0.0458658278189456,-0.0173293412009048,0.0325508494048478
19.6,-0.0459419369393627,-0.0173607303057608,0.0326598420692558
19.6333333333333,-0.0460180281296662,-0.0173921190680871,0.0327690071550092
19.6666666666667,-0.0460941013953839,-0.017423507485603,0.032878344598923
19.7,-0.0461701567419817,-0.0174548955560451,0.0329878543377843
19.7333333333333,-0.0462461941748594,-0.0174862832771709,0.0330975363083582
19.7666666666667,-0.0463222136993472,-0.017517670646761,0.0332073904473922
19.8,-0.0463982153207045,-0.0175490576626218,0.03331741669162
19.8333333333333,-0.0464741990441184,-0.0175804443225881,0.0334276149777641
19.8666666666667,-0.0465501648747057,-0.0176118306245253,0.0335379852425383
19.9,-0.0466261128175143,-0.0176432165663312,0.0336485274226482
19.9333333333333,-0.0467020428775276,-0.0176746021459382,0.0337592414547916
19.9666666666667,-0.0467779550596689,-0.0177059873613147,0.0338701272756572
20,-0.0468538493688078,-0.0177373722104668,0.0339811848219234
20.0333333333333,-0.0469297258097673,-0.0177687566914392,0.0340924140302548
20.0666666666667,-0.0470055843873319,-0.0178001408023165,0.0342038148372999
20.1,-0.0470814251062566,-0.0178315245412235,0.0343153871796856
20.1333333333333,-0.0471572479712766,-0.017862907906326,0.0344271309940134
20.1666666666667,-0.0472330529871168,-0.017894290895831,0.0345390462168538
20.2,-0.0473088401585025,-0.0179256735079867,0.0346511327847401
20.2333333333333,-0.0473846094901695,-0.0179570557410821,0.034763390634163
20.2666666666667,-0.0474603609868744,-0.0179884375934467,0.0348758197015633
20.3,-0.0475360946534045,-0.0180198190634497,0.0349884199233264
20.3333333333333,-0.0476118104945868,-0.0180512001494988,0.035101191235775
20.3666666666667,-0.0476875085152977,-0.0180825808500393,0.0352141335751632
20.4,-0.0477631887204701,-0.0181139611635527,0.0353272468776701
20.4333333333333,-0.047838851115101,-0.0181453410885547,0.0354405310793938
20.4666666666667,-0.047914495704257,-0.0181767206235939,0.0355539861163462
20.5,-0.0479901224930799,-0.0182080997672493,0.035667611924448
20.5333333333333,-0.0480657314867895,-0.0182394785181285,0.035781408439524
20.5666666666667,-0.0481413226906865,-0.0182708568748652,0.0358953755972991
20.6,-0.0482168961101529,-0.0183022348361167,0.036009513333396
20.6333333333333,-0.048292451750652,-0.0183336124005618,0.0361238215833319
20.6666666666667,-0.0483679896177264,-0.0183649895668973,0.0362383002825171
20.7,-0.0484435097169947,-0.0183963663338361,0.0363529493662542
20.7333333333333,-0.0485190120541472,-0.0184277427001037,0.0364677687697381
20.7666666666667,-0.0485944966349401,-0.0184591186644356,0.0365827584280562
20.8,-0.0486699634651886,-0.0184904942255748,0.03669791827619
20.8333333333333,-0.0487454125507591,-0.0185218693822678,0.0368132482490173
20.8666666666667,-0.0488208438975606,-0.0185532441332629,0.0369287482813142
20.9,-0.0488962575115352,-0.0185846184773062,0.0370444183077588
20.9333333333333,-0.0489716533986485,-0.0186159924131396,0.0371602582629346
20.9666666666667,-0.0490470315648791,-0.018647365939497,0.0372762680813341
21,-0.0491223920162086,-0.0186787390551025,0.0373924476973636
21.0333333333333,-0.0491977347586108,-0.0187101117586669,0.0375087970453468
21.0666666666667,-0.0492730597980423,-0.0187414840488853,0.0376253160595298
21.1,-0.0493483671404322,-0.0187728559244346,0.0377420046740853
21.1333333333333,-0.0494236567916733,-0.018804227383971,0.0378588628231164
21.1666666666667,-0.0494989287576134,-0.018835598426128,0.0379758904406612
21.2,-0.0495741830440481,-0.0188669690495135,0.038093087460696
21.2333333333333,-0.0496494196567142,-0.0188983392527087,0.0382104538171386
21.2666666666667,-0.0497246386012837,-0.0189297090342656,0.0383279894438512
21.3,-0.0497998398833603,-0.0189610783927055,0.0384456942746426
21.3333333333333,-0.0498750235084756,-0.0189924473265179,0.0385635682432695
21.3666666666667,-0.0499501894820882,-0.0190238158341585,0.0386816112834378
21.4,-0.0500253378095823,-0.0190551839140488,0.0387998233288027
21.4333333333333,-0.0501004684962697,-0.0190865515645749,0.0389182043129686
21.4666666666667,-0.0501755815473913,-0.0191179187840871,0.0390367541694876
21.5,-0.0502506769681211,-0.0191492855708993,0.0391554728318581
21.5333333333333,-0.0503257547635709,-0.0191806519232888,0.0392743602335223
21.5666666666667,-0.0504008149387964,-0.0192120178394967,0.0393934163078629
21.6,-0.0504758574988042,-0.0192433833177282,0.0395126409882001
21.6333333333333,-0.0505508824485597,-0.0192747483561532,0.039632034207787
21.6666666666667,-0.0506258897929957,-0.019306112952907,0.0397515958998059
21.7,-0.050700879537022,-0.0193374771060917,0.039871325997363
21.7333333333333,-0.0507758516855348,-0.0193688408137776,0.039991224433484
21.7666666666667,-0.0508508062434266,-0.0194002040740048,0.0401112911411089
21.8,-0.0509257432155965,-0.019431566884785,0.0402315260530872
21.8333333333333,-0.05100066260696,-0.0194629292441037,0.0403519291021735
21.8666666666667,-0.0510755644224585,-0.0194942911499226,0.0404725002210225
21.9,-0.0511504486670687,-0.019525652600182,0.0405932393421849
21.9333333333333,-0.051225315345811,-0.0195570135928036,0.0407141463981043
21.9666666666667,-0.0513001644637575,-0.0195883741256936,0.0408352213211131
22,-0.0513749960260386,-0.0196197341967454,0.0409564640434311
22.0333333333333,-0.0514498100378493,-0.0196510938038431,0.0410778744971627
22.0666666666667,-0.0515246065044537,-0.0196824529448648,0.0411994526142965
22.1,-0.0515993854311888,-0.0197138116176859,0.0413211983267048
22.1333333333333,-0.0516741468234669,-0.0197451698201827,0.0414431115661443
22.1666666666667,-0.0517488906867766,-0.019776527550236,0.0415651922642578
22.2,-0.0518236170266825,-0.0198078848057345,0.0416874403525763
22.2333333333333,-0.0518983258488239,-0.0198392415845787,0.0418098557625224
22.2666666666667,-0.0519730171589121,-0.0198705978846844,0.0419324384254146
22.3,-0.0520476909627258,-0.0199019537039859,0.0420551882724724
22.3333333333333,-0.0521223472661064,-0.0199333090404402,0.0421781052348219
22.3666666666667,-0.0521969860749516,-0.0199646638920297,0.0423011892435026
22.4,-0.0522716073952081,-0.0199960182567657,0.0424244402294742
22.4333333333333,-0.0523462112328638,-0.0200273721326918,0.0425478581236247
22.4666666666667,-0.0524207975939389,-0.0200587255178866,0.0426714428567781
22.5,-0.0524953664844772,-0.0200900784104666,0.042795194359703
22.5333333333333,-0.0525699179105361,-0.0201214308085888,0.0429191125631211
22.5666666666667,-0.0526444518781778,-0.0201527827104529,0.0430431973977157
22.6,-0.0527189683934589,-0.0201841341143037,0.0431674487941398
22.6333333333333,-0.0527934674624219,-0.0202154850184329,0.0432918666830251
22.6666666666667,-0.0528679490910855,-0.0202468354211804,0.0434164509949889
22.7,-0.0529424132854368,-0.020278185320936,0.0435412016606419
22.7333333333333,-0.0530168600514229,-0.02030953471614,0.0436661186105949
22.7666666666667,-0.0530912893949446,-0.0203408836052841,0.0437912017754644
22.8,-0.0531657013218498,-0.0203722319869118,0.0439164510858778
22.8333333333333,-0.0532400958379284,-0.0204035798596181,0.0440418664724776
22.8666666666667,-0.0533144729489089,-0.0204349272220493,0.0441674478659247
22.9,-0.0533888326604551,-0.0204662740729025,0.0442931951968999
22.9333333333333,-0.0534631749781646,-0.0204976204109242,0.0444191083961052
22.9666666666667,-0.0535374999075686,-0.0205289662349091,0.0445451873942636
23,-0.0536118074541325,-0.0205603115436984,0.0446714321221177
23.0333333333333,-0.0536860976232581,-0.0205916563361776,0.0447978425104265
23.0666666666667,-0.0537603704202869,-0.0206230006112745,0.0449244184899628
23.1,-0.0538346258505048,-0.0206543443679563,0.0450511599915074
23.1333333333333,-0.0539088639191469,-0.0206856876052265,0.0451780669458436
23.1666666666667,-0.0539830846314047,-0.0207170303221225,0.0453051392837505
23.2,-0.0540572879924324,-0.0207483725177115,0.0454323769359953
23.2333333333333,-0.0541314740073559,-0.0207797141910871,0.0455597798333249
23.2666666666667,-0.0542056426812802,-0.0208110553413659,0.0456873479064567
23.3,-0.0542797940192987,-0.0208423959676832,0.0458150810860697
23.3333333333333,-0.0543539280265022,-0.0208737360691892,0.0459429793027942
23.3666666666667,-0.0544280447079879,-0.0209050756450449,0.0460710424872022
23.4,-0.0545021440688681,-0.0209364146944177,0.0461992705697974
23.4333333333333,-0.0545762261142791,-0.0209677532164775,0.0463276634810053
23.4666666666667,-0.0546502908493894,-0.0209990912103923,0.0464562211511638
23.5,-0.0547243382794071,-0.0210304286753243,0.0465849435105139
23.5333333333333,-0.0547983684095872,-0.0210617656104254,0.0467138304891912
23.5666666666667,-0.0548723812452371,-0.0210931020148333,0.0468428820172181
23.6,-0.0549463767917223,-0.0211244378876678,0.0469720980244968
23.6333333333333,-0.0550203550544702,-0.0211557732280264,0.0471014784408027
23.6666666666667,-0.0550943160389731,-0.0211871080349816,0.0472310231957794
23.7,-0.0551682597507904,-0.0212184423075764,0.0473607322189348
23.7333333333333,-0.0552421861955488,-0.021249776044822,0.0474906054396375
23.7666666666667,-0.0553160953789421,-0.0212811092456941,0.0476206427871151
23.8,-0.0553899873067293,-0.0213124419091304,0.0477508441904538
23.8333333333333,-0.0554638619847319,-0.0213437740340281,0.0478812095785981
23.8666666666667,-0.0555377194188298,-0.0213751056192417,0.0480117388803534
23.9,-0.0556115596149562,-0.0214064366635808,0.0481424320243877
23.9333333333333,-0.0556853825790917,-0.021437767165809,0.0482732889392364
23.9666666666667,-0.0557591883172574,-0.0214690971246419,0.0484043095533063
24,-0.0558329768355072,-0.0215004265387469,0.0485354937948819
24.0333333333333,-0.0559067481399201,-0.0215317554067418,0.0486668415921315
24.0666666666667,-0.0559805022365916,-0.021563083727195,0.0487983528731149
24.1,-0.0560542391316247,-0.0215944114986254,0.0489300275657904
24.1333333333333,-0.0561279588311216,-0.0216257387195027,0.0490618655980237
24.1666666666667,-0.0562016613411742,-0.0216570653882483,0.0491938668975958
24.2,-0.0562753466678565,-0.0216883915032362,0.0493260313922119
24.2333333333333,-0.0563490148172156,-0.0217197170627947,0.0494583590095101
24.2666666666667,-0.0564226657952649,-0.0217510420652081,0.0495908496770693
24.3,-0.0564962996079763,-0.0217823665087186,0.0497235033224179
24.3333333333333,-0.0565699162612747,-0.0218136903915291,0.0498563198730416
24.3666666666667,-0.0566435157610324,-0.0218450137118053,0.0499892992563902
24.4,-0.0567170981130647,-0.0218763364676792,0.0501224413998846
24.4333333333333,-0.0567906633231269,-0.0219076586572524,0.0502557462309227
24.4666666666667,-0.0568642113969115,-0.0219389802785988,0.0503892136768842
24.5,-0.0569377423400478,-0.021970301329769,0.0505228436651354
24.5333333333333,-0.0570112561581014,-0.022001621808794,0.0506566361230319
24.5666666666667,-0.0570847528565756,-0.0220329417136888,0.0507905909779214
24.6,-0.0571582324409138,-0.0220642610424571,0.050924708157145
24.6333333333333,-0.0572316949165028,-0.0220955797930949,0.0510589875880373
24.6666666666667,-0.0573051402886775,-0.0221268979635955,0.0511934291979263
24.7,-0.0573785685627259,-0.0221582155519532,0.0513280329141313
24.7333333333333,-0.0574519797438959,-0.0221895325561682,0.0514627986639611
24.7666666666667,-0.0575253738374019,-0.0222208489742505,0.0515977263747103
24.8,-0.0575987508484325,-0.0222521648042248,0.0517328159736561
24.8333333333333,-0.0576721107821586,-0.0222834800441341,0.0518680673880533
24.8666666666667,-0.0577454536437416,-0.0223147946920445,0.0520034805451295
24.9,-0.0578187794383424,-0.0223461087460489,0.0521390553720801
24.9333333333333,-0.0578920881711291,-0.022377422204271,0.0522747917960626
24.9666666666667,-0.0579653798472863,-0.0224087350648689,0.0524106897441909
25,-0.0580386544720226,-0.0224400473260393,0.0525467491435303
25.0333333333333,-0.0581119120505783,-0.0224713589860201,0.0526829699210911
25.0666666666667,-0.0581851525882327,-0.0225026700430938,0.0528193520038246
25.1,-0.0582583760903106,-0.0225339804955907,0.0529558953186175
25.1333333333333,-0.0583315825621875,-0.0225652903418909,0.053092599792288
25.1666666666667,-0.0584047720092945,-0.0225965995804274,0.0532294653515822
25.2,-0.0584779444371222,-0.0226279082096872,0.0533664919231709
25.2333333333333,-0.0585510998512233,-0.0226592162282139,0.0535036794336476
25.2666666666667,-0.058624238257214,-0.0226905236346085,0.0536410278095268
25.3,-0.0586973596607751,-0.0227218304275306,0.0537785369772436
25.3333333333333,-0.0587704640676505,-0.0227531366056992,0.0539162068631537
25.3666666666667,-0.0588435514836465,-0.022784442167893,0.0540540373935348
25.4,-0.0589166219146282,-0.0228157471129501,0.0541920284945881
25.4333333333333,-0.0589896753665163,-0.0228470514397682,0.054330180092442
25.4666666666667,-0.0590627118452816,-0.0228783551473029,0.0544684921131545
25.5,-0.05913573135694,-0.0229096582345674,0.0546069644827187
25.5333333333333,-0.0592087339075457,-0.0229409607006306,0.0547455971270666
25.5666666666667,-0.0592817195031842,-0.022972262544615,0.0548843899720756
25.6,-0.0593546881499649,-0.0230035637656948,0.0550233429435734
25.6333333333333,-0.0594276398540131,-0.0230348643630932,0.0551624559673447
25.6666666666667,-0.0595005746214616,-0.0230661643360795,0.0553017289691375
25.7,-0.0595734924584429,-0.0230974636839656,0.0554411618746691
25.7333333333333,-0.0596463933710808,-0.0231287624061032,0.0555807546096328
25.7666666666667,-0.0597192773654827,-0.0231600605018792,0.0557205070997033
25.8,-0.0597921444477318,-0.0231913579707124,0.0558604192705429
25.8333333333333,-0.05986499462388,-0.0232226548120489,0.0560004910478063
25.8666666666667,-0.0599378278999417,-0.023253951025358,0.0561407223571454
25.9,-0.0600106442818878,-0.0232852466101274,0.0562811131242129
25.9333333333333,-0.060083443775641,-0.0233165415658584,0.0564216632746652
25.9666666666667,-0.0601562263870713,-0.0233478358920619,0.0565623727341652
26,-0.0602289921219932,-0.0233791295882526,0.0567032414283825
26.0333333333333,-0.0603017409861636,-0.0234104226539448,0.0568442692829945
26.0666666666667,-0.0603744729852805,-0.0234417150886474,0.0569854562236849
26.1,-0.0604471881249831,-0.0234730068918587,0.0571268021761422
26.1333333333333,-0.0605198864108527,-0.0235042980630623,0.0572683070660565
26.1666666666667,-0.0605925678484147,-0.0235355886017218,0.0574099708191153
26.2,-0.0606652324431416,-0.0235668785072768,0.057551793360999
26.2333333333333,-0.0607378802004572,-0.0235981677791381,0.0576937746173744
26.2666666666667,-0.0608105111257413,-0.0236294564166837,0.0578359145138879
26.3,-0.0608831252243349,-0.0236607444192546,0.057978212976158
26.3333333333333,-0.0609557225015472,-0.0236920317861513,0.058120669929767
26.3666666666667,-0.0610283029626617,-0.0237233185166303,0.0582632853002521
26.4,-0.0611008666129437,-0.0237546046099007,0.0584060590130961
26.4333333333333,-0.0611734134576477,-0.0237858900651214,0.0585489909937182
26.4666666666667,-0.0612459435020254,-0.0238171748813986,0.0586920811674645
26.5,-0.0613184567513326,-0.0238484590577835,0.0588353294595982
26.5333333333333,-0.0613909532108373,-0.0238797425932703,0.0589787357952909
26.5666666666667,-0.0614634328858267,-0.0239110254867953,0.0591223000996138
26.6,-0.0615358957816141,-0.0239423077372349,0.0592660222975289
26.6333333333333,-0.0616083419035452,-0.0239735893434057,0.0594099023138823
26.6666666666667,-0.0616807712570039,-0.0240048703040638,0.0595539400733968
26.7,-0.0617531838474172,-0.0240361506179049,0.0596981355006666
26.7333333333333,-0.0618255796802595,-0.0240674302835653,0.0598424885201525
26.7666666666667,-0.0618979587610559,-0.0240987092996224,0.0599869990561783
26.8,-0.0619703210953845,-0.0241299876645963,0.0601316670329289
26.8333333333333,-0.062042666688878,-0.0241612653769517,0.0602764923744486
26.8666666666667,-0.0621149955472244,-0.0241925424351,0.0604214750046423
26.9,-0.0621873076761659,-0.0242238188374021,0.0605666148472765
26.9333333333333,-0.0622596030814978,-0.0242550945821713,0.0607119118259826
26.9666666666667,-0.0623318817690662,-0.0242863696676763,0.0608573658642611
27,-0.062404143744764,-0.0243176440921455,0.0610029768854876
27.0333333333333,-0.0624763890145274,-0.0243489178537705,0.0611487448129192
27.0666666666667,-0.0625486175843305,-0.0243801909507106,0.0612946695697028
27.1,-0.0626208294601798,-0.0244114633810971,0.0614407510788837
27.1333333333333,-0.0626930246481079,-0.0244427351430383,0.0615869892634156
27.1666666666667,-0.062765203154167,-0.0244740062346241,0.0617333840461711
27.2,-0.0628373649844221,-0.0245052766539313,0.0618799353499528
27.2333333333333,-0.0629095101449437,-0.0245365463990288,0.0620266430975047
27.2666666666667,-0.0629816386418009,-0.0245678154679827,0.0621735072115237
27.3,-0.0630537504810539,-0.0245990838588619,0.0623205276146717
27.3333333333333,-0.0631258456687478,-0.0246303515697433,0.0624677042295867
27.3666666666667,-0.0631979242109058,-0.0246616185987172,0.0626150369788947
27.4,-0.0632699861135227,-0.0246928849438924,0.0627625257852198
27.4333333333333,-0.0633420313825603,-0.0247241506034017,0.062910170571195
27.4666666666667,-0.0634140600239417,-0.0247554155754069,0.0630579712594712
27.5,-0.0634860720435476,-0.0247866798581035,0.063205927772726
27.5333333333333,-0.0635580674472127,-0.0248179434497258,0.0633540400336708
27.5666666666667,-0.0636300462407233,-0.024849206348551,0.0635023079650577
27.6,-0.0637020084298157,-0.0248804685529039,0.0636507314896839
27.6333333333333,-0.063773954020175,-0.0249117300611603,0.0637993105303963
27.6666666666667,-0.0638458830174359,-0.0249429908717514,0.0639480450100934
27.7,-0.0639177954271833,-0.0249742509831666,0.0640969348517267
27.7333333333333,-0.0639896912549543,-0.0250055103939567,0.0642459799783007
27.7666666666667,-0.0640615705062411,-0.0250367691027364,0.0643951803128708
27.8,-0.0641334331864949,-0.0250680271081868,0.0645445357785408
27.8333333333333,-0.0642052793011294,-0.0250992844090568,0.0646940462984584
27.8666666666667,-0.064277108855527,-0.025130541004165,0.0648437117958102
27.9,-0.064348921855043,-0.0251617968924002,0.0649935321938151
27.9333333333333,-0.0644207183050128,-0.0251930520727221,0.0651435074157169
27.9666666666667,-0.0644924982107575,-0.0252243065441618,0.0652936373847761
28,-0.0645642615775906,-0.0252555603058204,0.0654439220242617
28.0333333333333,-0.0646360084108247,-0.0252868133568694,0.065594361257441
28.0666666666667,-0.064707738715778,-0.0253180656965481,0.0657449550075705
28.1,-0.0647794524977811,-0.025349317324163,0.065895703197886
28.1333333333333,-0.0648511497621827,-0.0253805682390847,0.0660466057515929
28.1666666666667,-0.0649228305143558,-0.0254118184407456,0.0661976625918559
28.2,-0.0649944947597028,-0.0254430679286369,0.0663488736417906
28.2333333333333,-0.0650661425036609,-0.0254743167023051,0.0665002388244539
28.2666666666667,-0.0651377737517052,-0.0255055647613482,0.0666517580628357
28.3,-0.0652093885093536,-0.0255368121054115,0.0668034312798519
28.3333333333333,-0.0652809867821678,-0.0255680587341829,0.066955258398337
28.3666666666667,-0.0653525685757568,-0.0255993046473888,0.0671072393410388
28.4,-0.0654241338957766,-0.0256305498447884,0.0672593740306133
28.4333333333333,-0.0654956827479311,-0.025661794326169,0.0674116623896213
28.4666666666667,-0.0655672151379714,-0.0256930380913402,0.0675641043405255
28.5,-0.0656387310716937,-0.0257242811401287,0.0677166998056895
28.5333333333333,-0.0657102305549373,-0.0257555234723723,0.067869448707377
28.5666666666667,-0.0657817135935817,-0.0257867650879146,0.0680223509677534
28.6,-0.0658531801935418,-0.0258180059865987,0.0681754065088873
28.6333333333333,-0.0659246303607645,-0.0258492461682618,0.0683286152527538
28.6666666666667,-0.0659960641012227,-0.0258804856327296,0.0684819771212383
28.7,-0.0660674814209101,-0.0259117243798101,0.0686354920361417
28.7333333333333,-0.0661388823258356,-0.0259429624092885,0.0687891599191854
28.7666666666667,-0.0662102668220167,-0.0259741997209219,0.068942980692018
28.8,-0.0662816349154736,-0.0260054363144337,0.0690969542762215
28.8333333333333,-0.0663529866122228,-0.0260366721895089,0.0692510805933186
28.8666666666667,-0.0664243219182709,-0.0260679073457893,0.0694053595647794
28.9,-0.0664956408396091,-0.026099141782869,0.0695597911120286
28.9333333333333,-0.0665669433822068,-0.0261303755002902,0.0697143751564526
28.9666666666667,-0.0666382295520072,-0.0261616084975397,0.069869111619406
29,-0.0667094993549222,-0.0261928407740451,0.0700240004222181
29.0333333333333,-0.0667807527968284,-0.0262240723291719,0.0701790414861981
29.0666666666667,-0.0668519898835633,-0.0262553031622206,0.0703342347326409
29.1,-0.0669232106209231,-0.0262865332724252,0.0704895800828306
29.1333333333333,-0.0669944150146602,-0.0263177626589505,0.0706450774580448
29.1666666666667,-0.0670656030704822,-0.0263489913208911,0.0708007267795564
29.2,-0.0671367747940513,-0.026380219257271,0.0709565279686358
29.2333333333333,-0.0672079301909845,-0.0264114464670424,0.0711124809465513
29.2666666666667,-0.0672790692668549,-0.0264426729490864,0.0712685856345686
29.3,-0.0673501920271938,-0.0264738987022133,0.0714248419539496
29.3333333333333,-0.0674212984774926,-0.0265051237251638,0.07158124982595
29.3666666666667,-0.0674923886232069,-0.0265363480166105,0.0717378091718159
29.4,-0.0675634624697598,-0.02656757157516,0.0718945199127798
29.4333333333333,-0.0676345200225469,-0.0265987943993555,0.0720513819700557
29.4666666666667,-0.0677055612869408,-0.0266300164876797,0.072208395264833
29.5,-0.0677765862682964,-0.0266612378385582,0.0723655597182714
29.5333333333333,-0.067847594971957,-0.0266924584503633,0.0725228752514933
29.5666666666667,-0.0679185874032593,-0.0267236783214182,0.0726803417855777
29.6,-0.0679895635675396,-0.0267548974500017,0.072837959241553
29.6333333333333,-0.0680605234701394,-0.0267861158343527,0.0729957275403906
29.6666666666667,-0.0681314671164112,-0.0268173334726757,0.0731536466029974
29.7,-0.0682023945117235,-0.0268485503631463,0.0733117163502104
29.7333333333333,-0.068273305661466,-0.0268797665039163,0.07346993670279
29.7666666666667,-0.0683442005710543,-0.02691098189312,0.0736283075814154
29.8,-0.0684150792459339,-0.0269421965288802,0.07378682890668
29.8333333333333,-0.0684859416915834,-0.0269734104093138,0.0739455005990875
29.8666666666667,-0.0685567879135179,-0.0270046235325382,0.0741043225790493
29.9,-0.068627617917291,-0.0270358358966777,0.074263294766883
29.9333333333333,-0.0686984317084961,-0.0270670474998693,0.0744224170828118
29.9666666666667,-0.0687692292927672,-0.0270982583402686,0.0745816894469651
30,-0.0688400106757794,-0.0271294684160564,0.0747411117793801
