0,0,0,0
0.0333333333333333,-8.78692138500656e-05,0.000139662934040475,0.117678465561034
0.0666666666666667,-0.000176565876834379,0.000275796973039511,0.227606635224759
0.1,-0.000266927430945586,0.000405204905902722,0.323949784733362
0.133333333333333,-0.000359644491265318,0.000525233710953508,0.403778955544941
0.166666666666667,-0.000454960049646201,0.000633835874152351,0.466905609506737
0.2,-0.000552393165643292,0.000729530057664647,0.515005241287594
0.233333333333333,-0.00065062654295086,0.000811329113157385,0.550628403902725
0.266666666666667,-0.000747579956305271,0.000878675729063132,0.576460032116582
0.3,-0.000840608581995044,0.000931395666063299,0.594905995086514
0.333333333333333,-0.000926749651689975,0.000969663662474588,0.607933994979335
0.366666666666667,-0.00100296320220386,0.000993974431056874,0.617064134871038
0.4,-0.00106634017296032,0.00100511326531529,0.623427811808459
0.433333333333333,-0.00111427000605252,0.00100412331348891,0.627846425751696
0.466666666666667,-0.00114456917207638,0.000992268389162908,0.630906389601302
0.5,-0.00115557489949495,0.000970991267448484,0.633021585083437
0.533333333333333,-0.00114620871170842,0.000941868062314592,0.634481861372093
0.566666666666667,-0.00111601335339222,0.000906559682070104,0.635489116834345
0.6,-0.00106516602719302,0.000866761597440486,0.636183472749868
0.633333333333333,-0.000994470243367923,0.000824153303753447,0.636661930921983
0.666666666666667,-0.000905328347523448,0.000780348908075262,0.636991526203561
0.7,-0.000799696731474895,0.000736850250392565,0.637218529887201
0.733333333333333,-0.000680025817911833,0.000695003919958371,0.637374853382485
0.766666666666667,-0.000549186942890668,0.000655963350547556,0.637482493230149
0.8,-0.000410388439811827,0.000620657100359526,0.637556605349101
0.833333333333333,-0.000267083194371519,0.000589764184071314,0.637607630550882
0.866666666666667,-0.000122870232813287,0.000563697211055318,0.637642759589099
0.9,1.86072410657971e-05,0.000542593800740893,0.637666943704065
0.933333333333333,0.00015373828108235,0.000526315989039745,0.637683592301443
0.966666666666667,0.000279009475131951,0.000514454838202937,0.637695052890086
1,0.000391182958423442,0.000506345465544629,0.637702940964208
1.03333333333333,0.000487407390801412,0.000501095732110657,0.637708370468954
1.06666666666667,0.00056530648993239,0.000497620288300487,0.63771210710018
1.1,0.000623047315861362,0.000494683473645654,0.637714678276487
1.13333333333333,0.000659393301943732,0.000490946403194494,0.63771644710559
1.16666666666667,0.000673734821568949,0.000485017669147513,0.637717663415245
1.2,0.000666099679464217,0.000475505924952415,0.637718499344338
1.23333333333333,0.000637144477751677,0.000461072062467958,0.637719073429612
1.26666666666667,0.000588126638465246,0.0004404795231798,0.637719467241917
1.3,0.000520858749933426,0.000412641508181038,0.637719736982156
1.33333333333333,0.000437647589309187,0.000376662852557484,0.637719921305292
1.36666666666667,0.000341218934132838,0.000331876409370688,0.637720046853846
1.4,0.000234633647820715,0.000277871254403097,0.637720131898905
1.43333333333333,0.000121193409995213,0.000214514432027591,0.637720189049454
1.46666666666667,4.34059442640813e-06,0.000141963175848486,0.637720226948047
1.5,-0.000112429865832151,6.06694950151324e-05,0.637720251550282
1.53333333333333,-0.000225637599478606,-2.86221008255863e-05,0.637720266933948
1.56666666666667,-0.000331958056500793,-0.000124871890338403,0.63772027590984
1.6,-0.000428356232970111,-0.000226753181836673,0.637720280423441
1.63333333333333,-0.000512179703778412,-0.00033270301139545,0.637720281828755
1.66666666666667,-0.000581242701470412,-0.000440966890413653,0.637720281087006
1.7,-0.000598203503893878,-0.000473039394175037,0.582652060074689
1.73333333333333,-0.000607082370491901,-0.00042143696532374,0.497759583662216
1.76666666666667,-0.00064478294639966,-0.000361877864267633,0.434458871923042
1.8,-0.000701020506954277,-0.000297104808775953,0.38544175745808
1.83333333333333,-0.000768414554418138,-0.000228767959989894,0.346363822658769
1.86666666666667,-0.000841302945585777,-0.000157941957398547,0.314480299318612
1.9,-0.000915138391597507,-8.5380951440219e-05,0.28797187561465
1.93333333333333,-0.000986164915017383,-1.165383274391e-05,0.26558497672336
1.96666666666667,-0.00105123856308492,6.27772548698597e-05,0.246427717005872
2,-0.00110772561449915,0.000137498486630684,0.2298482324253
2.03333333333333,-0.00115344402034886,0.000212126712534329,0.21535902905042
2.06666666666667,-0.00118662971076644,0.000286299164483326,0.202588245948591
2.1,-0.00120591588608781,0.000359663024837826,0.191247289181743
2.13333333333333,-0.00121031852359437,0.000431868932591927,0.181108762808517
2.16666666666667,-0.00119922406259215,0.000502567124508642,0.171991063672201
2.2,-0.00117237681079268,0.000571405418087687,0.163747403521273
2.23333333333333,-0.00112986463531443,0.000638028532933199,0.156257850343715
2.26666666666667,-0.00107210212452752,0.000702078415814319,0.149423454999054
2.3,-0.0009998108588998,0.000763195340542167,0.143161853129551
2.33333333333333,-0.000913996726482694,0.00082101961545536,0.137403932850659
2.36666666666667,-0.000815924350096751,0.000875193773403839,0.132091269484162
2.4,-0.000707088930833423,0.000925365134938048,0.127174138923567
2.43333333333333,-0.000589185713059987,0.000971188667680073,0.122609953687314
2.46666666666667,-0.000464077590762193,0.00101233004799986,0.118362029805658
2.5,-0.000333761022736959,0.00104846887790021,0.114398596156001
2.53333333333333,-0.000200330796419852,0.00107930197890551,0.110691999284671
2.56666666666667,-6.59439574390152e-05,0.00110454671239345,0.107218057301402
2.6,6.72139149806469e-05,0.00112394426659243,0.103955531846397
2.63333333333333,0.000196920971354055,0.00113726263508893,0.100885692859147
2.66666666666667,0.000320956473426463,0.00114429912991897,0.0979919591387866
2.7,0.000437202109233222,0.00114488321312807,0.0952595996627903
2.73333333333333,0.000543679503685842,0.00113887976393211,0.0926754811785878
2.76666666666667,0.000638589855957945,0.00112619180755275,0.0902278583376701
2.8,0.000720346888098784,0.00110676320182571,0.0879061943720181
2.83333333333333,0.000787605418697884,0.00108058091505047,0.0857010099945322
2.86666666666667,0.000839284727087993,0.00104767695885831,0.0836037538988937
2.9,0.000874586210830728,0.00100812993235845,0.0816066917302802
2.93333333333333,0.000893005206730419,0.000962066123185089,0.0797028107489881
2.96666666666667,0.000894336980085476,0.000909660192122647,0.0778857385493693
3,0.00087867719442219,0.0008511353355205,0.0761496698850254
3.03333333333333,0.000846416772907383,0.000786763035154351,0.0744893065016911
3.06666666666667,0.000798231631664704,0.000716862277814032,0.0728998019980849
3.1,0.000735067761178644,0.000641798337212802,0.0713767149245651
3.13333333333333,0.000658122391411118,0.000561981128105172,0.0699159678661957
3.16666666666667,0.000568820854213161,0.000477863068370614,0.068513810265227
3.2,0.000468790553972923,0.000389936540050631,0.0671667864941257
3.23333333333333,0.00035983209353718,0.000298730944297805,0.0658717073801652
3.26666666666667,0.000243888307395514,0.000204809423329169,0.0646256251448023
3.3,0.000123011277221273,0.000108765188829073,0.0634258108179221
3.33333333333333,-6.71611521252914e-07,1.12175875088439e-05,0.062269734472829
3.36666666666667,-0.000124976499770036,-8.71866459639938e-05,0.0611550472557107
3.4,-0.000247657430746946,-0.000185756177462196,0.0600795656022147
3.43333333333333,-0.000366486315669271,-0.000283774061501218,0.0590412568386807
3.46666666666667,-0.000479319628593075,-0.000380518952085853,0.0580382264799249
3.5,-0.000584133810248683,-0.000475269202165392,0.0570687065932777
3.53333333333333,-0.000679064423167996,-0.00056731024439466,0.0561310454932866
3.56666666666667,-0.000762440688632603,-0.000655941564530464,0.0552236982702256
3.6,-0.000832814855446942,-0.000740483226922908,0.0543452183700611
3.63333333333333,-0.000888987528335828,-0.000820282475526678,0.053494249830526
3.66666666666667,-0.000930027076950231,-0.000894719920973864,0.0526695203549878
3.7,-0.000955283943290272,-0.000963215419833397,0.0518698349065639
3.73333333333333,-0.000964398961917569,-0.00102523348038662,0.0510940699749166
3.76666666666667,-0.000957306365126109,-0.00108028819555821,0.0503411682587393
3.8,-0.000934231154160253,-0.0011279475937587,0.0496101338923614
3.83333333333333,-0.000895681468294089,-0.00116783741663879,0.0489000280069906
3.86666666666667,-0.00084243609259369,-0.00119964424953801,0.048209964735224
3.9,-0.000775527606784438,-0.00122311802054054,0.0475391074868931
3.93333333333333,-0.000696221690930356,-0.00123807383289027,0.0468866655884433
3.96666666666667,-0.000605992895888872,-0.00124439314988292,0.0462518911438047
4,-0.000506497670033264,-0.00124202433293253,0.0456340761952328
4.03333333333333,-0.000399544731797657,-0.00123098255281771,0.045032550066042
4.06666666666667,-0.000287063767802457,-0.0012113491046211,0.0444466769521891
4.1,-0.000171072341004679,-0.00118327014507557,0.0438758536639824
4.13333333333333,-5.36421129264234e-05,-0.00114695490523685,0.0433195075751607
4.16666666666667,6.31331581982353e-05,-0.00110267339737386,0.0427770946965454
4.2,0.000177137279143134,-0.00105075375449926,0.0422480979252951
4.23333333333333,0.000286270013872755,-0.000991579295459338,0.041732025394622
4.26666666666667,0.000388529114972033,-0.00092558497883719,0.0412284089662739
4.3,0.000482048165865561,-0.000853253478035409,0.0407368028121202
4.33333333333333,0.000565130216895331,-0.000775110917761233,0.0402567821181372
4.36666666666667,0.000636280428484631,-0.000691722366389435,0.0397879418598052
4.4,0.000694232108619409,-0.000603687149029491,0.0393298956805563
4.43333333333333,0.000737968872430682,-0.000511633987556776,0.0388822748297944
4.46666666666667,0.000766741087602199,-0.000416216056491198,0.0384447271877698
4.5,0.000780077232805025,-0.00031810596379763,0.0380169163401441
4.53333333333333,0.000777789563193131,-0.000217990728152805,0.0375985207260957
4.56666666666667,0.000759974638813838,-0.000116566758355892,0.0371892328280053
4.6,0.000727008555419889,-1.45349015728111e-05,0.0367887584237508
4.63333333333333,0.000679537421353606,8.73990497285198e-05,0.0363968158740409
4.66666666666667,0.000618463468809227,0.000188506338120079,0.036013135463491
4.7,0.000544927102116676,0.000288055094161126,0.0356374587715024
4.73333333333333,0.000460285191045636,0.00038533318711924,0.035269538089511
4.76666666666667,0.000366086017683648,0.0004796511808399,0.034909135863918
4.8,0.000264041705092853,0.000570348305752411,0.0345560241796357
4.83333333333333,0.000155998184451936,0.000656797720984716,0.0342099842661351
4.86666666666667,4.39036897866858e-05,0.000738410912777161,0.033870806039362
4.9,-7.0220782543178e-05,0.000814641934477551,0.0335382876633528
4.93333333333333,-0.000184278709032327,0.000884991064566796,0.0332122351413478
4.96666666666667,-0.000296139458350756,0.000949008127691645,0.0328924619276293
5,-0.00040371605315365,0.00100629503575515,0.0325787885704999
5.03333333333333,-0.000505003869605005,0.00105650781252382,0.0322710423686044
5.06666666666667,-0.00059811821330099,0.00109935796801736,0.0319690570528539
5.1,-0.000681331141858523,0.00113461339683771,0.0316726724828021
5.13333333333333,-0.000753102885530743,0.00116209870258114,0.0313817343655003
5.16666666666667,-0.000812110115443195,0.00118169507376769,0.0310960939870516
5.2,-0.000857268994043017,0.00119333965361917,0.0308156079639671
5.23333333333333,-0.000887753572015242,0.00119702453269492,0.0305401380054717
5.26666666666667,-0.000903008603017402,0.00119279531724777,0.0302695506930021
5.3,-0.0009027572958164,0.00118074939642803,0.0300037172689858
5.33333333333333,-0.000887003547992304,0.00116103387818125,0.0297425134403765
5.36666666666667,-0.000856029203652889,0.00113384329897818,0.0294858191899086
5.4,-0.000810386338757722,0.00109941709482019,0.0292335185999238
5.43333333333333,-0.000750885024806263,0.00105803691481109,0.028985499682529
5.46666666666667,-0.00067857697494746,0.00101002378161873,0.0287416542204488
5.5,-0.000594735360932146,0.000955735152660151,0.0285018776130506
5.53333333333333,-0.000500831513378975,0.000895561903006269,0.0282660687315301
5.56666666666667,-0.000398508596191848,0.000829925254532003,0.0280341297783689
5.6,-0.000289553187046131,0.000759273689070111,0.0278059661547641
5.63333333333333,-0.000175864656694835,0.000684079840468031,0.0275814863316928
5.66666666666667,-5.94234274363496e-05,0.000604837420238664,0.027360601728079
5.7,5.7739919673806e-05,0.000522058141309507,0.0271432265923592
5.73333333333333,0.000173544209612081,0.000436268670658145,0.0269292778928231
5.76666666666667,0.000285888859932854,0.000348007480008904,0.0267186752088766
5.8,0.000392736933751124,0.000257821953887356,0.0265113406246141
5.83333333333333,0.000492155184272482,0.00016626553350436,0.0263071986283798
5.86666666666667,0.000582348758351748,7.38950332771861e-05,0.0261061760184131
5.9,0.00066169627632463,-1.87318636841389e-05,0.0259082018113943
5.93333333333333,0.000728778684451717,-0.000111048750107701,0.0257132071568696
5.96666666666667,0.00078240464132299,-0.00020246972018378,0.0255211252547194
6,0.000821630652150775,-0.00029241325554809,0.0253318912781795
6.03333333333333,0.000845776491640962,-0.000380311152170392,0.0251454423000053
6.06666666666667,0.000854435111031523,-0.000465610029512896,0.0249617172238419
6.1,0.000847477528360823,-0.000547775536869708,0.0247806567185181
6.13333333333333,0.000825052351879137,-0.000626295281795581,0.0246022031569924
6.16666666666667,0.000787580494906518,-0.00070068183648461,0.0244263005578477
6.2,0.00073574516650577,-0.000770475519896468,0.0242528945307762
6.23333333333333,0.000670477565742862,-0.000835247013465981,0.0240819322240989
6.26666666666667,0.000592938755157352,-0.000894599705186572,0.0239133622755323
6.3,0.000504497955685517,-0.000948171879795184,0.0237471347644121
6.33333333333333,0.000406708028963493,-0.000995638609168324,0.0235832011664247
6.36666666666667,0.00030127818172429,-0.00103671346631332,0.0234215143092259
6.4,0.000190044863387504,-0.00107114994274489,0.0232620283299105
6.43333333333333,7.49406922114301e-05,-0.00109874266670619,0.0231046986328821
6.46666666666667,-4.20362310092249e-05,-0.00111932833749062,0.0229494818489796
6.5,-0.000158827084315173,-0.00113278641915357,0.0227963357927919
6.53333333333333,-0.000273329131643951,-0.00113903946453022,0.0226452194220883
6.56666666666667,-0.000383479969299742,-0.00113805333802174,0.0224960928014881
6.6,-0.000487301896451904,-0.0011298372259295,0.0223489170641674
6.63333333333333,-0.000582936910319764,-0.00111444346864479,0.022203654372746
6.66666666666667,-0.000668682677095944,-0.00109196719960918,0.022060267881405
6.7,-0.000743023613622169,-0.00106254574820962,0.0219187216979191
6.73333333333333,-0.0008046577983048,-0.00102635788410859,0.0217789808469343
6.76666666666667,-0.000852519792941599,-0.000983622823368846,0.0216410112336682
6.8,-0.000885798012841965,-0.000934599088746105,0.0215047796092576
6.83333333333333,-0.000903947358933372,-0.000879583128884784,0.0213702535369951
6.86666666666667,-0.000906696285296665,-0.00081890780768833,0.0212374013606575
6.9,-0.000894048942722349,-0.00075294065134835,0.0211061921741826
6.93333333333333,-0.000866282108469148,-0.000682081980038177,0.0209765957937922
6.96666666666667,-0.000823937470928699,-0.000606762801609805,0.0208485827318216
7,-0.000767809417931737,-0.000527442602814497,0.0207221241731826
7.03333333333333,-0.000698928761373616,-0.000444606912572347,0.0205971919537185
7.06666666666667,-0.000618542902698057,-0.000358764774810479,0.0204737585411641
7.1,-0.000528092682500988,-0.000270446008675371,0.0203517970179714
7.13333333333333,-0.000429186685967169,-0.000180198390106212,0.0202312810664863
7.16666666666667,-0.000323573039583233,-8.85846408569862e-05,0.0201121849557524
7.2,-0.000213109659232459,3.82064123358182e-06,0.0199944835302095
7.23333333333333,-9.97327819856133e-05,9.64267234809553e-05,0.0198781521995995
7.26666666666667,1.4575051886265e-05,0.000188613070602144,0.0197631669301717
7.3,0.000127799979940744,0.000279750694391617,0.0196495042378943
7.33333333333333,0.000237901035979148,0.0003692159670732,0.01953714118317
7.36666666666667,0.000342887425414074,0.000456393137598815,0.019426055360593
7.4,0.000440870487419241,0.00054067976394137,0.019316224890391
7.43333333333333,0.000530095465296445,0.000621491386640179,0.0192076284106372
7.46666666666667,0.000608975323500923,0.000698266011799541,0.0191002450684695
7.5,0.00067611967398092,0.000770468573487785,0.018994054510474
7.53333333333333,0.000730359030864292,0.000837595089771357,0.0188890368721498
7.56666666666667,0.000770765011560357,0.000899176599710361,0.018785172766183
7.6,0.000796665058490457,0.000954782781177649,0.0186824432697664
7.63333333333333,0.000807652429789729,0.00100402524294879,0.0185808299107676
7.66666666666667,0.000803590759348361,0.00104656044601545,0.0184803146531364
7.7,0.000784613806093657,0.00108209223567147,0.0183808798814184
7.73333333333333,0.000751120200124781,0.00111037396705192,0.0182825083849085
7.76666666666667,0.000703763731280431,0.00113121020198158,0.0181851833413293
7.8,0.000643439391707671,0.00114445798557887,0.018088888300664
7.83333333333333,0.00057126557847917,0.00115002767864857,0.0179936071690104
7.86666666666667,0.000488562993044587,0.0011478833760902,0.0178993241931171
7.9,0.000396830457381934,0.00113804288767323,0.0178060239454239
7.93333333333333,0.000297718425147774,0.00112057732772661,0.0177136913102311
7.96666666666667,0.000193000210429544,0.00109561029204543,0.0176223114707601
8,8.45418820280165e-05,0.00106331667903397,0.0175318698976346
8.03333333333333,-2.57288856040102e-05,0.00102392113672144,0.0174423523384554
8.06666666666667,-0.000135834111746879,0.000977696210388891,0.0173537448074144
8.1,-0.000243755606932944,0.000924960232887036,0.0172660335757446
8.13333333333333,-0.000347511567436903,0.000866074897388918,0.017179205168388
8.16666666666667,-0.000445203683301084,0.00080144249717666,0.0170932463597831
8.2,-0.000535049503193222,0.000731502953798945,0.0170081441698471
8.23333333333333,-0.000615417656762694,0.0006567305969878,0.0169238858610229
8.26666666666667,-0.000684857333065819,0.00057763077297035,0.0168404589357909
8.3,-0.000742124581243948,0.000494736287810788,0.0167578511344336
8.33333333333333,-0.000786203850316254,0.000408603721344859,0.0166760504329058
8.36666666666667,-0.00081632507604851,0.000319809632945154,0.0165950450404808
8.4,-0.000831975500258568,0.000228946689532107,0.0165148233970711
8.43333333333333,-0.000832906730173666,0.000136619735142936,0.0164353741699839
8.46666666666667,-0.000819136568515019,4.34418305825453e-05,0.0163566862500829
8.5,-0.000790946162106992,-4.99684335087219e-05,0.016278748747201
8.53333333333333,-0.000748872458286104,-0.000142973743888125,0.0162015509849269
8.56666666666667,-0.000693696473999481,-0.000234921491851631,0.016125082494705
8.6,-0.00062642753694229,-0.000325168986358333,0.0160493330092728
8.63333333333333,-0.000548283909173128,-0.000413088393694107,0.0159742924554923
8.66666666666667,-0.000460670395679036,-0.000498071036578852,0.0158999509469024
8.7,-0.000365153103894741,-0.00057953264264942,0.0158262987760206
8.73333333333333,-0.000263432190164314,-0.00065691747307008,0.0157533264067939
8.76666666666667,-0.000157312535261268,-0.000729702454745469,0.0156810244671946
8.8,-4.86733450904846e-05,-0.000797400876566594,0.0156093837423857
8.83333333333333,6.05609877848378e-05,-0.000859565739214944,0.0155383951686077
8.86666666666667,0.000168421419473272,-0.000915792694792601,0.0154680498299615
8.9,0.000272929599317219,-0.000965722663690008,0.0153983389535003
8.93333333333333,0.000372171420407007,-0.00100904388853134,0.015329253902963
8.96666666666667,0.000464333120186905,-0.00104549359299108,0.0152607861762184
9,0.000547734380643846,-0.00107485912665532,0.0151929274040403
9.03333333333333,0.000620860847737449,-0.00109697873082601,0.0151256693498346
9.06666666666667,0.000682391123679694,-0.00111174183203162,0.0150590039105405
9.1,0.000731220539167126,-0.00111908897547474,0.0149929231183858
9.13333333333333,0.000766479906698884,-0.00111901132796205,0.0149274191433288
9.16666666666667,0.000787549782165367,-0.00111154986621411,0.0148624842959764
9.2,0.000794069506853114,-0.0010967941893486,0.0147981110306602
9.23333333333333,0.000785941514799508,-0.00107488106676807,0.014734291948479
9.26666666666667,0.000763330596955133,-0.0010459926752939,0.0146710197999474
9.3,0.000726658606565873,-0.00101035462245151,0.0146082874870995
9.33333333333333,0.000676594708594273,-0.000968233727196676,0.0145460880647189
9.36666666666667,0.000614041551455016,-0.000919935634620562,0.0144844147406054
9.4,0.000540117818274291,-0.000865802254686913,0.0144232608746459
9.43333333333333,0.000456137373769189,-0.000806209076834643,0.0143626199766642
9.46666666666667,0.000363585735178987,-0.000741562370383495,0.0143024857029661
9.5,0.000264093898456526,-0.000672296295114484,0.014242851851605
9.53333333333333,0.000159410442111979,-0.000598869952654431,0.0141837123564574
9.56666666666667,5.13717629706742e-05,-0.000521764374323384,0.0141250612801676
9.6,-5.81261090824775e-05,-0.000441479496275791,0.0140668928060488
9.63333333333333,-0.000167128355874537,-0.000358531069934599,0.0140092012271821
9.66666666666667,-0.0002736527388021,-0.000273447543339677,0.0139519809372418
9.7,-0.000375763907428205,-0.000186766996186263,0.0138952264237428
9.73333333333333,-0.000471610046129819,-9.90341322384474e-05,0.0138389322587872
9.76666666666667,-0.000559457109781988,-1.07972735858543e-05,0.0137830930898884
9.8,-0.000637721929571121,7.7390264105891e-05,0.0137277036315932
9.83333333333333,-0.000705001057699657,0.000164956051297554,0.0136727586576136
9.86666666666667,-0.000760095683613847,0.000251323393027445,0.0136182529940756
9.9,-0.000802032662248456,0.000335927363424164,0.013564181513877
9.93333333333333,-0.000830080456436521,0.000418216343212809,0.0135105391324978
9.96666666666667,-0.000843760597763992,0.000497656254116987,0.0134573208051405
10,-0.000842853943319133,0.000573734079725086,0.0134045215253851
10.0333333333333,-0.000827402279042704,0.000645961081969428,0.0133521363251955
10.0666666666667,-0.000797705052197483,0.000713875884403902,0.0133001602762949
10.1,-0.000754311706426677,0.000777047345247251,0.0132485884927074
10.1333333333333,-0.000698009812750892,0.000835077108979326,0.0131974161343202
10.1666666666667,-0.000629809340161092,0.000887601978321204,0.0131466384112641
10.2,-0.000550923594646841,0.000934295934141616,0.0130962505888364
10.2333333333333,-0.000462746992758529,0.00097487194546947,0.0130462479927908
10.2666666666667,-0.000366830453821436,0.00100908343108666,0.0129966260146456
10.3,-0.000264854384752033,0.00103672548873671,0.0129473801168819
10.3333333333333,-0.000158600223715397,0.00105763579126999,0.0128985058376719
10.3666666666667,-4.99203405786311e-05,0.00107169523801669,0.0128499987950684
10.4,5.92901149441657e-05,0.00107882829866649,0.0128018546905267
10.4333333333333,0.000167094012946053,0.00107900308999095,0.0127540693136629
10.4666666666667,0.000271545345913257,0.00107223113013022,0.012706638543861
10.5,0.000370762595460255,0.00105856692786422,0.0126595583478319
10.5333333333333,0.000462963791921116,0.001038107335815,0.0126128247786262
10.5666666666667,0.000546499311972671,0.00101099068860897,0.0125664339736342
10.6,0.000619883067433879,0.000977395758335329,0.0125203821515476
10.6333333333333,0.000681819274503931,0.000937540474895282,0.0124746656086531
10.6666666666667,0.000731225148630564,0.00089168050718406,0.0124292807145137
10.7,0.000767249497541805,0.000840107618847149,0.012384223907242
10.7333333333333,0.000789286194292082,0.000783147914302118,0.0123394916886229
10.7666666666667,0.000796983155981727,0.000721159869629762,0.0122950806192071
10.8,0.00079024618547941,0.000654532280915168,0.0122509873136617
10.8333333333333,0.000769238262347446,0.000583682008574567,0.0122072084364475
10.8666666666667,0.00073437411529353,0.000509051661631095,0.0121637406980716
10.9,0.000686310571380052,0.000431107091789281,0.0121205808519257
10.9333333333333,0.000625932907739181,0.000350334845309391,0.0120777256918802
10.9666666666667,0.000554337557737937,0.000267239441316964,0.0120351720505887
11,0.000472811712700392,0.000182340622121679,0.0119929167985694
11.0333333333333,0.000382809988931484,9.61704494163326e-05,0.0119509568439736
11.0666666666667,0.000285928938399063,9.27038424044906e-06,0.0119092891330007
11.1,0.000183879378726925,-7.78073587827847e-05,0.011867910650841
11.1333333333333,7.84574612802327e-05,-0.00016448633544275,0.0118268184230143
11.1666666666667,-2.84851523788439e-05,-0.000250180955276388,0.0117860095169738
11.2,-0.00013505140461848,-0.000334312204189454,0.0117454810424172
11.2333333333333,-0.000239310916616974,-0.000416309775346575,0.0117052301516865
11.2666666666667,-0.000339373061584351,-0.000495616702246346,0.0116652540441698
11.3,-0.000433430357435634,-0.000571693607049487,0.0116255499681877
11.3333333333333,-0.000519789292342553,-0.000644022564593533,0.0115861152214628
11.3666666666667,-0.000596903599886445,-0.000712111003496402,0.0115469471511645
11.4,-0.000663401959051703,-0.000775495309766364,0.0115080431529567
11.4333333333333,-0.000718112716739902,-0.000833744230707385,0.01146940066917
11.4666666666667,-0.000760084017269179,-0.000886461997117943,0.0114310171861013
11.5,-0.000788599707553888,-0.000933291158412928,0.0113928902304677
11.5333333333333,-0.000803190201603405,-0.000973915098453326,0.011355017365187
11.5666666666667,-0.000803638839070638,-0.0010080602135352,0.0113173961845614
11.6,-0.000789983247305794,-0.00103549774693411,0.0112800243091561
11.6333333333333,-0.000762512274864762,-0.0010560452523808,0.0112428993804639
11.6666666666667,-0.00072175841593433,-0.00106956770660739,0.0112060190557268
11.7,-0.000668486203279225,-0.00107597823666673,0.0111693810029896
11.7333333333333,-0.000603676853718019,-0.00107523850325759,0.011132982896771
11.7666666666667,-0.000528509495309749,-0.00106735870268788,0.0110968224143911
11.8,-0.000444339547863236,-0.00105239724385615,0.011060897233287
11.8333333333333,-0.000352674407327705,-0.00103046006294178,0.0110252050293086
11.8666666666667,-0.000255147218772159,-0.00100169964124472,0.0109897434762157
11.9,-0.000153488708802665,-0.000966313691452128,0.01095451024632
11.9333333333333,-4.94980136774669e-05,-0.000924543581070538,0.0109195030123457
11.9666666666667,5.4985622101854e-05,-0.000876672463499598,0.0108847194505559
12,0.000158085486236482,-0.000823023197048047,0.0108501572466977
12.0333333333333,0.000257918969254256,-0.000763956052073091,0.0108158141007931
12.0666666666667,0.000352666731406552,-0.000699866173056628,0.0107816877301934
12.1,0.000440607394488369,-0.000631180833217902,0.0107477758756498
12.1333333333333,0.000520148606591204,-0.000558356515260187,0.0107140763077312
12.1666666666667,0.000589857744008359,-0.000481875836007525,0.0106805868332088
12.2,0.000648487314736949,-0.000402244348740856,0.0106473053012311
12.2333333333333,0.000694997292447125,-0.000319987228686553,0.0106142296090789
12.2666666666667,0.000728572684079028,-0.000235645872976636,0.0105813577071103
12.3,0.000748636843992825,-0.000149774429049,0.0105486876028587
12.3333333333333,0.000754859821792697,-6.29362723033001e-05,0.0105162173639333
12.3666666666667,0.000747162234107145,2.42992491765921e-05,0.0104839451197508
12.4,0.00072571432659574,0.000111349857958816,0.0104518690618913
12.4333333333333,0.000690930813555133,0.000197614022227045,0.0104199874432134
12.4666666666667,0.000643461396510069,0.00028249419093173,0.0103882985755581
12.5,0.000584177322823421,0.000365404832713118,0.0103568008261239
12.5333333333333,0.000514154599555556,0.000445775412761257,0.0103254926127471
12.5666666666667,0.000434653905149212,0.000523055467609198,0.0102943723981818
12.6,0.000347097922342076,0.000596718523569966,0.0102634386836752
12.6333333333333,0.000253046185074822,0.00066626597051343,0.0102326900019866
12.6666666666667,0.000154168252728402,0.000731230647226732,0.0102021249102286
12.7,5.22151357139364e-05,0.000791180110799635,0.0101717419826434
12.7333333333333,-5.10082253485887e-05,0.000845719552426452,0.010141539803608
12.7666666666667,-0.000153647109319573,0.000894494400655514,0.0101115169592668
12.8,-0.00025382439893209,0.000937192553892225,0.0100816720314301
12.8333333333333,-0.00034970957254505,0.000973546214040979,0.0100520035953024
12.8666666666667,-0.000439554060393663,0.00100333329922913,0.0100225102160801
12.9,-0.000521723289228737,0.00102637848981958,0.00999319044654137
12.9333333333333,-0.000594727894860469,0.00104255384625732,0.00996404282603098
12.9666666666667,-0.000657250885810571,0.00105177909808829,0.00993506588045673
13,-0.000708171098527073,0.00105402152263439,0.00990625812344913
13.0333333333333,-0.000746582880117243,0.0010492955218573,0.00987761805845884
13.0666666666667,-0.000771810976900479,0.0010376618300385,0.00984914418167678
13.1,-0.000783421151466611,0.00101922645655016,0.00982083498559182
13.1333333333333,-0.000781225884242485,0.000994139308901999,0.00979268896296333
13.1666666666667,-0.000765285652686753,0.000962592592821558,0.00976470461104646
13.2,-0.000735905597609883,0.000924818947928639,0.00973688043580225
13.2333333333333,-0.000693628005020646,0.000881089402038819,0.00970921495597713
13.2666666666667,-0.000639220795434272,0.000831711118528231,0.0096817067067913
13.3,-0.000573662332446572,0.000777025000523244,0.00965435424318018
13.3333333333333,-0.000498123055543845,0.000717403144369215,0.00962715614238282
13.3666666666667,-0.00041394409079285,0.000653246182826129,0.00960011100588171
13.4,-0.000322613583137943,0.000584980530143803,0.00957321746057462
13.4333333333333,-0.000225740732684337,0.000513055543585232,0.00954647415923485
13.4666666666667,-0.000125028450062229,0.000437940634434772,0.0095198797802409
13.5,-2.22444565085386e-05,0.000360122315989774,0.00949343302666938
13.5333333333333,8.08024241708081e-05,0.00028010124138458,0.00946713262523603
13.5666666666667,0.000182261699827731,0.000198389176099663,0.00944097732660753
13.6,0.000280289713354482,0.000115505971996393,0.00941496590195261
13.6333333333333,0.000373110230104256,3.19765650591728e-05,0.00938909713842157
13.6666666666667,0.000459044296823472,-5.16704702266456e-05,0.00936336983672967
13.7,0.000536542497200765,-0.000134891239591109,0.00933778280861047
13.7333333333333,0.000604213606318691,-0.000217131952958517,0.00931233487464949
13.7666666666667,0.000660849720877716,-0.000297847880926459,0.00928702486267815
13.8,0.000705447437395073,-0.000376506271479308,0.00926185160681537
13.8333333333333,0.00073722507558041,-0.000452589920422947,0.00923681394722905
13.8666666666667,0.000755635110359016,-0.000525600946521181,0.00921191073065699
13.9,0.000760372303781112,-0.00059506398552272,0.00918714081166033
13.9333333333333,0.000751377007368832,-0.000660529290904661,0.00916250305454792
13.9666666666667,0.000728834129765684,-0.000721575651368238,0.00913799633589743
14,0.00069316766557883,-0.000777812974063518,0.0091136195474933
14.0333333333333,0.000645031195955842,-0.000828884698063646,0.00908937159958894
14.0666666666667,0.000585294628521126,-0.000874469852611173,0.00906525142423116
14.1,0.000515027449797822,-0.000914284908560413,0.00904125797855577
14.1333333333333,0.000435479057893891,-0.00094808527512833,0.00901739024776079
14.1666666666667,0.000348056278164036,-0.000975666567181877,0.00899364724768761
14.2,0.000254298856337602,-0.000996865529625736,0.00897002802673908
14.2333333333333,0.000155852856435361,-0.00101156071997759,0.00894653166709963
14.2666666666667,5.44429206792942e-05,-0.0010196728722759,0.00892315728505895
14.3,-4.8155274635408e-05,-0.00102116501468604,0.00889990403033493
14.3333333333333,-0.000150119101170445,-0.00101604229274862,0.00887677108278054
14.3666666666667,-0.000249604481169461,-0.00100435151823818,0.00885375764973251
14.4,-0.000344813852035036,-0.000986180515493231,0.00883086296521955
14.4333333333333,-0.000434031636850408,-0.000961657235934797,0.00880808628598185
14.4666666666667,-0.00051565479296878,-0.000930948691651533,0.00878542688653003
14.5,-0.000588223890300652,-0.00089425966112379,0.00876288405376085
14.5333333333333,-0.000650449119830838,-0.000851831244396325,0.0087404570811321
14.5666666666667,-0.000701233555172514,-0.000803939206819982,0.00871814526260997
14.6,-0.000739691925950518,-0.000750892211048467,0.00869594788673929
14.6333333333333,-0.000765165399778634,-0.000693029847045852,0.00867386423090924
14.6666666666667,-0.000777231562390929,-0.000630720585259583,0.00865189355621264
14.7,-0.000775710105151834,-0.000564359540198043,0.00863003510293424
14.7333333333333,-0.000760663773907066,-0.000494366185182022,0.00860828808701931
14.7666666666667,-0.000732395098542795,-0.000421181892107638,0.00858665169751145
14.8,-0.000691438850354245,-0.000345267444692513,0.00856512509521099
14.8333333333333,-0.000638550653242221,-0.000267100393323522,0.00854370741249441
14.8666666666667,-0.000574692047699703,-0.000187172400864428,0.00852239775440784
14.9,-0.000501012285954344,-0.000105986448876045,0.00850119520093598
14.9333333333333,-0.000418827438118417,-2.40540485641627e-05,0.00848009881040419
14.9666666666667,-0.000329596912414518,5.81056059937326e-05,0.00845910762389184
15,-0.000234898166922177,0.000139953705979047,0.00843822067045506
15.0333333333333,-0.000136399528079884,0.000220940094415703,0.00841743697305885
15.0666666666667,-3.58321413113963e-05,0.000300520518402687,0.00839675555495971
15.1,6.50360195657935e-05,0.000378159270416504,0.00837617544660467
15.1333333333333,0.000164400996194888,0.000453333092863382,0.00835569569426025
15.1666666666667,0.000260461467256473,0.000525535215505292,0.00833531536593799
15.2,0.000351481185199233,0.00059427884489983,0.00831503355499984
15.2333333333333,0.000435820038884284,0.000659100729551775,0.00829484938529497
15.2666666666667,0.000511964245463265,0.000719564459601188,0.00827476201516003
15.3,0.000578555127973662,0.000775263574769608,0.00825477064040938
15.3333333333333,0.000634413097327836,0.000825824415256013,0.0082348744961946
15.3666666666667,0.000678558687389856,0.000870908717270234,0.00821507285772388
15.4,0.000710228974287468,0.000910215917372819,0.00819536503978225
15.4333333333333,0.000728889975130352,0.000943485155078098,0.00817575039518119
15.4666666666667,0.000734244277838998,0.000970496967372012,0.00815622831218475
15.5,0.00072623442515312,0.000991074649416775,0.00813679821107332
15.5333333333333,0.000705041697108232,0.00100508530325345,0.00811745954001938
15.5666666666667,0.000671080802116506,0.00101244053756021,0.00809821177042961
15.6,0.000624990492600906,0.00101309686293027,0.00807905439201663
15.6333333333333,0.000567620516249793,0.00100705573893625,0.00805998690772426
15.6666666666667,0.000500015244181609,0.000994363333948933,0.00804100882880679
15.7,0.000423394238508466,0.000975109951153656,0.00802211967013804
15.7333333333333,0.000339130357099309,0.000949429191901599,0.00800331894603519
15.7666666666667,0.000248725489076126,0.000917496810490223,0.00798460616661656
15.8,0.000153784709510094,0.000879529335621252,0.00796598083491753
15.8333333333333,5.59887840705876e-05,0.000835782416203952,0.00794744244472743
15.8666666666667,-4.29327493407889e-05,0.000786548965764962,0.00792899047918609
15.9,-0.000141208432158882,0.000732157076227279,0.00791062440861741
15.9333333333333,-0.000237047328435994,0.000672967790107201,0.00789234369012991
15.9666666666667,-0.000328704387743603,0.000609372634469697,0.00787414777103468
16,-0.000414515239694058,0.000541791021379932,0.00785603609080354
16.0333333333333,-0.000492926213296856,0.000470667472745341,0.00783800808325518
16.0666666666667,-0.000562523958890374,0.000396468731897761,0.00782006317916398
16.1,-0.00062206114441184,0.000319680760143402,0.00780220080887486
16.1333333333333,-0.000670478567890718,0.00024080564464241,0.00778442040483809
16.1666666666667,-0.000706923709745123,0.000160358428460172,0.00776672140391253
16.2,-0.000730764694854797,7.8863883494963e-05,0.00774910324924862
16.2333333333333,-0.000741600204498603,-3.14675425039044e-06,0.00773156539168762
16.2666666666667,-0.000739264681951909,-8.51332830364019e-05,0.00771410729056412
16.3,-0.000723829428321236,-0.000166536396574636,0.00769672841391908
16.3333333333333,-0.000695599177900472,-0.00024679537335426,0.00767942823809063
16.3666666666667,-0.000655104754040357,-0.00032535951875604,0.00766220624659024
16.4,-0.000603091872684847,-0.000401690505082237,0.00764506192842563
16.4333333333333,-0.000540506435825075,-0.00047526705367474,0.00762799477595041
16.4666666666667,-0.00046847677428486,-0.000545588740483726,0.00761100428241014
16.5,-0.000388293018461855,-0.000612179614303217,0.00759408993927694
16.5333333333333,-0.000301384265537291,-0.000674591646453653,0.00757725123360832
16.5666666666667,-0.000209293575473019,-0.000732407886521684,0.00756048764551761
16.6,-0.000113651627630997,-0.000785245315246649,0.00754379864600317
16.6333333333333,-1.61489241293124e-05,-0.000832757410885509,0.00752718369520147
16.6666666666667,8.14864302137102e-05,-0.000874636357069527,0.00751064224170121
16.7,0.000177490233721567,-0.000910614954005998,0.00749417372396742
16.7333333333333,0.000270110468302928,-0.000940468167295687,0.00747777756923721
16.7666666666667,0.000357661904835092,-0.000964014311502764,0.00746145319294378
16.8,0.000438554280485012,-0.00098111585576326,0.00744520000080587
16.8333333333333,0.000511322958899612,-0.000991679909325403,0.00742901739148093
16.8666666666667,0.000574655945171143,-0.000995658327400769,0.007412904760003
16.9,0.000627417582559253,-0.000993047527719973,0.00739686150193199
16.9333333333333,0.000668668478897301,-0.000983887953045087,0.00738088701793896
16.9666666666667,0.000697681633163069,-0.000968263274185508,0.00736498071875614
17,0.000713954021646129,-0.000946299278051407,0.0073491420301685
17.0333333333333,0.000717214081087663,-0.000918162531883363,0.00733337039795905
17.0666666666667,0.000707424606209777,-0.000884058778117642,0.00731766529245212
17.1,0.000684781513430584,-0.000844231142926622,0.00730202621259604
17.1333333333333,0.000649708384717499,-0.000798958124850819,0.00728645268925091
17.1666666666667,0.000602847167190892,-0.000748551432818383,0.00727094428766662
17.2,0.000545045288831394,-0.000693353654660285,0.00725550060889591
17.2333333333333,0.00047733944375368,-0.000633735806826189,0.00724012129017441
17.2666666666667,0.000400936586955971,-0.00057009476352104,0.00722480600413426
17.3,0.000317192239765493,-0.00050285059382625,0.00720955445692365
17.3333333333333,0.000227586858037886,-0.000432443824069582,0.0071943663852427
17.3666666666667,0.000133700207235537,-0.000359332629642258,0.00717924155239471
17.4,3.71846492032106e-05,-0.000283989993945372,0.00716417974350561
17.4333333333333,-6.02601808868529e-05,-0.000206900812778269,0.00714918075983086
17.4666666666667,-0.000156889293692458,-0.000128558994745417,0.00713424441092994
17.5,-0.000250947211854543,-4.94644971403665e-05,0.00711937050871383
17.5333333333333,-0.000340728069842521,2.9879086183952e-05,0.00710455886318549
17.5666666666667,-0.000424606653047835,0.00010895738500694,0.00708980927620138
17.6,-0.000501068259130071,0.000187242595571231,0.00707512153571423
17.6333333333333,-0.000568737656996437,0.00026421263906495,0.00706049541058494
17.6666666666667,-0.000626403607682973,0.000339356348864415,0.00704593064617615
17.7,-0.000673040720794173,0.000412176204373658,0.00703142696083343
17.7333333333333,-0.000707827008482142,0.000482192217857176,0.00701698404347608
17.7666666666667,-0.000730157634481474,0.000548945077620896,0.00700260155223938
17.8,-0.000739654114926608,0.000611999179025736,0.00698827911431959
17.8333333333333,-0.000736169411438588,0.000670945526550615,0.00697401632690403
17.8666666666667,-0.000719788547751212,0.000725404297237148,0.00695981275919157
17.9,-0.000690825187542402,0.000775027249531617,0.00694566795536419
17.9333333333333,-0.000649814177061388,0.000819499787636096,0.00693158143837762
17.9666666666667,-0.000597500400293123,0.000858542829276722,0.00691755271442912
18,-0.000534824283755598,0.000891914325362163,0.0069035812778655
18.0333333333333,-0.000462904159467145,0.000919410561062947,0.00688966661640885
18.0666666666667,-0.00038301609054192,0.000940867116065493,0.00687580821640213
18.1,-0.000296571206234429,0.000956159593745375,0.00686200556799045
18.1333333333333,-0.00020509135192559,0.000965204030077136,0.00684825816992882
18.1666666666667,-0.000110182941841124,0.000967957066774179,0.00683456553398211
18.2,-1.35099645057932e-05,0.000964415835294996,0.0068209271886444
18.2333333333333,8.32275984935214e-05,0.000954617605600037,0.00680734268266706
18.2666666666667,0.000178295151172679,0.000938639172228002,0.00679381158928457
18.3,0.000269972362617312,0.000916596002156261,0.00678033350638377
18.3333333333333,0.000356605556476569,0.000888641208251214,0.00676690805535347
18.3666666666667,0.000436635633772569,0.000854964305879372,0.00675353488079377
18.4,0.00050862754998937,0.000815789815705656,0.00674021364916087
18.4333333333333,0.000571297120733554,0.000771375661145635,0.006726944046851
18.4666666666667,0.000623533713754907,0.000722011449395215,0.00671372577783445
18.5,0.000664420019085293,0.000668016561751675,0.006700558560936
18.5333333333333,0.000693247384373618,0.000609738164416749,0.00668744212697817
18.5666666666667,0.000709527324652981,0.000547549040528004,0.00667437621589948
18.6,0.00071299847800911,0.00048184537492414,0.00666136057404452
18.6333333333333,0.000703629503881136,0.000413044373903568,0.00664839495170877
18.6666666666667,0.000681617605902065,0.000341581863657266,0.00663547910110108
18.7,0.000647383140785351,0.000267909739354766,0.00662261277475786
18.7333333333333,0.000601560357156944,0.000192493413418947,0.00660979572450843
18.7666666666667,0.000544984623995425,0.000115809132102351,0.00659702770097838
18.8,0.0004786765081343,3.8341307387913e-05,0.00658430845364917
18.8333333333333,0.000403822913567453,-3.94194716904995e-05,0.00657163773142232
18.8666666666667,0.000321755886508684,-0.000116967637422243,0.00655901528361665
18.9,0.000233929117417434,-0.000193784141034214,0.00654644086132505
18.9333333333333,0.000141892996881964,-0.000269354245836254,0.00653391421906144
18.9666666666667,4.72680810881572e-05,-0.000343171388194935,0.00652143511657044
19,-4.82804344064981e-05,-0.000414740291966118,0.00650900332049496
19.0333333333333,-0.000143048088908028,-0.000483580955793561,0.00649661860445314
19.0666666666667,-0.000235317546642394,-0.000549231853575283,0.00648428075035282
19.1,-0.000323419462371513,-0.00061125326027061,0.00647198955166701
19.1333333333333,-0.000405764179547205,-0.000669230324486399,0.00645974481416005
19.1666666666667,-0.00048087076404626,-0.000722775973814705,0.00644754635588034
19.2,-0.000547394964144884,-0.000771533581271731,0.0064353940065567
19.2333333333333,-0.000604153560687123,-0.000815179398385719,0.00642328760619863
19.2666666666667,-0.000650145253257506,-0.000853424719634864,0.00641122700301203
19.3,-0.000684568125522448,-0.000886017773844718,0.00639921205064996
19.3333333333333,-0.000706832704099122,-0.000912745331418207,0.00638724260493521
19.3666666666667,-0.000716571159793127,-0.000933434007771767,0.00637531852012853
19.4,-0.000713641998911307,-0.000947951280883698,0.00636343964497837
19.4333333333333,-0.000698130765339773,-0.000956206188231084,0.00635160581863197
19.4666666666667,-0.000670346507453937,-0.000958149746072832,0.00633981686670514
19.5,-0.000630814467273986,-0.000953775045690257,0.00632807259757764
19.5333333333333,-0.000580265095026452,-0.000943117088325509,0.00631637279921943
19.5666666666667,-0.000519619736866668,-0.000926252307328293,0.00630471723658563
19.6,-0.000449973390715341,-0.000903297851512401,0.00629310564983962
19.6333333333333,-0.000372574731468561,-0.000874410576282367,0.00628153775340386
19.6666666666667,-0.000288804029574736,-0.000839785822472738,0.00627001323600655
19.7,-0.00020014900572592,-0.00079965593116023,0.00625853176168486
19.7333333333333,-0.000108179416232865,-0.000754288574603782,0.00624709297179125
19.7666666666667,-1.45202653214101e-05,-0.000703984856346479,0.00623569648793234
19.8,7.91696458440839e-05,-0.000649077257332154,0.00622434191616146
19.8333333333333,0.000171200373462614,-0.000589927396104781,0.00621302885326952
19.8666666666667,0.00025989701801987,-0.000526923677363288,0.00620175689058717
19.9,0.000343650781327537,-0.000460478743698605,0.00619052561805631
19.9333333333333,0.000420945821417927,-0.000391026833434231,0.00617933463010587
19.9666666666667,0.00049038839149463,-0.000319021010291826,0.00616818353135015
20,0.000550732428697251,-0.000244930310291624,0.00615707194206911
20.0333333333333,0.000600902003706235,-0.000169236805117717,0.00614599950340426
20.0666666666667,0.000640010131342968,-9.2432606696913e-05,0.00613496588187116
20.1,0.000667373963422891,-1.50168216477519e-05,0.00612397077319597
20.1333333333333,0.000682525629719084,6.25048969193888e-05,0.00611301390517518
20.1666666666667,0.000685219183953075,0.00013961008631016,0.00610209503961971
20.2,0.000675433178060764,0.000215770038031445,0.00609121397317738
20.2333333333333,0.000653369256430903,0.000290464218315957,0.00608037053703203
20.2666666666667,0.000619446716395272,0.000363182602717053,0.00606956459545135
20.3,0.000574293402902637,0.000433429788468684,0.00605879604330024
20.3333333333333,0.000518733151444879,0.00050072876749941,0.00604806480260849
20.3666666666667,0.000453770066553164,0.000564624308386937,0.00603737081832038
20.4,0.000380570104390151,0.000624686266030155,0.00602671405343273
20.4333333333333,0.000300440103138153,0.000680512623658899,0.00601609448364702
20.4666666666667,0.000214804938149094,0.000731732265861306,0.00600551209183012
20.5,0.000125182796292163,0.000778007495578623,0.0059949668623808
20.5333333333333,3.31593964421814e-05,0.000819036230741073,0.00598445877583548
20.5666666666667,-5.9636294119335e-05,0.000854553916751428,0.00597398780357341
20.6,-0.000151535091466176,0.000884335102603983,0.00596355390153662
20.6333333333333,-0.000240862277440028,0.000908194737479869,0.00595315700662954
20.6666666666667,-0.000325993133938438,0.000925989084409495,0.00594279703559645
20.7,-0.000405382221558675,0.000937616342177704,0.00593247388292529
20.7333333333333,-0.000477591904433323,0.000943016909540569,0.00592218741986582
20.7666666666667,-0.000541319716905009,0.000942173371124308,0.00591193749436305
20.8,-0.000595421598058713,0.000935110150592042,0.0059017239318283
20.8333333333333,-0.000638932512573681,0.000921892908221296,0.00589154653669448
20.8666666666667,-0.00067108297298138,0.00090262763499886,0.00588140509463226
20.9,-0.000691311919949729,0.000877459524170022,0.00587129937528628
20.9333333333333,-0.000699275267860454,0.000846571575929888,0.00586122913536562
20.9666666666667,-0.000694850521494357,0.000810183014177717,0.00585119412195463
21,-0.000678137128019784,0.000768547478781654,0.00584119407583973
21.0333333333333,-0.000649452967170602,0.000721951063645089,0.00583122873475576
21.0666666666667,-0.000609326991108823,0.000670710175062623,0.00582129783635086
21.1,-0.00055848833829599,0.000615169266830321,0.00581140112082075
21.1333333333333,-0.000497852243223024,0.000555698440478665,0.00580153833305296
21.1666666666667,-0.000428502942156556,0.00049269094908168,0.00579170922428103
21.2,-0.000351674146595412,0.000426560609419907,0.00578191355315671
21.2333333333333,-0.000268727139257596,0.000357739139881293,0.00577215108628326
21.2666666666667,-0.000181127252842052,0.000286673447320631,0.00576242159819666
21.3,-9.04186432679433e-05,0.000213822857333772,0.00575272487086933
21.3333333333333,1.80174442502053e-06,0.00013965633102771,0.0057430606927982
21.3666666666667,9.3901896788189e-05,6.46496369041214e-05,0.00573342885843353
21.4,0.000184219815909096,-1.07174065197548e-05,0.00572382916832304
21.4333333333333,0.000271116195912333,-8.59575981920705e-05,0.0057142614258058
21.4666666666667,0.000353018121278424,-0.000160569350476666,0.0057047254343046
21.5,0.000428445752991413,-0.000234052945661086,0.00569522099590205
21.5333333333333,0.000496040530050104,-0.000305918504843922,0.00568574790997968
21.5666666666667,0.000554590277472335,-0.000375688160268857,0.00567630597234746
21.6,0.000603050703551089,-0.000442899838824524,0.00566689497492916
21.6333333333333,0.000640563962555254,-0.000507110400129635,0.0056575147060065
21.6666666666667,0.000666473014978825,-0.00056789856106938,0.00564816495107758
21.7,0.000680332314392882,-0.000624867756352909,0.0056388454943048
21.7333333333333,0.000681914168495265,-0.000677648665697823,0.00562955612048391
21.7666666666667,0.00067121120552332,-0.000725901597556082,0.00562029661748319
21.8,0.000648434693898955,-0.000769318545581731,0.00561106677898891
21.8333333333333,0.00061400910178551,-0.00080762505954497,0.00560186640748786
21.8666666666667,0.000568562990801383,-0.000840581779682388,0.00559269531725809
21.9,0.000512916532766328,-0.000867985765017064,0.00558355333729954
21.9333333333333,0.000448066043345621,-0.000889671487815927,0.00557444031395168
21.9666666666667,0.000375165684363568,-0.000905511609581613,0.00556535611314766
22,0.000295506967460564,-0.000915417439712914,0.00555630062207371
22.0333333333333,0.000210496059169429,-0.000919339170561256,0.00554727375021223
22.0666666666667,0.000121629699264054,-0.000917265822655846,0.00553827542960125
22.1,3.04695892981026e-05,-0.000909224967676012,0.00552930561432122
22.1333333333333,-6.13808595990892e-05,-0.000895282196650382,0.0055203642789313
22.1666666666667,-0.000152279647060828,-0.000875540366701019,0.00551145141466187
22.2,-0.000240581329882736,-0.000850138614566006,0.00550256702714432
22.2333333333333,-0.000324691168506263,-0.000819251201019902,0.0054937111345676
22.2666666666667,-0.000403093101198802,-0.000783086173495663,0.00548488376345686
22.3,-0.000474378254058315,-0.00074188384450122,0.00547608494404835
22.3333333333333,-0.000537271165349273,-0.000695915146313366,0.00546731470542002
22.3666666666667,-0.00059065287157652,-0.000645479801484223,0.0054585730703736
22.4,-0.000633580641415089,-0.00059090441032346,0.00544986005044442
22.4333333333333,-0.000665304378239974,-0.00053254036808862,0.00544117564107784
22.4666666666667,-0.000685278828434218,-0.000470761732012546,0.00543251981730367
22.5,-0.000693172079398104,-0.000405962931702904,0.00542389252993909
22.5333333333333,-0.000688869754412421,-0.000338556458031172,0.00541529370261189
22.5666666666667,-0.000672475381513256,-0.000268970409784657,0.00540672322959371
22.6,-0.000644306727483163,-0.000197646042178912,0.0053981809746543
22.6333333333333,-0.000604888505813632,-0.000125035189368913,0.00538966677088614
22.6666666666667,-0.000554941589194828,-5.1597707408188e-05,0.00538118042159588
22.7,-0.000495369023765596,2.22009400675791e-05,0.00537272170217973
22.7333333333333,-0.000427239256165649,9.58844873107309e-05,0.00536429036294471
22.7666666666667,-0.000351766716767711,0.000168961968783897,0.00535588613275684
22.8,-0.000270290423584928,0.000240944509877303,0.00534750872343834
22.8333333333333,-0.000184250603219901,0.000311350976014799,0.00533915783477743
22.8666666666667,-9.51641388008373e-05,0.000379710370160884,0.00533083315988739
22.9,-4.59869126994701e-06,0.000445565719878553,0.00532253439080699
22.9333333333333,8.58461714021791e-05,0.000508477135291152,0.0053142612245558
22.9666666666667,0.000174543324114279,0.000568024912032004,0.00530601337020776
23,0.000259886538655651,0.000623812426455632,0.0052977905524222
23.0333333333333,0.000340335685923317,0.000675468884507816,0.00528959251468275
23.0666666666667,0.000414442243911018,0.000722651838296919,0.00528141902300041
23.1,0.000480877267605515,0.000765049499818943,0.00527326986855597
23.1333333333333,0.000538455534286977,0.000802382798844801,0.00526514486944398
23.1666666666667,0.000586156872841906,0.00083440719380527,0.00525704387153939
23.2,0.000623143911601237,0.000860914216238349,0.00524896674837393
23.2333333333333,0.00064877637246663,0.000881732737335981,0.00524091340016254
23.2666666666667,0.000662621173987161,0.000896729967680213,0.00523288375199757
23.3,0.000664458807353645,0.000905812160906744,0.00522487775134869
23.3333333333333,0.000654285484849541,0.000908925059311778,0.00521689536499673
23.3666666666667,0.000632311540061582,0.000906054037993179,0.00520893657553184
23.4,0.000598955935393043,0.000897224006917655,0.00520100137761402
23.4333333333333,0.000554837282751271,0.000882499017915034,0.0051930897741021
23.4666666666667,0.000500761552879801,0.000861981650907265,0.00518520177227834
23.5,0.000437706763129648,0.000835812121368027,0.00517733738023599
23.5333333333333,0.000366805082966877,0.000804167191734259,0.00516949660364513
23.5666666666667,0.000289322504212364,0.000767258827996765,0.00516167944291808
23.6,0.000206636721141803,0.000725332686552134,0.00515388589094305
23.6333333333333,0.000120213220012416,0.000678666375489127,0.00514611593136128
23.6666666666667,3.1580376541228e-05,0.000627567572500525,0.00513836953748619
23.7,-5.76940466374616e-05,0.00057237195003987,0.00513064667161904
23.7333333333333,-0.000146006737373175,0.000513440987463273,0.00512294728350641
23.7666666666667,-0.000231752248001316,0.00045115963910785,0.00511527131129647
23.8,-0.000313375297402881,0.000385933881930535,0.00510761868439133
23.8333333333333,-0.000389398715793614,0.000318188141892947,0.00509998932495478
23.8666666666667,-0.000458450638143981,0.00024836263870532,0.0050923831497167
23.9,-0.000519290522881903,0.000176910640946452,0.00508480007188752
23.9333333333333,-0.00057083121474388,0.000104295666414252,0.00507724000292162
23.9666666666667,-0.00061215849267076,3.09886236782246e-05,0.00506970285411465
24,-0.00064254667244438,-4.25340907473848e-05,0.00506218853786182
24.0333333333333,-0.000661470737604024,-0.000115782509147713,0.00505469696854561
24.0666666666667,-0.000668614323965723,-0.000188256852817864,0.005047228062987
24.1,-0.000663873920582215,-0.000259463243164559,0.00503978174035205
24.1333333333333,-0.000647358987046505,-0.000328916990095037,0.00503235792154077
24.1666666666667,-0.000619388377591601,-0.000396145988974053,0.00502495652807696
24.2,-0.000580483056298106,-0.000460694469398611,0.00501757748059287
24.2333333333333,-0.000531355455918137,-0.000522126188768899,0.00501022069696219
24.2666666666667,-0.000472895741828723,-0.000580027593078207,0.00500288609023274
24.3,-0.000406155217187661,-0.000634010752416425,0.00499557356643225
24.3333333333333,-0.000332327374901297,-0.00068371604878575,0.00498828302244385
24.3666666666667,-0.000252726693174934,-0.000728814633652397,0.00498101434401842
24.4,-0.000168765864010243,-0.000769010599011438,0.00497376740412804
24.4333333333333,-8.19314160982166e-05,-0.00080404288383379,0.00496654206170906
24.4666666666667,6.24141771287998e-06,-0.000833686870726271,0.00495933816096715
24.5,9.41851645334769e-05,-0.000857755704734036,0.00495215553193658
24.5333333333333,0.000180307297201236,-0.000876101301222059,0.00494499399230543
24.5666666666667,0.000263041336068253,-0.000888615065203094,0.00493785334689361
24.6,0.00034088648633745,-0.000895228279502598,0.00493073338872513
24.6333333333333,0.000412433311588669,-0.000895912227333688,0.00492363390169938
24.6666666666667,0.000476390557447915,-0.000890677991082141,0.00491655466364932
24.7,0.000531608926976533,-0.000879576006935643,0.00490949545001493
24.7333333333333,0.000577101471893653,-0.000862695329260922,0.00490245603788339
24.7666666666667,0.000612061111570103,-0.0008401626731527,0.0048954362103121
24.8,0.00063587414553174,-0.00081214119751787,0.00488843576067896
24.8333333333333,0.000648130235860853,-0.000778829099189465,0.00488145449698743
24.8666666666667,0.000648628255935439,-0.000740457982928227,0.00487449224582632
24.9,0.000637378406457013,-0.000697291074935563,0.00486754885594055
24.9333333333333,0.000614600367393677,-0.000649621251613789,0.00486062420112869
24.9666666666667,0.000580717848650234,-0.000597768942141213,0.00485371818245862
25,0.000536349631774541,-0.000542079886939404,0.00484683072958165
25.0333333333333,0.000482297378712605,-0.0004829227969025,0.00483996180117469
25.0666666666667,0.000419530579949253,-0.000420686908738078,0.00483311138439156
25.1,0.000349168794786524,-0.000355779463924148,0.00482627949338656
25.1333333333333,0.000272461779922923,-0.000288623122483577,0.00481946616691145
25.1666666666667,0.000190767522006199,-0.000219653319086956,0.00481267146507132
25.2,0.00010552893866585,-0.000149315590576528,0.00480589546536089
25.2333333333333,1.82491342617078e-05,-7.80628609063815e-05,0.00479913825807444
25.2666666666667,-6.95296451117868e-05,-6.35273108964656e-06,0.00479239994101004
25.3,-0.000156229636492562,6.53521116396254e-05,0.00478568061254517
25.3333333333333,-0.000240277016058267,0.000136575524280536,0.00477898036714468
25.3666666666667,-0.000320149840687143,0.000206839143299198,0.00477229929142438
25.4,-0.000394403875752414,0.000275673315482273,0.00476563745909018
25.4333333333333,-0.000461700146631865,0.00034261900930625,0.00475899492649995
25.4666666666667,-0.000520829643740949,0.000407231332531765,0.00475237172890766
25.5,-0.000570735216211909,0.000469082707078107,0.00474576787736366
25.5333333333333,-0.000610530221888151,0.000527765672107305,0.00473918335655434
25.5666666666667,-0.000639513942492372,0.000582895690385861,0.00473261812349645
25.6,-0.000657183015246452,0.000634113634226447,0.00472607210722196
25.6333333333333,-0.000663239281777069,0.000681088134390417,0.00471954520935704
25.6666666666667,-0.000657593546374762,0.000723517622535751,0.00471303730560613
25.7,-0.000640365649281902,0.000761132198214716,0.00470654824802334
25.7333333333333,-0.000611880706449851,0.000793695173372198,0.00470007786797285
25.7666666666667,-0.000572661855868801,0.000821004422895039,0.00469362597965688
25.8,-0.000523419684679948,0.000842893410910168,0.00468719238402712
25.8333333333333,-0.000465038571621285,0.000859232010921531,0.00468077687297424
25.8666666666667,-0.000398560389398422,0.000869927014129732,0.00467437923356054
25.9,-0.000325165667714442,0.000874922426207006,0.00466799925222251
25.9333333333333,-0.000246152874829658,0.000874199475891343,0.00466163671869778
25.9666666666667,-0.000162915777214713,0.00086777641280862,0.00465529142964495
26,-7.69196945115231e-05,0.000855708049295205,0.00464896319173886
26.0333333333333,1.03234467905186e-05,0.000838085097133878,0.00464265182425945
26.0666666666667,9.72700765529122e-05,0.000815033284070939,0.00463635716175761
26.1,0.000182353408955919,0.000786712262338852,0.00463007905672713
26.1333333333333,0.000264034780217879,0.000753314355651256,0.00462381737851196
26.1666666666667,0.000340841292752475,0.000715063117283219,0.0046175720124671
26.2,0.000411390647427276,0.000672211759740531,0.00461134285931641
26.2333333333333,0.00047441789495568,0.000625041419626942,0.00460512983377295
26.2666666666667,0.000528798191002561,0.000573859325524568,0.00459893286286556
26.3,0.000573567080172692,0.000518996805501471,0.00459275188400357
26.3333333333333,0.000607937227540959,0.000460807239697878,0.00458658684291902
26.3666666666667,0.000631311841994888,0.000399663863516075,0.00458043769160453
26.4,0.000643294086213708,0.000335957546290878,0.00457430438638641
26.4333333333333,0.000643692895093865,0.000270094434317812,0.00456818688620724
26.4666666666667,0.000632524756699579,0.000202493594958771,0.00456208515123708
26.5,0.00061001188672236,0.000133584539874836,0.0045559991418453
26.5333333333333,0.000576576690018503,6.38047703372007e-05,0.00454992881799923
26.5666666666667,0.000532832865566113,-6.40276065516943e-06,0.00454387413908288
26.6,0.000479573356222917,-7.65873536450351e-05,0.00453783506413206
26.6333333333333,0.000417755379044235,-0.000146283896145776,0.00453181155242798
26.6666666666667,0.00034848299907054,-0.000215026620128898,0.00452580356443621
26.7,0.0002729873717214,-0.000282356944976671,0.00451981106303168
26.7333333333333,0.000192605297002051,-0.000347825415681437,0.00451383401487328
26.7666666666667,0.000108756044051433,-0.00041099537220337,0.0045078723918489
26.8,2.29172650216057e-05,-0.000471445919770828,0.00450192617243725
26.8333333333333,-6.33968272301313e-05,-0.000528774854420514,0.00449599534268658
26.8666666666667,-0.00014863922774913,-0.000582601439093945,0.00449007989563179
26.9,-0.000231266404123179,-0.000632569001504316,0.00448417983264475
26.9333333333333,-0.000309786099346507,-0.000678347336340748,0.00447829516508348
26.9666666666667,-0.000382783376024056,-0.000719634920222221,0.0044724259139084
27,-0.000448946894192141,-0.000756160884145768,0.00446657210884995
27.0333333333333,-0.000507093568333584,-0.000787686762580103,0.00446073378699662
27.0666666666667,-0.000556189549267759,-0.000814007987808235,0.00445491099076936
27.1,-0.000595368766819356,-0.000834955131022588,0.00444910376537508
27.1333333333333,-0.000623947641381041,-0.00085039489012704,0.00444331215584166
27.1666666666667,-0.000641436477210522,-0.000860230803741453,0.00443753620369522
27.2,-0.000647546829165593,-0.000864403721721353,0.00443177594348631
27.2333333333333,-0.000642195289401728,-0.000862891993722416,0.00442603139922619
27.2666666666667,-0.000625503324324154,-0.000855711430203212,0.00442030258098806
27.3,-0.000597793593796812,-0.000842914984449035,0.00441458948172378
27.3333333333333,-0.00055958270403044,-0.000824592227693918,0.00440889207455538
27.3666666666667,-0.000511570748354062,-0.000800868557717186,0.00440321031056791
27.4,-0.000454627877305918,-0.000771904224190675,0.00439754411732268
27.4333333333333,-0.000389778133487228,-0.000737893107549872,0.00439189339808604
27.4666666666667,-0.000318181031165625,-0.000699061339591522,0.00438625803191485
27.5,-0.000241110978215834,-0.00065566570320643,0.00438063787456225
27.5333333333333,-0.000159935205462367,-0.000607991898745305,0.00437503276024151
27.5666666666667,-7.60901648405864e-05,-0.000556352618739954,0.00436944250418659
27.6,8.9427445343597e-06,-0.0005010855130859,0.0043638669059392
27.6333333333333,9.36527478798744e-05,-0.000442550995703314,0.0043583057539594
27.6666666666667,0.000176508142775917,-0.000381129973548086,0.00435275883119288
27.7,0.000256005623380152,-0.000317221437802195,0.00434722591824981
27.7333333333333,0.000330706958501539,-0.000251239983586154,0.00434170679764985
27.7666666666667,0.000399263704620509,-0.000183613235685589,0.00433620125892338
27.8,0.000460442784853938,-0.000114779213721668,0.00433070910328595
27.8333333333333,0.000513149103603101,-4.51836370488219e-05,0.00432523014812301
27.8666666666667,0.000556444931252665,2.47224769359819e-05,0.00431976423092137
27.9,0.000589566514059241,9.44780003688353e-05,0.00431431121264044
27.9333333333333,0.000611936834966893,0.000163609668008629,0.00430887098031309
27.9666666666667,0.000623174979844691,0.000231647505919195,0.00430344344883158
28,0.000623101526243828,0.000298129719070531,0.00429802856176529
28.0333333333333,0.000611740354546886,0.00036260536555358,0.00429262629127167
28.0666666666667,0.000589316637124801,0.000424638051151594,0.00428723663705112
28.1,0.000556251392224043,0.00048380898176363,0.00428185962444602
28.1333333333333,0.00051315264810957,0.000539719971970399,0.00427649530173945
28.1666666666667,0.000460803524042746,0.000591996281424229,0.00427114373676571
28.2,0.000400147544923952,0.000640289217628417,0.00426580501299535
28.2333333333333,0.000332271377484411,0.000684278530274746,0.00426047922519954
28.2666666666667,0.000258385521474436,0.000723674548700683,0.00425516647492925
28.3,0.00017980301364883,0.000758220071719979,0.0042498668658919
28.3333333333333,9.79168422289078e-05,0.000787691976816316,0.0042445804994937
28.3666666666667,1.41760059856644e-05,0.000811902564724309,0.00423930747059443
28.4,-6.99345006063179e-05,0.000830700609516474,0.00423404786341139
28.4333333333333,-0.000152898340380839,0.0008439721442059,0.00422880174667817
28.4666666666667,-0.000233206971324454,0.000851640961151829,0.00422356917186954
28.5,-0.000309403932035839,0.000853668824845423,0.00421835017251233
28.5333333333333,-0.000380109452080873,0.000850055403659893,0.00421314476299983
28.5666666666667,-0.00044404681355628,0.000840837952997591,0.00420795293833483
28.6,-0.000500065816627699,0.00082609072188752,0.00420277467456512
28.6333333333333,-0.000547163593690219,0.000805924142573842,0.00419760992980588
28.6666666666667,-0.000584502286001014,0.00078048376824572,0.00419245864582694
28.7,-0.000611423597653801,0.000749949021879514,0.00418732075005524
28.7333333333333,-0.000627459533852628,0.000714531724634843,0.00418219615787596
28.7666666666667,-0.000632339691798315,0.000674474465782148,0.0041770847751183
28.8,-0.000625994632473215,0.000630048786636441,0.00417198650056884
28.8333333333333,-0.000608555715084573,0.000581553235786785,0.00416690122842932
28.8666666666667,-0.000580351256039034,0.000529311274747428,0.00416182885056533
28.9,-0.000541899337800155,0.000473669081994192,0.00415676925850064
28.9333333333333,-0.000493897431404906,0.00041499324439355,0.00415172234503763
28.9666666666667,-0.000437209063462473,0.000353668370524056,0.00414668800549894
29,-0.000372847944974701,0.000290094627793974,0.00414166613852529
29.0333333333333,-0.000301959671689107,0.000224685221146863,0.00413665664646048
29.0666666666667,-0.000225801613845619,0.000157863830720262,0.00413165943532152
29.1,-0.000145720976778079,9.00620073017004e-05,0.00412667441441159
29.1333333333333,-6.31318002563901e-05,2.171656036277e-05,0.00412170149563244
29.1666666666667,2.05089545769856e-05,-4.67317838774669e-05,0.00411674059258885
29.2,0.000103713819383023,-0.000114830816803512,0.00411179162040264
29.2333333333333,0.000184977498260629,-0.000182122678670395,0.00410685449548015
29.2666666666667,0.000262827238079922,-0.000248156618959864,0.0041019291326625
29.3,0.000335855514106223,-0.00031249139330911,0.00409701544376769
29.3333333333333,0.000402744194090831,-0.000374698345877478,0.00409211333692622
29.3666666666667,0.000462290003681223,-0.000434364627523077,0.00408722271608075
29.4,0.000513426077611397,-0.000491095895493737,0.00408234348102069
29.4333333333333,0.00055524121381652,-0.000544519049626948,0.00407747552788615
29.4666666666667,0.000586995679893992,-0.00059428467815488,0.00407261875016682
29.5,0.000608133822278358,-0.0006400693667955,0.00406777304018972
29.5333333333333,0.000618292847228533,-0.000681577723630364,0.00406293829102184
29.5666666666667,0.000617308128878279,-0.000718544237679372,0.00405811439874877
29.6,0.000605214670842773,-0.000750734830216927,0.00405330126498161
29.6333333333333,0.000582245085808865,-0.000777948223044072,0.00404849879953745
29.6666666666667,0.000548824040014714,-0.000800016993774216,0.00404370692309215
29.7,0.000505559456651284,-0.000816808436195964,0.00403892556975239
29.7333333333333,0.000453230719716874,-0.000828225116050629,0.00403415468932721
29.7666666666667,0.00039277406375072,-0.000834205226517351,0.00402939424926115
29.8,0.000325265635411801,-0.000834722658805852,0.00402464423603024
29.8333333333333,0.0002519022832326,-0.000829786872908473,0.00401990465598709
29.8666666666667,0.000173980752620836,-0.000819442512076646,0.00401517553551322
29.9,9.2875212160384e-05,-0.000803768822567951,0.00401045692049216
29.9333333333333,1.00139302534474e-05,-0.000782878852084106,0.00400574887504508
29.9666666666667,-7.31399804155077e-05,-0.000756918461121717,0.00400105147920854
30,-0.000155093302530691,-0.000726065147377269,0.00399636482495759
