   1.0000000e+01   1.0000000e+01   0.0000000e+00
   9.9998786e+00   9.9998786e+00  -3.4545159e-07
   9.9995143e+00   9.9995143e+00  -1.3905422e-06
   9.9989075e+00   9.9989073e+00  -3.2890978e-06
   9.9980583e+00   9.9980577e+00  -6.0221836e-06
   9.9969672e+00   9.9969657e+00  -9.3327928e-06
   9.9956348e+00   9.9956316e+00  -1.3353304e-05
   9.9940615e+00   9.9940557e+00  -1.8325043e-05
   9.9922483e+00   9.9922383e+00  -2.4369071e-05
   9.9901960e+00   9.9901800e+00  -3.1704091e-05
   9.9879056e+00   9.9878812e+00  -4.0477259e-05
   9.9853780e+00   9.9853424e+00  -5.0792823e-05
   9.9826147e+00   9.9825644e+00  -6.2847797e-05
   9.9796167e+00   9.9795476e+00  -7.6857627e-05
   9.9763857e+00   9.9762929e+00  -9.3056695e-05
   9.9729230e+00   9.9728011e+00  -1.1154963e-04
   9.9692302e+00   9.9690729e+00  -1.3257737e-04
   9.9653091e+00   9.9651092e+00  -1.5602372e-04
   9.9611614e+00   9.9609110e+00  -1.8241492e-04
   9.9567890e+00   9.9564793e+00  -2.1204672e-04
   9.9521939e+00   9.9518150e+00  -2.4517685e-04
   9.9473781e+00   9.9469193e+00  -2.8194869e-04
   9.9423438e+00   9.9417933e+00  -3.2243243e-04
   9.9370930e+00   9.9364381e+00  -3.6741366e-04
   9.9316282e+00   9.9308551e+00  -4.1710847e-04
   9.9259515e+00   9.9250454e+00  -4.7157689e-04
   9.9200655e+00   9.9190104e+00  -5.3029888e-04
   9.9139725e+00   9.9127514e+00  -5.9332178e-04
   9.9076751e+00   9.9062698e+00  -6.6072206e-04
   9.9011758e+00   9.8995672e+00  -7.3259316e-04
   9.8944772e+00   9.8926448e+00  -8.0906672e-04
   9.8875821e+00   9.8855044e+00  -8.9015749e-04
   9.8804930e+00   9.8781473e+00  -9.7584360e-04
   9.8732127e+00   9.8705752e+00  -1.0657246e-03
   9.8657440e+00   9.8627898e+00  -1.1597698e-03
   9.8580897e+00   9.8547926e+00  -1.2580242e-03
   9.8502525e+00   9.8465854e+00  -1.3605257e-03
   9.8422354e+00   9.8381699e+00  -1.4672568e-03
   9.8340412e+00   9.8295478e+00  -1.5782166e-03
   9.8256728e+00   9.8207209e+00  -1.6928235e-03
   9.8171330e+00   9.8116910e+00  -1.8110008e-03
   9.8084248e+00   9.8024599e+00  -1.9322598e-03
   9.7995510e+00   9.7930295e+00  -2.0565896e-03
   9.7905146e+00   9.7834017e+00  -2.1840019e-03
   9.7813186e+00   9.7735782e+00  -2.3144581e-03
   9.7719657e+00   9.7635611e+00  -2.4478516e-03
   9.7624589e+00   9.7533523e+00  -2.5841834e-03
   9.7528011e+00   9.7429537e+00  -2.7229497e-03
   9.7429952e+00   9.7323673e+00  -2.8639781e-03
   9.7330441e+00   9.7215951e+00  -3.0077329e-03
   9.7229506e+00   9.7106390e+00  -3.1542976e-03
   9.7127176e+00   9.6995011e+00  -3.3036042e-03
   9.7023479e+00   9.6881833e+00  -3.4550971e-03
   9.6918443e+00   9.6766877e+00  -3.6085444e-03
   9.6812095e+00   9.6650164e+00  -3.7644263e-03
   9.6704464e+00   9.6531713e+00  -3.9227809e-03
   9.6595577e+00   9.6411545e+00  -4.0834462e-03
   9.6485461e+00   9.6289681e+00  -4.2463857e-03
   9.6374143e+00   9.6166141e+00  -4.4109814e-03
   9.6261648e+00   9.6040946e+00  -4.5769888e-03
   9.6148003e+00   9.5914116e+00  -4.7442347e-03
   9.6033235e+00   9.5785672e+00  -4.9130185e-03
   9.5917367e+00   9.5655635e+00  -5.0833891e-03
   9.5800427e+00   9.5524025e+00  -5.2546900e-03
   9.5682437e+00   9.5390862e+00  -5.4267057e-03
   9.5563424e+00   9.5256167e+00  -5.5994026e-03
   9.5443410e+00   9.5119962e+00  -5.7727464e-03
   9.5322420e+00   9.4982265e+00  -5.9466328e-03
   9.5200476e+00   9.4843098e+00  -6.1214442e-03
   9.5077603e+00   9.4702480e+00  -6.2973078e-03
   9.4953822e+00   9.4560433e+00  -6.4736857e-03
   9.4829155e+00   9.4416976e+00  -6.6503743e-03
   9.4703625e+00   9.4272129e+00  -6.8273371e-03
   9.4577252e+00   9.4125913e+00  -7.0045378e-03
   9.4450059e+00   9.3978347e+00  -7.1824416e-03
   9.4322064e+00   9.3829450e+00  -7.3611791e-03
   9.4193290e+00   9.3679243e+00  -7.5402115e-03
   9.4063754e+00   9.3527746e+00  -7.7192725e-03
   9.3933478e+00   9.3374977e+00  -7.8988160e-03
   9.3802479e+00   9.3220955e+00  -8.0784706e-03
   9.3670777e+00   9.3065701e+00  -8.2580323e-03
   9.3538390e+00   9.2909233e+00  -8.4379661e-03
   9.3405336e+00   9.2751569e+00  -8.6184026e-03
   9.3271632e+00   9.2592729e+00  -8.7988031e-03
   9.3137295e+00   9.2432730e+00  -8.9789640e-03
   9.3002343e+00   9.2271593e+00  -9.1593508e-03
   9.2866791e+00   9.2109333e+00  -9.3400945e-03
   9.2730655e+00   9.1945971e+00  -9.5206572e-03
   9.2593952e+00   9.1781523e+00  -9.7008360e-03
   9.2456696e+00   9.1616007e+00  -9.8805955e-03
   9.2318902e+00   9.1449441e+00  -1.0060403e-02
   9.2180586e+00   9.1281842e+00  -1.0240390e-02
   9.2041761e+00   9.1113227e+00  -1.0420523e-02
   9.1902441e+00   9.0943613e+00  -1.0600265e-02
   9.1762640e+00   9.0773018e+00  -1.0779416e-02
   9.1622371e+00   9.0601457e+00  -1.0958004e-02
   9.1481647e+00   9.0428947e+00  -1.1136509e-02
   9.1340481e+00   9.0255504e+00  -1.1315066e-02
   9.1198885e+00   9.0081145e+00  -1.1493643e-02
   9.1056870e+00   8.9905884e+00  -1.1671707e-02
   9.0914449e+00   8.9729739e+00  -1.1849058e-02
   9.0771633e+00   8.9552724e+00  -1.2025667e-02
   9.0628433e+00   8.9374854e+00  -1.2202006e-02
   9.0484861e+00   8.9196145e+00  -1.2378211e-02
   9.0340925e+00   8.9016611e+00  -1.2554255e-02
   9.0196638e+00   8.8836268e+00  -1.2729606e-02
   9.0052008e+00   8.8655129e+00  -1.2904069e-02
   8.9907046e+00   8.8473208e+00  -1.3078119e-02
   8.9761761e+00   8.8290521e+00  -1.3251895e-02
   8.9616162e+00   8.8107080e+00  -1.3424869e-02
   8.9470258e+00   8.7922900e+00  -1.3596847e-02
   8.9324058e+00   8.7737994e+00  -1.3768307e-02
   8.9177571e+00   8.7552376e+00  -1.3939389e-02
   8.9030805e+00   8.7366057e+00  -1.4110069e-02
   8.8883767e+00   8.7179052e+00  -1.4279822e-02
   8.8736467e+00   8.6991373e+00  -1.4448455e-02
   8.8588910e+00   8.6803032e+00  -1.4616448e-02
   8.8441106e+00   8.6614043e+00  -1.4784014e-02
   8.8293060e+00   8.6424416e+00  -1.4951135e-02
   8.8144781e+00   8.6234164e+00  -1.5117286e-02
   8.7996274e+00   8.6043299e+00  -1.5282280e-02
   8.7847547e+00   8.5851833e+00  -1.5446597e-02
   8.7698606e+00   8.5659776e+00  -1.5610340e-02
   8.7549457e+00   8.5467140e+00  -1.5773487e-02
   8.7400107e+00   8.5273936e+00  -1.5935517e-02
   8.7250561e+00   8.5080175e+00  -1.6096244e-02
   8.7100825e+00   8.4885868e+00  -1.6256149e-02
   8.6950904e+00   8.4691025e+00  -1.6415345e-02
   8.6800805e+00   8.4495656e+00  -1.6573303e-02
   8.6650531e+00   8.4299772e+00  -1.6729840e-02
   8.6500090e+00   8.4103382e+00  -1.6885440e-02
   8.6349484e+00   8.3906497e+00  -1.7040789e-02
   8.6198721e+00   8.3709125e+00  -1.7194487e-02
   8.6047802e+00   8.3511278e+00  -1.7346029e-02
   8.5896735e+00   8.3312963e+00  -1.7497506e-02
   8.5745523e+00   8.3114190e+00  -1.7647720e-02
   8.5594170e+00   8.2914969e+00  -1.7795921e-02
   8.5442680e+00   8.2715307e+00  -1.7943336e-02
   8.5291058e+00   8.2515214e+00  -1.8089867e-02
   8.5139308e+00   8.2314698e+00  -1.8234126e-02
   8.4987432e+00   8.2113767e+00  -1.8376689e-02
   8.4835437e+00   8.1912431e+00  -1.8519406e-02
   8.4683323e+00   8.1710696e+00  -1.8660264e-02
   8.4531096e+00   8.1508571e+00  -1.8798065e-02
   8.4378758e+00   8.1306064e+00  -1.8934914e-02
   8.4226314e+00   8.1103182e+00  -1.9071982e-02
   8.4073765e+00   8.0899933e+00  -1.9206774e-02
   8.3921116e+00   8.0696324e+00  -1.9338162e-02
   8.3768369e+00   8.0492362e+00  -1.9468532e-02
   8.3615527e+00   8.0288055e+00  -1.9599030e-02
   8.3462594e+00   8.0083410e+00  -1.9729668e-02
   8.3309571e+00   7.9878433e+00  -1.9857138e-02
   8.3156461e+00   7.9673131e+00  -1.9978106e-02
   8.3003266e+00   7.9467510e+00  -2.0095849e-02
   8.2849990e+00   7.9261578e+00  -2.0213608e-02
   8.2696636e+00   7.9055341e+00  -2.0331257e-02
   8.2543206e+00   7.8848804e+00  -2.0448788e-02
   8.2389702e+00   7.8641975e+00  -2.0566243e-02
   8.2236126e+00   7.8434858e+00  -2.0683678e-02
   8.2082480e+00   7.8227460e+00  -2.0797849e-02
   8.1928765e+00   7.8019786e+00  -2.0905446e-02
   8.1774984e+00   7.7811843e+00  -2.1009749e-02
   8.1621141e+00   7.7603635e+00  -2.1114001e-02
   8.1467235e+00   7.7395169e+00  -2.1218120e-02
   8.1313270e+00   7.7186449e+00  -2.1322056e-02
   8.1159248e+00   7.6977482e+00  -2.1425771e-02
   8.1005169e+00   7.6768271e+00  -2.1525993e-02
   8.0851034e+00   7.6558821e+00  -2.1619462e-02
   8.0696846e+00   7.6349139e+00  -2.1709468e-02
   8.0542607e+00   7.6139228e+00  -2.1799254e-02
   8.0388319e+00   7.5929094e+00  -2.1888730e-02
   8.0233982e+00   7.5718741e+00  -2.1977819e-02
   8.0079600e+00   7.5508174e+00  -2.2066503e-02
   7.9925172e+00   7.5297397e+00  -2.2154836e-02
   7.9770700e+00   7.5086414e+00  -2.2239602e-02
   7.9616184e+00   7.4875230e+00  -2.2317555e-02
   7.9461627e+00   7.4663849e+00  -2.2391962e-02
   7.9307030e+00   7.4452275e+00  -2.2466050e-02
   7.9152394e+00   7.4240512e+00  -2.2539700e-02
   7.8997721e+00   7.4028565e+00  -2.2612907e-02
   7.8843012e+00   7.3816436e+00  -2.2685727e-02
   7.8688268e+00   7.3604131e+00  -2.2756626e-02
   7.8533488e+00   7.3391651e+00  -2.2820894e-02
   7.8378675e+00   7.3179002e+00  -2.2881443e-02
   7.8223829e+00   7.2966187e+00  -2.2940469e-02
   7.8068952e+00   7.2753208e+00  -2.2999067e-02
   7.7914046e+00   7.2540071e+00  -2.3057193e-02
   7.7759110e+00   7.2326778e+00  -2.3114902e-02
   7.7604147e+00   7.2113332e+00  -2.3171936e-02
   7.7449155e+00   7.1899736e+00  -2.3223701e-02
   7.7294135e+00   7.1685994e+00  -2.3269742e-02
   7.7139089e+00   7.1472109e+00  -2.3312285e-02
   7.6984019e+00   7.1258083e+00  -2.3354448e-02
   7.6828924e+00   7.1043921e+00  -2.3396113e-02
   7.6673806e+00   7.0829624e+00  -2.3437277e-02
   7.6518666e+00   7.0615196e+00  -2.3477998e-02
   7.6363503e+00   7.0400639e+00  -2.3518409e-02
   7.6208319e+00   7.0185957e+00  -2.3556015e-02
   7.6053113e+00   6.9971150e+00  -2.3586841e-02
   7.5897887e+00   6.9756224e+00  -2.3614093e-02
   7.5742641e+00   6.9541179e+00  -2.3641027e-02
   7.5587377e+00   6.9326019e+00  -2.3667530e-02
   7.5432095e+00   6.9110745e+00  -2.3693611e-02
   7.5276795e+00   6.8895361e+00  -2.3719336e-02
   7.5121478e+00   6.8679869e+00  -2.3744824e-02
   7.4966144e+00   6.8464271e+00  -2.3766800e-02
   7.4810793e+00   6.8248569e+00  -2.3781922e-02
   7.4655426e+00   6.8032765e+00  -2.3793417e-02
   7.4500044e+00   6.7816862e+00  -2.3804581e-02
   7.4344647e+00   6.7600862e+00  -2.3815330e-02
   7.4189237e+00   6.7384767e+00  -2.3825639e-02
   7.4033813e+00   6.7168578e+00  -2.3835602e-02
   7.3878375e+00   6.6952299e+00  -2.3845438e-02
   7.3722925e+00   6.6735930e+00  -2.3854816e-02
   7.3567462e+00   6.6519474e+00  -2.3858961e-02
   7.3411986e+00   6.6302932e+00  -2.3858374e-02
   7.3256498e+00   6.6086307e+00  -2.3854865e-02
   7.3100999e+00   6.5869601e+00  -2.3851163e-02
   7.2945489e+00   6.5652814e+00  -2.3847251e-02
   7.2789969e+00   6.5435949e+00  -2.3843191e-02
   7.2634439e+00   6.5219007e+00  -2.3839090e-02
   7.2478898e+00   6.5001991e+00  -2.3834956e-02
   7.2323348e+00   6.4784901e+00  -2.3829581e-02
   7.2167788e+00   6.4567739e+00  -2.3818014e-02
   7.2012218e+00   6.4350507e+00  -2.3802762e-02
   7.1856640e+00   6.4133206e+00  -2.3785829e-02
   7.1701053e+00   6.3915838e+00  -2.3768847e-02
   7.1545458e+00   6.3698405e+00  -2.3751845e-02
   7.1389855e+00   6.3480906e+00  -2.3734944e-02
   7.1234244e+00   6.3263345e+00  -2.3718157e-02
   7.1078627e+00   6.3045723e+00  -2.3701449e-02
   7.0923002e+00   6.2828040e+00  -2.3682504e-02
   7.0767369e+00   6.2610298e+00  -2.3657194e-02
   7.0611729e+00   6.2392498e+00  -2.3628602e-02
   7.0456082e+00   6.2174642e+00  -2.3599484e-02
   7.0300429e+00   6.1956730e+00  -2.3570530e-02
   7.0144771e+00   6.1738764e+00  -2.3541756e-02
   6.9989106e+00   6.1520746e+00  -2.3513241e-02
   6.9833436e+00   6.1302676e+00  -2.3484989e-02
   6.9677761e+00   6.1084555e+00  -2.3456964e-02
   6.9522080e+00   6.0866384e+00  -2.3426844e-02
   6.9366393e+00   6.0648165e+00  -2.3391142e-02
   6.9210700e+00   6.0429899e+00  -2.3352250e-02
   6.9055003e+00   6.0211586e+00  -2.3312412e-02
   6.8899301e+00   5.9993228e+00  -2.3272833e-02
   6.8743595e+00   5.9774825e+00  -2.3233558e-02
   6.8587884e+00   5.9556379e+00  -2.3194613e-02
   6.8432170e+00   5.9337891e+00  -2.3155995e-02
   6.8276451e+00   5.9119361e+00  -2.3117571e-02
   6.8120728e+00   5.8900790e+00  -2.3076581e-02
   6.7965001e+00   5.8682179e+00  -2.3030657e-02
   6.7809269e+00   5.8463529e+00  -2.2981688e-02
   6.7653534e+00   5.8244841e+00  -2.2931840e-02
   6.7497796e+00   5.8026116e+00  -2.2882318e-02
   6.7342054e+00   5.7807355e+00  -2.2833120e-02
   6.7186309e+00   5.7588558e+00  -2.2784245e-02
   6.7030562e+00   5.7369725e+00  -2.2735693e-02
   6.6874811e+00   5.7150859e+00  -2.2687329e-02
   6.6719057e+00   5.6931959e+00  -2.2636441e-02
   6.6563299e+00   5.6713027e+00  -2.2580687e-02
   6.6407539e+00   5.6494062e+00  -2.2521910e-02
   6.6251776e+00   5.6275067e+00  -2.2462248e-02
   6.6096010e+00   5.6056040e+00  -2.2402948e-02
   6.5940242e+00   5.5836984e+00  -2.2344041e-02
   6.5784472e+00   5.5617898e+00  -2.2285526e-02
   6.5628699e+00   5.5398784e+00  -2.2227362e-02
   6.5472925e+00   5.5179642e+00  -2.2169383e-02
   6.5317148e+00   5.4960472e+00  -2.2108876e-02
   6.5161368e+00   5.4741275e+00  -2.2043500e-02
   6.5005586e+00   5.4522053e+00  -2.1975097e-02
   6.4849802e+00   5.4302804e+00  -2.1905847e-02
   6.4694016e+00   5.4083530e+00  -2.1836988e-02
   6.4538229e+00   5.3864232e+00  -2.1768519e-02
   6.4382440e+00   5.3644910e+00  -2.1700440e-02
   6.4226649e+00   5.3425564e+00  -2.1632750e-02
   6.4070857e+00   5.3206195e+00  -2.1565415e-02
   6.3915063e+00   5.2986804e+00  -2.1496587e-02
   6.3759267e+00   5.2767390e+00  -2.1422553e-02
   6.3603469e+00   5.2547955e+00  -2.1345221e-02
   6.3447669e+00   5.2328499e+00  -2.1266539e-02
   6.3291870e+00   5.2109024e+00  -2.1188245e-02
   6.3136072e+00   5.1889532e+00  -2.1109732e-02
   6.2980270e+00   5.1670031e+00  -2.1031484e-02
   6.2824466e+00   5.1450530e+00  -2.0953514e-02
   6.2668662e+00   5.1231030e+00  -2.0875218e-02
   6.2512852e+00   5.1011545e+00  -2.0797000e-02
   6.2357038e+00   5.0792082e+00  -2.0719008e-02
   6.2201224e+00   5.0572650e+00  -2.0640631e-02
   6.2045410e+00   5.0353256e+00  -2.0562198e-02
   6.1889593e+00   5.0133913e+00  -2.0483791e-02
   6.1733772e+00   4.9914632e+00  -2.0405050e-02
   6.1577951e+00   4.9695423e+00  -2.0325686e-02
   6.1422126e+00   4.9476299e+00  -2.0246049e-02
   6.1266296e+00   4.9257275e+00  -2.0166445e-02
   6.1110464e+00   4.9038360e+00  -2.0086443e-02
   6.0954635e+00   4.8819567e+00  -2.0005290e-02
   6.0798805e+00   4.8600912e+00  -1.9923912e-02
   6.0642976e+00   4.8382409e+00  -1.9842670e-02
   6.0487150e+00   4.8164071e+00  -1.9761430e-02
   6.0331327e+00   4.7945910e+00  -1.9679929e-02
   6.0175506e+00   4.7727936e+00  -1.9597263e-02
   6.0019683e+00   4.7510167e+00  -1.9513513e-02
   5.9863862e+00   4.7292614e+00  -1.9429557e-02
   5.9708042e+00   4.7075287e+00  -1.9345465e-02
   5.9552224e+00   4.6858199e+00  -1.9261555e-02
   5.9396406e+00   4.6641367e+00  -1.9177557e-02
   5.9240590e+00   4.6424804e+00  -1.9093126e-02
   5.9084778e+00   4.6208520e+00  -1.9008510e-02
   5.8928971e+00   4.5992526e+00  -1.8923386e-02
   5.8773163e+00   4.5776837e+00  -1.8837728e-02
   5.8617359e+00   4.5561465e+00  -1.8751469e-02
   5.8461559e+00   4.5346419e+00  -1.8664809e-02
   5.8305764e+00   4.5131707e+00  -1.8577754e-02
   5.8149977e+00   4.4917340e+00  -1.8490244e-02
   5.7994199e+00   4.4703326e+00  -1.8402213e-02
   5.7838423e+00   4.4489681e+00  -1.8313923e-02
   5.7682653e+00   4.4276415e+00  -1.8225719e-02
   5.7526889e+00   4.4063534e+00  -1.8137151e-02
   5.7371130e+00   4.3851046e+00  -1.8047943e-02
   5.7215382e+00   4.3638959e+00  -1.7958266e-02
   5.7059636e+00   4.3427285e+00  -1.7868014e-02
   5.6903896e+00   4.3216031e+00  -1.7776538e-02
   5.6748161e+00   4.3005203e+00  -1.7684353e-02
   5.6592431e+00   4.2794807e+00  -1.7591702e-02
   5.6436707e+00   4.2584847e+00  -1.7498506e-02
   5.6280991e+00   4.2375330e+00  -1.7405195e-02
   5.6125283e+00   4.2166259e+00  -1.7311784e-02
   5.5969583e+00   4.1957639e+00  -1.7218382e-02
   5.5813893e+00   4.1749474e+00  -1.7124945e-02
   5.5658212e+00   4.1541769e+00  -1.7031004e-02
   5.5502541e+00   4.1334527e+00  -1.6936230e-02
   5.5346881e+00   4.1127753e+00  -1.6840250e-02
   5.5191232e+00   4.0921450e+00  -1.6743018e-02
   5.5035595e+00   4.0715622e+00  -1.6644414e-02
   5.4879969e+00   4.0510272e+00  -1.6544498e-02
   5.4724352e+00   4.0305401e+00  -1.6443935e-02
   5.4568747e+00   4.0101008e+00  -1.6343066e-02
   5.4413152e+00   3.9897098e+00  -1.6241837e-02
   5.4257569e+00   3.9693673e+00  -1.6140192e-02
   5.4101997e+00   3.9490734e+00  -1.6038128e-02
   5.3946437e+00   3.9288286e+00  -1.5935680e-02
   5.3790890e+00   3.9086331e+00  -1.5832677e-02
   5.3635353e+00   3.8884870e+00  -1.5728732e-02
   5.3479830e+00   3.8683904e+00  -1.5623636e-02
   5.3324317e+00   3.8483433e+00  -1.5517481e-02
   5.3168816e+00   3.8283460e+00  -1.5410299e-02
   5.3013326e+00   3.8083985e+00  -1.5302073e-02
   5.2857849e+00   3.7885011e+00  -1.5192854e-02
   5.2702386e+00   3.7686541e+00  -1.5082843e-02
   5.2546934e+00   3.7488572e+00  -1.4972234e-02
   5.2391494e+00   3.7291107e+00  -1.4861001e-02
   5.2236064e+00   3.7094144e+00  -1.4749245e-02
   5.2080646e+00   3.6897687e+00  -1.4636794e-02
   5.1925240e+00   3.6701737e+00  -1.4523297e-02
   5.1769847e+00   3.6506294e+00  -1.4408544e-02
   5.1614467e+00   3.6311360e+00  -1.4292457e-02
   5.1459098e+00   3.6116934e+00  -1.4175170e-02
   5.1303740e+00   3.5923017e+00  -1.4056654e-02
   5.1148393e+00   3.5729610e+00  -1.3937118e-02
   5.0993058e+00   3.5536714e+00  -1.3816935e-02
   5.0837733e+00   3.5344328e+00  -1.3696086e-02
   5.0682417e+00   3.5152451e+00  -1.3574435e-02
   5.0527112e+00   3.4961086e+00  -1.3451573e-02
   5.0371819e+00   3.4770233e+00  -1.3327482e-02
   5.0216538e+00   3.4579893e+00  -1.3202086e-02
   5.0061268e+00   3.4390064e+00  -1.3075322e-02
   4.9906009e+00   3.4200747e+00  -1.2947285e-02
   4.9750761e+00   3.4011944e+00  -1.2818115e-02
   4.9595525e+00   3.3823653e+00  -1.2688177e-02
   4.9440300e+00   3.3635875e+00  -1.2557534e-02
   4.9285085e+00   3.3448610e+00  -1.2426188e-02
   4.9129879e+00   3.3261857e+00  -1.2293964e-02
   4.8974685e+00   3.3075619e+00  -1.2160413e-02
   4.8819501e+00   3.2889892e+00  -1.2025507e-02
   4.8664326e+00   3.2704677e+00  -1.1889341e-02
   4.8509161e+00   3.2519978e+00  -1.1751920e-02
   4.8354006e+00   3.2335791e+00  -1.1613200e-02
   4.8198860e+00   3.2152119e+00  -1.1473277e-02
   4.8043725e+00   3.1968960e+00  -1.1332650e-02
   4.7888600e+00   3.1786316e+00  -1.1191240e-02
   4.7733485e+00   3.1604184e+00  -1.1049167e-02
   4.7578381e+00   3.1422566e+00  -1.0906447e-02
   4.7423286e+00   3.1241461e+00  -1.0763017e-02
   4.7268200e+00   3.1060866e+00  -1.0618391e-02
   4.7113122e+00   3.0880787e+00  -1.0472442e-02
   4.6958054e+00   3.0701223e+00  -1.0325238e-02
   4.6802995e+00   3.0522172e+00  -1.0176748e-02
   4.6647945e+00   3.0343636e+00  -1.0026879e-02
   4.6492905e+00   3.0165613e+00  -9.8756561e-03
   4.6337873e+00   2.9988104e+00  -9.7237437e-03
   4.6182847e+00   2.9811108e+00  -9.5711191e-03
   4.6027831e+00   2.9634625e+00  -9.4178371e-03
   4.5872822e+00   2.9458654e+00  -9.2639187e-03
   4.5717820e+00   2.9283195e+00  -9.1093024e-03
   4.5562826e+00   2.9108249e+00  -8.9539634e-03
   4.5407839e+00   2.8933814e+00  -8.7978589e-03
   4.5252858e+00   2.8759890e+00  -8.6409909e-03
   4.5097886e+00   2.8586478e+00  -8.4834911e-03
   4.4942921e+00   2.8413577e+00  -8.3252600e-03
   4.4787962e+00   2.8241186e+00  -8.1662727e-03
   4.4633009e+00   2.8069303e+00  -8.0064923e-03
   4.4478063e+00   2.7897931e+00  -7.8460523e-03
   4.4323124e+00   2.7727068e+00  -7.6848679e-03
   4.4168191e+00   2.7556715e+00  -7.5228484e-03
   4.4013264e+00   2.7386871e+00  -7.3600218e-03
   4.3858346e+00   2.7217537e+00  -7.1963325e-03
   4.3703434e+00   2.7048711e+00  -7.0318681e-03
   4.3548528e+00   2.6880392e+00  -6.8666124e-03
   4.3393628e+00   2.6712585e+00  -6.7004244e-03
   4.3238735e+00   2.6545285e+00  -6.5334636e-03
   4.3083846e+00   2.6378492e+00  -6.3657721e-03
   4.2928963e+00   2.6212207e+00  -6.1972548e-03
   4.2774085e+00   2.6046431e+00  -6.0278612e-03
   4.2619213e+00   2.5881161e+00  -5.8575979e-03
   4.2464347e+00   2.5716398e+00  -5.6864772e-03
   4.2309487e+00   2.5552142e+00  -5.5145781e-03
   4.2154629e+00   2.5388392e+00  -5.3419506e-03
   4.1999776e+00   2.5225147e+00  -5.1684992e-03
   4.1844925e+00   2.5062407e+00  -4.9942427e-03
   4.1690078e+00   2.4900172e+00  -4.8192055e-03
   4.1535236e+00   2.4738442e+00  -4.6435444e-03
   4.1380400e+00   2.4577215e+00  -4.4671181e-03
   4.1225568e+00   2.4416490e+00  -4.2899747e-03
   4.1070741e+00   2.4256270e+00  -4.1122051e-03
   4.0915919e+00   2.4096551e+00  -3.9336709e-03
   4.0761100e+00   2.3937335e+00  -3.7545217e-03
   4.0606286e+00   2.3778620e+00  -3.5747621e-03
   4.0451479e+00   2.3620408e+00  -3.3944116e-03
   4.0296683e+00   2.3462696e+00  -3.2133700e-03
   4.0141900e+00   2.3305484e+00  -3.0317834e-03
   3.9987135e+00   2.3148773e+00  -2.8497098e-03
   3.9832392e+00   2.2992564e+00  -2.6672337e-03
   3.9677674e+00   2.2836855e+00  -2.4843153e-03
   3.9522989e+00   2.2681645e+00  -2.3011399e-03
   3.9368346e+00   2.2526934e+00  -2.1176151e-03
   3.9213747e+00   2.2372721e+00  -1.9339398e-03
   3.9059202e+00   2.2219004e+00  -1.7501133e-03
   3.8904718e+00   2.2065782e+00  -1.5662188e-03
   3.8750300e+00   2.1913060e+00  -1.3823305e-03
   3.8595957e+00   2.1760833e+00  -1.1984799e-03
   3.8441698e+00   2.1609104e+00  -1.0147176e-03
   3.8287531e+00   2.1457868e+00  -8.3121740e-04
   3.8133462e+00   2.1307127e+00  -6.4795066e-04
   3.7979501e+00   2.1156882e+00  -4.6504968e-04
   3.7825656e+00   2.1007131e+00  -2.8254824e-04
   3.7671936e+00   2.0857874e+00  -1.0047968e-04
   3.7518348e+00   2.0709111e+00   8.1102588e-05
   3.7364903e+00   2.0560842e+00   2.6208791e-04
   3.7211607e+00   2.0413066e+00   4.4244366e-04
   3.7058468e+00   2.0265781e+00   6.2218044e-04
   3.6905496e+00   2.0118989e+00   8.0098654e-04
   3.6752697e+00   1.9972690e+00   9.7893166e-04
   3.6600078e+00   1.9826881e+00   1.1560518e-03
   3.6447644e+00   1.9681563e+00   1.3323055e-03
   3.6295402e+00   1.9536734e+00   1.5075868e-03
   3.6143358e+00   1.9392394e+00   1.6818043e-03
   3.5991520e+00   1.9248542e+00   1.8550404e-03
   3.5839893e+00   1.9105177e+00   2.0270943e-03
   3.5688485e+00   1.8962301e+00   2.1979500e-03
   3.5537302e+00   1.8819913e+00   2.3676814e-03
   3.5386349e+00   1.8678011e+00   2.5363402e-03
   3.5235630e+00   1.8536596e+00   2.7037418e-03
   3.5085150e+00   1.8395666e+00   2.8699037e-03
   3.4934915e+00   1.8255220e+00   3.0349113e-03
   3.4784928e+00   1.8115260e+00   3.1985223e-03
   3.4635194e+00   1.7975783e+00   3.3607120e-03
   3.4485715e+00   1.7836790e+00   3.5216845e-03
   3.4336498e+00   1.7698281e+00   3.6813093e-03
   3.4187544e+00   1.7560254e+00   3.8393548e-03
   3.4038857e+00   1.7422707e+00   3.9960068e-03
   3.3890441e+00   1.7285642e+00   4.1513078e-03
   3.3742299e+00   1.7149058e+00   4.3052142e-03
   3.3594433e+00   1.7012953e+00   4.4576215e-03
   3.3446846e+00   1.6877328e+00   4.6085286e-03
   3.3299541e+00   1.6742182e+00   4.7579796e-03
   3.3152520e+00   1.6607513e+00   4.9058909e-03
   3.3005784e+00   1.6473321e+00   5.0522836e-03
   3.2859334e+00   1.6339607e+00   5.1972274e-03
   3.2713173e+00   1.6206369e+00   5.3407552e-03
   3.2567303e+00   1.6073606e+00   5.4828086e-03
   3.2421724e+00   1.5941320e+00   5.6233173e-03
   3.2276437e+00   1.5809508e+00   5.7622529e-03
   3.2131445e+00   1.5678168e+00   5.8996989e-03
   3.1986748e+00   1.5547301e+00   6.0356544e-03
   3.1842347e+00   1.5416905e+00   6.1699933e-03
   3.1698242e+00   1.5286981e+00   6.3026472e-03
   3.1554435e+00   1.5157528e+00   6.4338024e-03
   3.1410926e+00   1.5028545e+00   6.5634389e-03
   3.1267715e+00   1.4900032e+00   6.6914349e-03
   3.1124805e+00   1.4771989e+00   6.8178330e-03
   3.0982195e+00   1.4644414e+00   6.9427399e-03
   3.0839886e+00   1.4517306e+00   7.0662223e-03
   3.0697878e+00   1.4390667e+00   7.1881697e-03
   3.0556173e+00   1.4264493e+00   7.3085688e-03
   3.0414769e+00   1.4138784e+00   7.4274679e-03
   3.0273666e+00   1.4013538e+00   7.5449061e-03
   3.0132867e+00   1.3888757e+00   7.6608990e-03
   2.9992371e+00   1.3764440e+00   7.7754436e-03
   2.9852180e+00   1.3640586e+00   7.8885424e-03
   2.9712291e+00   1.3517193e+00   8.0001583e-03
   2.9572704e+00   1.3394261e+00   8.1102258e-03
   2.9433420e+00   1.3271789e+00   8.2188149e-03
   2.9294440e+00   1.3149775e+00   8.3258542e-03
   2.9155765e+00   1.3028221e+00   8.4314010e-03
   2.9017395e+00   1.2907124e+00   8.5353468e-03
   2.8879329e+00   1.2786486e+00   8.6376293e-03
   2.8741567e+00   1.2666306e+00   8.7384134e-03
   2.8604110e+00   1.2546581e+00   8.8377463e-03
   2.8466955e+00   1.2427311e+00   8.9356016e-03
   2.8330105e+00   1.2308494e+00   9.0319520e-03
   2.8193559e+00   1.2190131e+00   9.1267579e-03
   2.8057317e+00   1.2072221e+00   9.2201443e-03
   2.7921380e+00   1.1954764e+00   9.3121513e-03
   2.7785747e+00   1.1837758e+00   9.4027354e-03
   2.7650419e+00   1.1721204e+00   9.4918822e-03
   2.7515395e+00   1.1605097e+00   9.5796028e-03
   2.7380675e+00   1.1489441e+00   9.6660823e-03
   2.7246261e+00   1.1374233e+00   9.7513219e-03
   2.7112150e+00   1.1259473e+00   9.8353200e-03
   2.6978345e+00   1.1145161e+00   9.9180911e-03
   2.6844844e+00   1.1031295e+00   9.9996214e-03
   2.6711648e+00   1.0917874e+00   1.0080021e-02
   2.6578756e+00   1.0804897e+00   1.0159245e-02
   2.6446167e+00   1.0692362e+00   1.0236892e-02
   2.6313884e+00   1.0580270e+00   1.0313032e-02
   2.6181903e+00   1.0468620e+00   1.0387662e-02
   2.6050227e+00   1.0357410e+00   1.0460755e-02
   2.5918854e+00   1.0246641e+00   1.0532299e-02
   2.5787786e+00   1.0136313e+00   1.0602392e-02
   2.5657023e+00   1.0026425e+00   1.0671070e-02
   2.5526564e+00   9.9169768e-01   1.0738289e-02
   2.5396408e+00   9.8079667e-01   1.0804011e-02
   2.5266555e+00   9.6993920e-01   1.0868293e-02
   2.5137006e+00   9.5912528e-01   1.0931204e-02
   2.5007763e+00   9.4835500e-01   1.0992766e-02
   2.4878824e+00   9.3762814e-01   1.1052901e-02
   2.4750189e+00   9.2694470e-01   1.1111580e-02
   2.4621858e+00   9.1630453e-01   1.1168833e-02
   2.4493831e+00   9.0570751e-01   1.1224739e-02
   2.4366107e+00   8.9515355e-01   1.1279417e-02
   2.4238685e+00   8.8464248e-01   1.1332833e-02
   2.4111567e+00   8.7417430e-01   1.1385006e-02
   2.3984752e+00   8.6374900e-01   1.1436144e-02
   2.3858240e+00   8.5336648e-01   1.1486108e-02
   2.3732030e+00   8.4302659e-01   1.1534814e-02
   2.3606122e+00   8.3272922e-01   1.1582283e-02
   2.3480516e+00   8.2247438e-01   1.1628549e-02
   2.3355210e+00   8.1226203e-01   1.1673630e-02
   2.3230205e+00   8.0209212e-01   1.1717369e-02
   2.3105502e+00   7.9196441e-01   1.1759746e-02
   2.2981101e+00   7.8187890e-01   1.1800821e-02
   2.2856999e+00   7.7183545e-01   1.1840548e-02
   2.2733199e+00   7.6183401e-01   1.1878970e-02
   2.2609700e+00   7.5187460e-01   1.1916040e-02
   2.2486502e+00   7.4195709e-01   1.1951769e-02
   2.2363606e+00   7.3208139e-01   1.1986212e-02
   2.2241012e+00   7.2224746e-01   1.2019362e-02
   2.2118719e+00   7.1245520e-01   1.2051191e-02
   2.1996726e+00   7.0270449e-01   1.2081746e-02
   2.1875034e+00   6.9299521e-01   1.2111117e-02
   2.1753642e+00   6.8332736e-01   1.2139366e-02
   2.1632551e+00   6.7370064e-01   1.2166384e-02
   2.1511760e+00   6.6411515e-01   1.2192169e-02
   2.1391269e+00   6.5457069e-01   1.2216706e-02
   2.1271078e+00   6.4506731e-01   1.2240083e-02
   2.1151186e+00   6.3560484e-01   1.2262291e-02
   2.1031593e+00   6.2618321e-01   1.2283799e-02
   2.0912298e+00   6.1680227e-01   1.2304732e-02
   2.0793303e+00   6.0746196e-01   1.2325155e-02
   2.0674608e+00   5.9816218e-01   1.2345078e-02
   2.0556210e+00   5.8890275e-01   1.2364406e-02
   2.0438112e+00   5.7968358e-01   1.2383121e-02
   2.0320311e+00   5.7050460e-01   1.2401178e-02
   2.0202809e+00   5.6136588e-01   1.2418589e-02
   2.0085604e+00   5.5226719e-01   1.2435355e-02
   1.9968697e+00   5.4320862e-01   1.2451567e-02
   1.9852087e+00   5.3418987e-01   1.2467122e-02
   1.9735774e+00   5.2521094e-01   1.2481884e-02
   1.9619758e+00   5.1627181e-01   1.2495318e-02
   1.9504038e+00   5.0737220e-01   1.2507470e-02
   1.9388617e+00   4.9851218e-01   1.2518386e-02
   1.9273492e+00   4.8969161e-01   1.2528027e-02
   1.9158663e+00   4.8091055e-01   1.2536357e-02
   1.9044130e+00   4.7216879e-01   1.2543842e-02
   1.8929893e+00   4.6346609e-01   1.2550578e-02
   1.8815952e+00   4.5480245e-01   1.2556638e-02
   1.8702306e+00   4.4617777e-01   1.2562014e-02
   1.8588955e+00   4.3759202e-01   1.2566778e-02
   1.8475901e+00   4.2904522e-01   1.2570957e-02
   1.8363141e+00   4.2053718e-01   1.2574630e-02
   1.8250677e+00   4.1206796e-01   1.2577762e-02
   1.8138510e+00   4.0363748e-01   1.2580437e-02
   1.8026637e+00   3.9524545e-01   1.2582541e-02
   1.7915060e+00   3.8689181e-01   1.2583913e-02
   1.7803776e+00   3.7857639e-01   1.2584579e-02
   1.7692786e+00   3.7029925e-01   1.2584484e-02
   1.7582089e+00   3.6206025e-01   1.2583668e-02
   1.7471686e+00   3.5385931e-01   1.2582127e-02
   1.7361575e+00   3.4569628e-01   1.2579833e-02
   1.7251757e+00   3.3757114e-01   1.2576720e-02
   1.7142231e+00   3.2948365e-01   1.2572741e-02
   1.7033000e+00   3.2143373e-01   1.2567815e-02
   1.6924061e+00   3.1342131e-01   1.2561928e-02
   1.6815415e+00   3.0544644e-01   1.2555235e-02
   1.6707058e+00   2.9750885e-01   1.2547709e-02
   1.6598994e+00   2.8960855e-01   1.2539471e-02
   1.6491221e+00   2.8174533e-01   1.2530546e-02
   1.6383741e+00   2.7391935e-01   1.2521085e-02
   1.6276549e+00   2.6613040e-01   1.2511079e-02
   1.6169650e+00   2.5837857e-01   1.2500480e-02
   1.6063041e+00   2.5066348e-01   1.2489290e-02
   1.5956723e+00   2.4298516e-01   1.2477466e-02
   1.5850694e+00   2.3534347e-01   1.2465035e-02
   1.5744955e+00   2.2773830e-01   1.2452041e-02
   1.5639507e+00   2.2016945e-01   1.2438364e-02
   1.5534350e+00   2.1263697e-01   1.2423973e-02
   1.5429480e+00   2.0514070e-01   1.2408832e-02
   1.5324899e+00   1.9768078e-01   1.2392894e-02
   1.5220607e+00   1.9025676e-01   1.2376126e-02
   1.5116605e+00   1.8286872e-01   1.2358465e-02
   1.5012889e+00   1.7551652e-01   1.2339872e-02
   1.4909460e+00   1.6820011e-01   1.2320697e-02
   1.4806318e+00   1.6091938e-01   1.2301145e-02
   1.4703464e+00   1.5367421e-01   1.2281148e-02
   1.4600896e+00   1.4646451e-01   1.2260553e-02
   1.4498614e+00   1.3929021e-01   1.2239377e-02
   1.4396617e+00   1.3215117e-01   1.2217770e-02
   1.4294907e+00   1.2504728e-01   1.2195624e-02
   1.4193484e+00   1.1797852e-01   1.2172922e-02
   1.4092346e+00   1.1094481e-01   1.2149668e-02
   1.3991494e+00   1.0394615e-01   1.2125827e-02
   1.3890928e+00   9.6982245e-02   1.2101386e-02
   1.3790648e+00   9.0053079e-02   1.2076291e-02
   1.3690651e+00   8.3158629e-02   1.2050573e-02
   1.3590938e+00   7.6298745e-02   1.2024191e-02
   1.3491511e+00   6.9473256e-02   1.1997057e-02
   1.3392368e+00   6.2682167e-02   1.1969041e-02
   1.3293508e+00   5.5925484e-02   1.1940091e-02
   1.3194931e+00   4.9203100e-02   1.1910557e-02
   1.3096640e+00   4.2514721e-02   1.1880713e-02
   1.2998633e+00   3.5860270e-02   1.1850578e-02
   1.2900909e+00   2.9239750e-02   1.1820214e-02
   1.2803465e+00   2.2653112e-02   1.1789815e-02
   1.2706304e+00   1.6100200e-02   1.1759449e-02
   1.2609427e+00   9.5808558e-03   1.1729104e-02
   1.2512829e+00   3.0950016e-03   1.1698461e-02
   1.2416513e+00  -3.3572818e-03   1.1667296e-02
   1.2320477e+00  -9.7760917e-03   1.1635644e-02
   1.2224723e+00  -1.6161729e-02   1.1603430e-02
   1.2129251e+00  -2.2514197e-02   1.1570632e-02
   1.2034057e+00  -2.8833426e-02   1.1537232e-02
   1.1939143e+00  -3.5119620e-02   1.1503137e-02
   1.1844509e+00  -4.1373125e-02   1.1468258e-02
   1.1750162e+00  -4.7593331e-02   1.1432854e-02
   1.1656100e+00  -5.3780133e-02   1.1397294e-02
   1.1562321e+00  -5.9933579e-02   1.1361705e-02
   1.1468828e+00  -6.6053996e-02   1.1326111e-02
   1.1375622e+00  -7.2141562e-02   1.1290453e-02
   1.1282698e+00  -7.8196302e-02   1.1254761e-02
   1.1190056e+00  -8.4218086e-02   1.1219083e-02
   1.1097694e+00  -9.0207177e-02   1.1183349e-02
   1.1005615e+00  -9.6163934e-02   1.1147541e-02
   1.0913818e+00  -1.0208839e-01   1.1111626e-02
   1.0822299e+00  -1.0798057e-01   1.1075348e-02
   1.0731057e+00  -1.1384049e-01   1.1038493e-02
   1.0640095e+00  -1.1966857e-01   1.1001034e-02
   1.0549414e+00  -1.2546491e-01   1.0962965e-02
   1.0459009e+00  -1.3122948e-01   1.0924303e-02
   1.0368880e+00  -1.3696215e-01   1.0885384e-02
   1.0279028e+00  -1.4266350e-01   1.0846604e-02
   1.0189453e+00  -1.4833379e-01   1.0807918e-02
   1.0100160e+00  -1.5397223e-01   1.0769267e-02
   1.0011147e+00  -1.5957874e-01   1.0731260e-02
   9.9224127e-01  -1.6515335e-01   1.0693876e-02
   9.8339591e-01  -1.7069655e-01   1.0657105e-02
   9.7457856e-01  -1.7620850e-01   1.0621516e-02
   9.6578893e-01  -1.8168920e-01   1.0587192e-02
   9.5702675e-01  -1.8713858e-01   1.0553563e-02
   9.4829231e-01  -1.9255700e-01   1.0520450e-02
   9.3958556e-01  -1.9794489e-01   1.0487819e-02
   9.3090623e-01  -2.0330218e-01   1.0455443e-02
   9.2225415e-01  -2.0862875e-01   1.0423580e-02
   9.1362923e-01  -2.1392487e-01   1.0392334e-02
   9.0503171e-01  -2.1919080e-01   1.0361133e-02
   8.9646144e-01  -2.2442673e-01   1.0330475e-02
   8.8791809e-01  -2.2963268e-01   1.0300631e-02
   8.7940160e-01  -2.3480858e-01   1.0272048e-02
   8.7091350e-01  -2.3995340e-01   1.0244072e-02
   8.6245415e-01  -2.4506711e-01   1.0217172e-02
   8.5402314e-01  -2.5014980e-01   1.0191420e-02
   8.4562021e-01  -2.5520158e-01   1.0166811e-02
   8.3724546e-01  -2.6022255e-01   1.0143325e-02
   8.2889890e-01  -2.6521322e-01   1.0120971e-02
   8.2058033e-01  -2.7017357e-01   1.0099760e-02
   8.1228955e-01  -2.7510350e-01   1.0079502e-02
   8.0402629e-01  -2.8000325e-01   1.0059820e-02
   7.9579063e-01  -2.8487312e-01   1.0040637e-02
   7.8758269e-01  -2.8971334e-01   1.0022405e-02
   7.7940207e-01  -2.9452397e-01   1.0005229e-02
   7.7124868e-01  -2.9930496e-01   9.9890818e-03
   7.6312260e-01  -3.0405658e-01   9.9735149e-03
   7.5502382e-01  -3.0877932e-01   9.9583607e-03
   7.4695211e-01  -3.1347312e-01   9.9440942e-03
   7.3890733e-01  -3.1813799e-01   9.9309569e-03
   7.3088923e-01  -3.2277413e-01   9.9194740e-03
   7.2289839e-01  -3.2738127e-01   9.9096434e-03
   7.1493513e-01  -3.3195938e-01   9.9013334e-03
   7.0699909e-01  -3.3650848e-01   9.8936451e-03
   6.9909087e-01  -3.4102797e-01   9.8868011e-03
   6.9121060e-01  -3.4551792e-01   9.8809583e-03
   6.8335839e-01  -3.4997870e-01   9.8760972e-03
   6.7553390e-01  -3.5441034e-01   9.8722108e-03
   6.6773693e-01  -3.5881289e-01   9.8693100e-03
   6.5996732e-01  -3.6318646e-01   9.8673840e-03
   6.5222506e-01  -3.6753119e-01   9.8664155e-03
   6.4451024e-01  -3.7184742e-01   9.8664098e-03
   6.3682254e-01  -3.7613520e-01   9.8677983e-03
   6.2916187e-01  -3.8039459e-01   9.8707939e-03
   6.2152815e-01  -3.8462590e-01   9.8754017e-03
   6.1392150e-01  -3.8882947e-01   9.8810564e-03
   6.0634166e-01  -3.9300527e-01   9.8870452e-03
   5.9878837e-01  -3.9715338e-01   9.8932979e-03
   5.9126199e-01  -4.0127353e-01   9.8999863e-03
   5.8376268e-01  -4.0536566e-01   9.9067134e-03
   5.7629052e-01  -4.0943004e-01   9.9138860e-03
   5.6884529e-01  -4.1346677e-01   9.9215130e-03
   5.6142679e-01  -4.1747598e-01   9.9291460e-03
   5.5403491e-01  -4.2145782e-01   9.9366694e-03
   5.4666960e-01  -4.2541254e-01   9.9440900e-03
   5.3933087e-01  -4.2934019e-01   9.9514143e-03
   5.3201929e-01  -4.3324018e-01   9.9586444e-03
   5.2473487e-01  -4.3711245e-01   9.9657602e-03
   5.1747744e-01  -4.4095725e-01   9.9722615e-03
   5.1024703e-01  -4.4477491e-01   9.9781536e-03
   5.0304343e-01  -4.4856549e-01   9.9830439e-03
   4.9586648e-01  -4.5232911e-01   9.9868066e-03
   4.8871603e-01  -4.5606594e-01   9.9894492e-03
   4.8159200e-01  -4.5977613e-01   9.9909787e-03
   4.7449481e-01  -4.6345946e-01   9.9912979e-03
   4.6742472e-01  -4.6711565e-01   9.9904788e-03
   4.6038153e-01  -4.7074486e-01   9.9885626e-03
   4.5336513e-01  -4.7434728e-01   9.9859909e-03
   4.4637554e-01  -4.7792326e-01   9.9830031e-03
   4.3941250e-01  -4.8147291e-01   9.9791714e-03
   4.3247581e-01  -4.8499635e-01   9.9746693e-03
   4.2556532e-01  -4.8849372e-01   9.9700714e-03
   4.1868094e-01  -4.9196517e-01   9.9652159e-03
   4.1182264e-01  -4.9541105e-01   9.9599732e-03
   4.0499032e-01  -4.9883143e-01   9.9543483e-03
   3.9818391e-01  -5.0222625e-01   9.9483454e-03
   3.9140326e-01  -5.0559575e-01   9.9423702e-03
   3.8464833e-01  -5.0894020e-01   9.9365598e-03
   3.7791902e-01  -5.1225981e-01   9.9310245e-03
   3.7121579e-01  -5.1555399e-01   9.9253912e-03
   3.6453873e-01  -5.1882260e-01   9.9199304e-03
   3.5788800e-01  -5.2206558e-01   9.9142764e-03
   3.5126409e-01  -5.2528279e-01   9.9085307e-03
   3.4466689e-01  -5.2847420e-01   9.9024292e-03
   3.3809617e-01  -5.3164002e-01   9.8958415e-03
   3.3155176e-01  -5.3478037e-01   9.8891390e-03
   3.2503348e-01  -5.3789546e-01   9.8826259e-03
   3.1854131e-01  -5.4098562e-01   9.8763046e-03
   3.1207525e-01  -5.4405085e-01   9.8701772e-03
   3.0563509e-01  -5.4709126e-01   9.8642463e-03
   2.9922072e-01  -5.5010702e-01   9.8581457e-03
   2.9283198e-01  -5.5309835e-01   9.8515764e-03
   2.8646888e-01  -5.5606551e-01   9.8445602e-03
   2.8013130e-01  -5.5900850e-01   9.8372126e-03
   2.7381907e-01  -5.6192743e-01   9.8295347e-03
   2.6753207e-01  -5.6482254e-01   9.8219826e-03
   2.6127028e-01  -5.6769420e-01   9.8146177e-03
   2.5503352e-01  -5.7054248e-01   9.8067580e-03
   2.4882185e-01  -5.7336731e-01   9.7983243e-03
   2.4263568e-01  -5.7616826e-01   9.7899992e-03
   2.3647494e-01  -5.7894542e-01   9.7810212e-03
   2.3033961e-01  -5.8169914e-01   9.7713455e-03
   2.2422950e-01  -5.8442948e-01   9.7612139e-03
   2.1814496e-01  -5.8713607e-01   9.7506267e-03
   2.1208625e-01  -5.8981863e-01   9.7395843e-03
   2.0605322e-01  -5.9247735e-01   9.7280884e-03
   2.0004582e-01  -5.9511257e-01   9.7161411e-03
   1.9406400e-01  -5.9772435e-01   9.7040878e-03
   1.8810754e-01  -6.0031278e-01   9.6922997e-03
   1.8217634e-01  -6.0287799e-01   9.6807778e-03
   1.7627024e-01  -6.0542021e-01   9.6692224e-03
   1.7038917e-01  -6.0793972e-01   9.6572672e-03
   1.6453303e-01  -6.1043665e-01   9.6452144e-03
   1.5870167e-01  -6.1291101e-01   9.6334322e-03
   1.5289494e-01  -6.1536300e-01   9.6219216e-03
   1.4711281e-01  -6.1779271e-01   9.6106834e-03
   1.4135603e-01  -6.2019968e-01   9.5997182e-03
   1.3562443e-01  -6.2258402e-01   9.5887316e-03
   1.2991780e-01  -6.2494585e-01   9.5777769e-03
   1.2423603e-01  -6.2728528e-01   9.5667938e-03
   1.1857900e-01  -6.2960252e-01   9.5553678e-03
   1.1294666e-01  -6.3189785e-01   9.5436246e-03
   1.0733884e-01  -6.3417143e-01   9.5315639e-03
   1.0175534e-01  -6.3642338e-01   9.5195856e-03
   9.6196014e-02  -6.3865387e-01   9.5078231e-03
   9.0660803e-02  -6.4086302e-01   9.4962763e-03
   8.5149739e-02  -6.4305106e-01   9.4844373e-03
   7.9662689e-02  -6.4521812e-01   9.4720180e-03
   7.4199451e-02  -6.4736432e-01   9.4596470e-03
   6.8759952e-02  -6.4948976e-01   9.4474915e-03
   6.3344393e-02  -6.5159433e-01   9.4353107e-03
   5.7953316e-02  -6.5367771e-01   9.4228103e-03
   5.2587541e-02  -6.5573905e-01   9.4094850e-03
   4.7246882e-02  -6.5777848e-01   9.3954074e-03
   4.1931172e-02  -6.5979614e-01   9.3808711e-03
   3.6640285e-02  -6.6179221e-01   9.3658765e-03
   3.1374217e-02  -6.6376700e-01   9.3504259e-03
   2.6132766e-02  -6.6572060e-01   9.3345115e-03
   2.0915759e-02  -6.6765315e-01   9.3182733e-03
   1.5723045e-02  -6.6956478e-01   9.3017108e-03
   1.0554519e-02  -6.7145568e-01   9.2848695e-03
   5.4102051e-03  -6.7332616e-01   9.2676187e-03
   2.9021168e-04  -6.7517663e-01   9.2499636e-03
  -4.8052803e-03  -6.7700754e-01   9.2321456e-03
  -9.8764444e-03  -6.7881902e-01   9.2143583e-03
  -1.4923372e-02  -6.8061124e-01   9.1963086e-03
  -1.9946086e-02  -6.8238446e-01   9.1781665e-03
  -2.4944724e-02  -6.8413883e-01   9.1604343e-03
  -2.9919525e-02  -6.8587437e-01   9.1429421e-03
  -3.4870081e-02  -6.8759177e-01   9.1254425e-03
  -3.9796397e-02  -6.8929121e-01   9.1082325e-03
  -4.4698508e-02  -6.9097286e-01   9.0910728e-03
  -4.9576368e-02  -6.9263701e-01   9.0738417e-03
  -5.4430220e-02  -6.9428369e-01   9.0570389e-03
  -5.9260294e-02  -6.9591293e-01   9.0406622e-03
  -6.4066860e-02  -6.9752480e-01   9.0247097e-03
  -6.8850143e-02  -6.9911932e-01   9.0091791e-03
  -7.3609721e-02  -7.0069711e-01   8.9940466e-03
  -7.8345491e-02  -7.0225850e-01   8.9791455e-03
  -8.3057394e-02  -7.0380383e-01   8.9639798e-03
  -8.7745656e-02  -7.0533310e-01   8.9487148e-03
  -9.2410501e-02  -7.0684635e-01   8.9336631e-03
  -9.7051811e-02  -7.0834326e-01   8.9184735e-03
  -1.0166919e-01  -7.0982325e-01   8.9031408e-03
  -1.0626287e-01  -7.1128634e-01   8.8876627e-03
  -1.1083250e-01  -7.1273301e-01   8.8720904e-03
  -1.1537785e-01  -7.1416367e-01   8.8564416e-03
  -1.1989892e-01  -7.1557858e-01   8.8407207e-03
  -1.2439593e-01  -7.1697775e-01   8.8251125e-03
  -1.2886910e-01  -7.1836119e-01   8.8099619e-03
  -1.3331861e-01  -7.1972889e-01   8.7950791e-03
  -1.3774462e-01  -7.2108084e-01   8.7804610e-03
  -1.4214735e-01  -7.2241705e-01   8.7662920e-03
  -1.4652698e-01  -7.2373753e-01   8.7525694e-03
  -1.5088372e-01  -7.2504233e-01   8.7392910e-03
  -1.5521717e-01  -7.2633206e-01   8.7264747e-03
  -1.5952705e-01  -7.2760722e-01   8.7141337e-03
  -1.6381357e-01  -7.2886782e-01   8.7021319e-03
  -1.6807692e-01  -7.3011390e-01   8.6897183e-03
  -1.7231729e-01  -7.3134547e-01   8.6767034e-03
  -1.7653485e-01  -7.3256254e-01   8.6630846e-03
  -1.8072975e-01  -7.3376505e-01   8.6492069e-03
  -1.8490216e-01  -7.3495302e-01   8.6352550e-03
  -1.8905229e-01  -7.3612648e-01   8.6212268e-03
  -1.9318022e-01  -7.3728549e-01   8.6071223e-03
  -1.9728599e-01  -7.3843011e-01   8.5929425e-03
  -2.0136934e-01  -7.3956078e-01   8.5787008e-03
  -2.0542981e-01  -7.4067770e-01   8.5644089e-03
  -2.0946686e-01  -7.4178016e-01   8.5498662e-03
  -2.1348070e-01  -7.4286818e-01   8.5358025e-03
  -2.1747152e-01  -7.4394176e-01   8.5224026e-03
  -2.2143949e-01  -7.4500093e-01   8.5095102e-03
  -2.2538480e-01  -7.4604571e-01   8.4965514e-03
  -2.2930760e-01  -7.4707612e-01   8.4835236e-03
  -2.3320806e-01  -7.4809220e-01   8.4704258e-03
  -2.3708630e-01  -7.4909401e-01   8.4573571e-03
  -2.4094243e-01  -7.5008162e-01   8.4448864e-03
  -2.4477629e-01  -7.5105534e-01   8.4330232e-03
  -2.4858753e-01  -7.5201563e-01   8.4217835e-03
  -2.5237629e-01  -7.5296248e-01   8.4111645e-03
  -2.5614275e-01  -7.5389592e-01   8.4011637e-03
  -2.5988705e-01  -7.5481595e-01   8.3913434e-03
  -2.6360937e-01  -7.5572260e-01   8.3814669e-03
  -2.6730988e-01  -7.5661587e-01   8.3719667e-03
  -2.7098873e-01  -7.5749576e-01   8.3630745e-03
  -2.7464609e-01  -7.5836230e-01   8.3547881e-03
  -2.7828208e-01  -7.5921559e-01   8.3471614e-03
  -2.8189681e-01  -7.6005572e-01   8.3401973e-03
  -2.8549019e-01  -7.6088286e-01   8.3332934e-03
  -2.8906180e-01  -7.6169759e-01   8.3258256e-03
  -2.9261180e-01  -7.6249993e-01   8.3182291e-03
  -2.9614033e-01  -7.6328986e-01   8.3107359e-03
  -2.9964752e-01  -7.6406735e-01   8.3033434e-03
  -3.0313347e-01  -7.6483239e-01   8.2959486e-03
  -3.0659818e-01  -7.6558486e-01   8.2875448e-03
  -3.1004106e-01  -7.6632407e-01   8.2779903e-03
  -3.1346230e-01  -7.6704999e-01   8.2682864e-03
  -3.1686203e-01  -7.6776264e-01   8.2586648e-03
  -3.2024034e-01  -7.6846209e-01   8.2486906e-03
  -3.2359725e-01  -7.6914847e-01   8.2381318e-03
  -3.2693226e-01  -7.6982245e-01   8.2270129e-03
  -3.3024552e-01  -7.7048401e-01   8.2153313e-03
  -3.3353718e-01  -7.7113318e-01   8.2030845e-03
  -3.3680738e-01  -7.7176995e-01   8.1907049e-03
  -3.4005627e-01  -7.7239432e-01   8.1784243e-03
  -3.4328398e-01  -7.7300630e-01   8.1662400e-03
  -3.4649064e-01  -7.7360591e-01   8.1537144e-03
  -3.4967639e-01  -7.7419316e-01   8.1406107e-03
  -3.5284136e-01  -7.7476807e-01   8.1269262e-03
  -3.5598567e-01  -7.7533062e-01   8.1126917e-03
  -3.5910948e-01  -7.7588081e-01   8.0989750e-03
  -3.6221288e-01  -7.7641868e-01   8.0860092e-03
  -3.6529527e-01  -7.7694494e-01   8.0738223e-03
  -3.6835679e-01  -7.7745962e-01   8.0619765e-03
  -3.7139774e-01  -7.7796291e-01   8.0502031e-03
  -3.7441831e-01  -7.7845493e-01   8.0378644e-03
  -3.7741868e-01  -7.7893571e-01   8.0249583e-03
  -3.8039900e-01  -7.7940528e-01   8.0119507e-03
  -3.8335944e-01  -7.7986367e-01   7.9997091e-03
  -3.8630015e-01  -7.8031091e-01   7.9882311e-03
  -3.8922125e-01  -7.8074700e-01   7.9775140e-03
  -3.9212286e-01  -7.8117197e-01   7.9671203e-03
  -3.9500507e-01  -7.8158583e-01   7.9568132e-03
  -3.9786799e-01  -7.8198858e-01   7.9465901e-03
  -4.0071178e-01  -7.8238023e-01   7.9368837e-03
  -4.0353657e-01  -7.8276082e-01   7.9279259e-03
  -4.0634249e-01  -7.8313038e-01   7.9197144e-03
  -4.0912965e-01  -7.8348892e-01   7.9118120e-03
  -4.1189815e-01  -7.8383645e-01   7.9039821e-03
  -4.1464808e-01  -7.8417298e-01   7.8962222e-03
  -4.1737956e-01  -7.8449850e-01   7.8889651e-03
  -4.2009270e-01  -7.8481300e-01   7.8824426e-03
  -4.2278758e-01  -7.8511649e-01   7.8766524e-03
  -4.2546439e-01  -7.8540906e-01   7.8715663e-03
  -4.2812321e-01  -7.8569073e-01   7.8662390e-03
  -4.3076414e-01  -7.8596152e-01   7.8604276e-03
  -4.3338731e-01  -7.8622145e-01   7.8543945e-03
  -4.3599285e-01  -7.8647057e-01   7.8483701e-03
  -4.3858087e-01  -7.8670888e-01   7.8423255e-03
  -4.4115143e-01  -7.8693642e-01   7.8353489e-03
  -4.4370465e-01  -7.8715315e-01   7.8282746e-03
  -4.4624061e-01  -7.8735908e-01   7.8213344e-03
  -4.4875942e-01  -7.8755423e-01   7.8145265e-03
  -4.5126028e-01  -7.8773772e-01   7.8074050e-03
  -4.5374327e-01  -7.8790958e-01   7.7997001e-03
  -4.5620847e-01  -7.8806981e-01   7.7908008e-03
  -4.5865598e-01  -7.8821841e-01   7.7812129e-03
  -4.6108592e-01  -7.8835539e-01   7.7713695e-03
  -4.6349845e-01  -7.8848083e-01   7.7615366e-03
  -4.6589282e-01  -7.8859565e-01   7.7523602e-03
  -4.6826915e-01  -7.8870002e-01   7.7428978e-03
  -4.7062751e-01  -7.8879395e-01   7.7329129e-03
  -4.7296802e-01  -7.8887747e-01   7.7224034e-03
  -4.7529123e-01  -7.8895105e-01   7.7113719e-03
  -4.7759772e-01  -7.8901515e-01   7.7002562e-03
  -4.7988762e-01  -7.8906985e-01   7.6892892e-03
  -4.8216106e-01  -7.8911519e-01   7.6784693e-03
  -4.8441814e-01  -7.8915118e-01   7.6677947e-03
  -4.8665892e-01  -7.8917783e-01   7.6572633e-03
  -4.8888348e-01  -7.8919514e-01   7.6468733e-03
  -4.9109189e-01  -7.8920310e-01   7.6366226e-03
  -4.9328386e-01  -7.8920215e-01   7.6265539e-03
  -4.9545902e-01  -7.8919279e-01   7.6171944e-03
  -4.9761740e-01  -7.8917510e-01   7.6085185e-03
  -4.9975906e-01  -7.8914910e-01   7.6000163e-03
  -5.0188405e-01  -7.8911475e-01   7.5916855e-03
  -5.0399205e-01  -7.8907170e-01   7.5835199e-03
  -5.0608314e-01  -7.8901992e-01   7.5755173e-03
  -5.0815695e-01  -7.8895899e-01   7.5676708e-03
  -5.1021401e-01  -7.8888936e-01   7.5599835e-03
  -5.1225444e-01  -7.8881108e-01   7.5524539e-03
  -5.1427838e-01  -7.8872424e-01   7.5450810e-03
  -5.1628641e-01  -7.8862933e-01   7.5378687e-03
  -5.1827817e-01  -7.8852601e-01   7.5308121e-03
  -5.2025380e-01  -7.8841438e-01   7.5239105e-03
  -5.2221382e-01  -7.8829488e-01   7.5171672e-03
  -5.2415826e-01  -7.8816756e-01   7.5105820e-03
  -5.2608718e-01  -7.8803241e-01   7.5043075e-03
  -5.2800064e-01  -7.8788943e-01   7.4981675e-03
  -5.2989868e-01  -7.8773864e-01   7.4921802e-03
  -5.3178138e-01  -7.8758003e-01   7.4863437e-03
  -5.3364843e-01  -7.8741397e-01   7.4803237e-03
  -5.3549943e-01  -7.8724092e-01   7.4744529e-03
  -5.3733438e-01  -7.8706108e-01   7.4687485e-03
  -5.3915338e-01  -7.8687448e-01   7.4632287e-03
  -5.4095654e-01  -7.8668116e-01   7.4578918e-03
  -5.4274391e-01  -7.8648116e-01   7.4523883e-03
  -5.4451558e-01  -7.8627449e-01   7.4465292e-03
  -5.4627162e-01  -7.8606119e-01   7.4403131e-03
  -5.4801213e-01  -7.8584130e-01   7.4337379e-03
  -5.4973715e-01  -7.8561479e-01   7.4271491e-03
  -5.5144675e-01  -7.8538166e-01   7.4207317e-03
  -5.5314097e-01  -7.8514192e-01   7.4146377e-03
  -5.5481987e-01  -7.8489558e-01   7.4083432e-03
  -5.5648353e-01  -7.8464267e-01   7.4020268e-03
  -5.5813204e-01  -7.8438322e-01   7.3958738e-03
  -5.5976546e-01  -7.8411725e-01   7.3895347e-03
  -5.6138385e-01  -7.8384478e-01   7.3833218e-03
  -5.6298730e-01  -7.8356585e-01   7.3768990e-03
  -5.6457591e-01  -7.8328050e-01   7.3704450e-03
  -5.6614976e-01  -7.8298879e-01   7.3641451e-03
  -5.6770897e-01  -7.8269075e-01   7.3581519e-03
  -5.6925360e-01  -7.8238644e-01   7.3519420e-03
  -5.7078372e-01  -7.8207587e-01   7.3456935e-03
  -5.7229936e-01  -7.8175903e-01   7.3397452e-03
  -5.7380056e-01  -7.8143591e-01   7.3339208e-03
  -5.7528738e-01  -7.8110654e-01   7.3278902e-03
