0,0,0,0
0.033,-9.82976749238382e-19,-8.47343905603315e-14,5.70881308489191e-06
0.066,-3.24121262000872e-17,-6.42611700756557e-13,1.1417623140849e-05
0.099,-2.54004791211089e-16,-2.01700327746139e-12,1.71264271958306e-05
0.132,-1.10083424238539e-15,-4.39169029806221e-12,2.28352223341441e-05
0.165,-3.44188866052895e-15,-7.79716565799903e-12,2.85440056779677e-05
0.198,-8.74656668155414e-15,-1.21166821521585e-11,3.42527743711057e-05
0.231,-1.92572174307944e-14,-1.70917666153871e-11,3.99615255645765e-05
0.264,-3.81654842552611e-14,-2.23289595713921e-11,4.56702564031161e-05
0.297,-6.97895973293457e-14,-2.73079600440319e-11,5.13789640125842e-05
0.33,-1.19749258910095e-13,-3.13910631240533e-11,5.70876454883682e-05
0.363,-1.95134457840826e-13,-3.38336551534326e-11,6.27962978848703e-05
0.396,-3.04664252277487e-13,-3.37955953706704e-11,6.85049182061599e-05
0.429,-4.58831459699649e-13,-3.03533003274465e-11,7.42135033978013e-05
0.462,-6.70029107677473e-13,-2.25123659111194e-11,7.9922050339898e-05
0.495,-9.52654589765952e-13,-9.22059672389352e-12,8.56305558413342e-05
0.528,-1.32318767424381e-12,1.06187427924254e-11,9.13390166352277e-05
0.561,-1.80023867486177e-12,3.81335648501711e-11,9.70474293755643e-05
0.594,-2.40456367301068e-12,7.44696338597767e-11,0.000102755790634953
0.627,-3.15904389712994e-12,1.20777408702784e-10,0.000108464096903518
0.66,-4.08862713122013e-12,1.78199162498486e-10,0.000114172344588793
0.693,-5.22022943140642e-12,2.47856465155443e-10,0.000119880530016649
0.726,-6.58259630650836e-12,3.30838184883836e-10,0.000125588649433099
0.759,-8.20612282257701e-12,4.28189031796142e-10,0.000131296699006979
0.792,-1.0122633291557e-11,5.40898749693668e-10,0.000137004674833401
0.825,-1.23651214512407e-11,6.69892021981027e-10,0.000142712572937875
0.858,-1.49674530042984e-11,8.16019152416897e-10,0.000148420389281066
0.891,-1.79640329723079e-11,9.80047549146614e-10,0.00015412811976407
0.924,-2.13894409420941e-11,1.16265406478645e-09,0.000159835760234134
0.957,-2.52780378890722e-11,1.36441822041778e-09,0.000165543306490735
0.99,-2.96635487451241e-11,1.5858163164622e-09,0.000171250754291962
1.023,-3.45786255716157e-11,1.82721646144181e-09,0.000176958099361072
1.056,-4.00543962168104e-11,2.0888745100037e-09,0.000182665337393201
1.089,-4.61200040448102e-11,2.37093090658849e-09,0.000188372464062118
1.122,-5.28021444323559e-11,2.67340842421025e-09,0.000194079475026966
1.155,-6.01246039279611e-11,2.99621079023377e-09,0.000199786365938931
1.188,-6.81078081137786e-11,3.33912216815317e-09,0.000205493132447761
1.221,-7.67683842523077e-11,3.70180745753568e-09,0.000211199770208114
1.254,-8.61187447986975e-11,4.0838134178328e-09,0.000216906274885635
1.287,-9.61666977686851e-11,4.48457053257002e-09,0.000222612642162777
1.32,-1.06915089927542e-10,4.90339562148763e-09,0.000228318867744243
1.353,-1.18361488152291e-10,5.33949512583788e-09,0.000234024947362112
1.386,-1.30497904655391e-10,5.79196905109956e-09,0.000239730876780557
1.419,-1.43310571110939e-10,6.25981550420008e-09,0.000245436651800096
1.452,-1.56779769230854e-10,6.74193579344102e-09,0.000251142268261466
1.485,-1.70879741901291e-10,7.23714003921443e-09,0.000256847722049005
1.518,-1.85578694083749e-10,7.74415325296936e-09,0.000262553009093568
1.551,-2.00838872133705e-10,8.26162184430149e-09,0.000268258125374961
1.584,-2.16616720580615e-10,8.78812050086322e-09,0.000273963066923918
1.617,-2.32863116574475e-10,9.32215941121567e-09,0.000279667829823565
1.65,-2.49523681384625e-10,9.862191774103e-09,0.000285372410210446
1.683,-2.66539167017511e-10,1.04066215679331e-08,0.000291076804275055
1.716,-2.83845915028578e-10,1.09538115259351e-08,0.000296781008261939
1.749,-3.01376383752639e-10,1.1502091295033e-08,0.00030248501846934
1.782,-3.19059739219466e-10,1.20497657293369e-08,0.000308188831248412
1.815,-3.36822504045753e-10,1.25951232870241e-08,0.000313892443002067
1.848,-3.54589258202516e-10,1.31364445039548e-08,0.000319595850183398
1.881,-3.72283384721915e-10,1.36720105094983e-08,0.00032529904929377
1.914,-3.89827853025195e-10,1.42001115543223e-08,0.000331002036880567
1.947,-4.07146032284417e-10,1.47190555301063e-08,0.000336704809534623
1.98,-4.24162526631594e-10,1.52271764487259e-08,0.000342407363887395
2.013,-4.40804024367415e-10,1.57228428630449e-08,0.000348109696607888
2.046,-4.57000152956656e-10,1.6204466212511e-08,0.00035381180439933
2.079,-4.72684331684691e-10,1.6670509066228e-08,0.000359513683995686
2.112,-4.87794614127765e-10,1.71194932521534e-08,0.000365215332158005
2.145,-5.0227451255459e-10,1.75500078562955e-08,0.000370916745670646
2.178,-5.16073796898744e-10,1.79607170753773e-08,0.000376617921337409
2.211,-5.29149261110535e-10,1.83503679141236e-08,0.000382318855977606
2.244,-5.41465449977713e-10,1.87177977126498e-08,0.000388019546422092
2.277,-5.52995340038435e-10,1.90619414940304e-08,0.000393719989509335
2.31,-5.63720968597627e-10,1.93818391257986e-08,0.000399420182081466
2.343,-5.73634005012543e-10,1.96766422819383e-08,0.000405120120980448
2.376,-5.82736259188519e-10,1.99456212019947e-08,0.000410819803044322
2.409,-5.9104012231302e-10,2.01881712375856e-08,0.000416519225103585
2.442,-5.98568935465136e-10,2.04038191806356e-08,0.000422218383977728
2.475,-6.05357282018149e-10,2.05922293662346e-08,0.000427917276471957
2.508,-6.11451200094823e-10,2.07532095433346e-08,0.000433615899374159
2.541,-6.1690831183615e-10,2.08867165073143e-08,0.000439314249452081
2.574,-6.21797866461109e-10,2.09928614871352e-08,0.000445012323450826
2.607,-6.26200694506155e-10,2.10719152809112e-08,0.0004507101180906
2.64,-6.3020907095037e-10,2.11243131309486e-08,0.000456407630064833
2.673,-6.33926485294403e-10,2.1150659330886e-08,0.000462104856038643
2.706,-6.37467307498091e-10,2.11517355025656e-08,0.00046780179264765
2.739,-6.40956088059889e-10,2.11286179402382e-08,0.000473498436496959
2.772,-6.44527042165641e-10,2.1082668437563e-08,0.000479194784160097
2.805,-6.48323791132571e-10,2.10153829296864e-08,0.000484890832179357
2.838,-6.5249858784091e-10,2.09283872918021e-08,0.000490586577066983
2.871,-6.57211345901007e-10,2.08234424988015e-08,0.000496282015306687
2.904,-6.62628553811734e-10,2.07024502478881e-08,0.000501977143355509
2.937,-6.68922088500257e-10,2.05674590597196e-08,0.000507671957646135
2.97,-6.76267936598523e-10,2.04206708712002e-08,0.000513366454589548
3.003,-6.8484483265021e-10,2.02644481340985e-08,0.000519060630578149
3.036,-6.94832824225369e-10,2.01013214308486e-08,0.000524754481989328
3.069,-7.06411775404822e-10,1.9933997366539e-08,0.000530448005189516
3.102,-7.19759865259188e-10,1.97653529265252e-08,0.000536141196539211
3.135,-7.35052242544313e-10,1.95983744847382e-08,0.000541834052400265
3.168,-7.52459808891544e-10,1.94360629518295e-08,0.000547526569144131
3.201,-7.72148040005435e-10,1.92813401471548e-08,0.000553218743159091
3.234,-7.94275826637153e-10,1.91369649345317e-08,0.00055891057085557
3.267,-8.18994326892736e-10,1.90054634388953e-08,0.000564602048669086
3.3,-8.46445826717462e-10,1.88890753522165e-08,0.000570293173060748
3.333,-8.76762611390378e-10,1.87897162696893e-08,0.000575983940515598
3.366,-9.10065855689127e-10,1.87089544945511e-08,0.000581674347539295
3.399,-9.46464544128115e-10,1.86479998982952e-08,0.000587364390653655
3.432,-9.86054434149332e-10,1.86077021481587e-08,0.000593054066391639
3.465,-1.02891707580646e-09,1.85885557485213e-08,0.000598743371292213
3.498,-1.07511892193489e-09,1.85907045274093e-08,0.000604432301895475
3.531,-1.12471076082962e-09,1.86138917041614e-08,0.000610120854738177
3.564,-1.17772686661876e-09,1.86575042683694e-08,0.000615809026349863
3.597,-1.2341841234156e-09,1.87206448712011e-08,0.000621496813249971
3.63,-1.29408146175845e-09,1.88021521805187e-08,0.000627184211945865
3.663,-1.35739941625586e-09,1.89006186288124e-08,0.000632871218931609
3.696,-1.42409980424056e-09,1.90144066734725e-08,0.000638557830687553
3.729,-1.49412552919532e-09,1.91416637144313e-08,0.000644244043680585
3.762,-1.56740051140696e-09,1.92803359254384e-08,0.000649929854365045
3.795,-1.64382974719899e-09,1.94281813335699e-08,0.000655615259184239
3.828,-1.72329949746181e-09,1.95827825416506e-08,0.000661300254572459
3.861,-1.80567760516667e-09,1.97415595488534e-08,0.000666984836957489
3.894,-1.89081392455046e-09,1.99017863030609e-08,0.000672669002763538
3.927,-1.97854074533556e-09,2.00606332569266e-08,0.000678352748415001
3.96,-2.06867318238808e-09,2.02152387018989e-08,0.000684036070340821
3.993,-2.16100964523084e-09,2.03627843584418e-08,0.000689718964978586
4.026,-2.25533242759368e-09,2.05005674330543e-08,0.000695401428777904
4.059,-2.35140843679689e-09,2.062606589314e-08,0.000701083458202706
4.092,-2.44899009879974e-09,2.07369946461116e-08,0.000706765049732336
4.125,-2.54781655914831e-09,2.08313513164611e-08,0.000712446199861408
4.158,-2.64761517864894e-09,2.09074512566918e-08,0.000718126905098548
4.191,-2.74810321852601e-09,2.09639521958695e-08,0.000723807161964239
4.224,-2.84898968581125e-09,2.09998694681243e-08,0.000729486966988042
4.257,-2.94997731998596e-09,2.10145830697554e-08,0.000735166316705425
4.29,-3.05076465796175e-09,2.10078449684903e-08,0.000740845207654524
4.323,-3.15104796854966e-09,2.09798191610064e-08,0.000746523636372947
4.356,-3.25052372477936e-09,2.0931036704914e-08,0.000752201599394905
4.389,-3.34889110476566e-09,2.08623528411115e-08,0.000757879093248886
4.422,-3.44585437041649e-09,2.07749279296539e-08,0.000763556114455886
4.455,-3.54112524587611e-09,2.06702076396521e-08,0.00076923265952826
4.488,-3.6344252758673e-09,2.05499026721622e-08,0.000774908724969173
4.521,-3.72548814471364e-09,2.04159682248385e-08,0.000780584307272635
4.554,-3.8140619387006e-09,2.02705832357115e-08,0.000786259402924124
4.587,-3.89991133596453e-09,2.01161293033757e-08,0.000791934008401681
4.62,-3.9828197097624e-09,1.99551690685302e-08,0.000797608120177526
4.653,-4.0625911331574e-09,1.97904237380084e-08,0.000803281734719994
4.686,-4.13905229131034e-09,1.96247467885762e-08,0.000808954848495887
4.719,-4.21205440522525e-09,1.9461077044527e-08,0.000814627457973243
4.752,-4.28147517200885e-09,1.93023705300532e-08,0.000820299559624455
4.785,-4.34722059762785e-09,1.91515293647907e-08,0.000825971149929156
4.818,-4.40922667460799e-09,1.90113333363144e-08,0.000831642225376608
4.851,-4.46746087587847e-09,1.88843767478836e-08,0.000837312782467365
4.884,-4.52192343912587e-09,1.87730125559054e-08,0.000842982817714078
4.917,-4.57264842033571e-09,1.86793051470707e-08,0.000848652327641416
4.95,-4.61970450026457e-09,1.86049924401895e-08,0.000854321308785189
4.983,-4.66319553266005e-09,1.85514574040424e-08,0.00085998975769075
5.016,-4.70326082751686e-09,1.85197086095579e-08,0.000865657670910884
5.049,-4.74007516698966e-09,1.85103690819169e-08,0.000871325045003357
5.082,-4.77384867415788e-09,1.8523656583011e-08,0.000876991876528345
5.115,-4.80482650468515e-09,1.8559359467228e-08,0.000882658162045842
5.148,-4.83328776329834e-09,1.86168868374671e-08,0.000888323898113347
5.181,-4.85954438518174e-09,1.86952929221418e-08,0.000893989081283907
5.214,-4.88393983304265e-09,1.87932964933859e-08,0.000899653708104637
5.247,-4.90684755858377e-09,1.89093025448437e-08,0.000905317775115733
5.28,-4.92866923564722e-09,1.90414256954592e-08,0.00091098127884999
5.313,-4.94983277195967e-09,1.91875149711372e-08,0.000916644215832885
5.346,-4.97079010617931e-09,1.9345179781659e-08,0.000922306582583127
5.379,-4.99201478949737e-09,1.95118170520566e-08,0.000927968375613689
5.412,-5.01399923951109e-09,1.96846395861497e-08,0.000933629591433245
5.445,-5.03725154744395e-09,1.98607058668298e-08,0.000939290226547933
5.478,-5.06229198694552e-09,2.00369547894564e-08,0.000944950277463432
5.511,-5.08964919264941e-09,2.02102598710235e-08,0.000950609740687352
5.544,-5.11985606049625e-09,2.03774989347071e-08,0.000956268612731798
5.577,-5.15344551325371e-09,2.05356249898612e-08,0.000961926890115701
5.61,-5.19094619534596e-09,2.06817343499864e-08,0.000967584569366707
5.643,-5.23287814955608e-09,2.08131297265011e-08,0.00097324164702248
5.676,-5.2797485260036e-09,2.09273764847775e-08,0.000978898119631332
5.709,-5.33204737027093e-09,2.1022350771185e-08,0.000984553983752108
5.742,-5.39024353295037e-09,2.10962787548159e-08,0.000990209235953418
5.775,-5.45478073805475e-09,2.11477667224733e-08,0.00099586387281229
5.808,-5.52607384277876e-09,2.11758221817046e-08,0.00100151789091235
5.841,-5.60450531381756e-09,2.11798667114233e-08,0.00100717128684177
5.874,-5.69042176389528e-09,2.11597608905307e-08,0.00101282405719102
5.907,-5.78413082022839e-09,2.11158139955866e-08,0.00101847619855065
5.94,-5.88589870937439e-09,2.1048739978409e-08,0.00102412770750931
5.973,-5.99594787722208e-09,2.09596369974485e-08,0.00102977858065199
6.006,-6.11445487829079e-09,2.0849966420802e-08,0.00103542881455879
6.039,-6.24154857438268e-09,2.0721528626242e-08,0.001041078405804
6.072,-6.37730865047853e-09,2.05764361785822e-08,0.00104672735095568
6.105,-6.52176445481629e-09,2.04170848050578e-08,0.00105237564657579
6.138,-6.67489416938073e-09,2.02461224402964e-08,0.00105802328922068
6.171,-6.8366243161089e-09,2.00664164813295e-08,0.00106367027544202
6.204,-7.0068296036378e-09,1.98810192813176e-08,0.00106931660178815
6.237,-7.18533311957278e-09,1.96931317176226e-08,0.00107496226480562
6.27,-7.37190691840388e-09,1.95060600266008e-08,0.00108060726104108
6.303,-7.56627313249372e-09,1.93231536582231e-08,0.00108625158704338
6.336,-7.76810552931329e-09,1.91477326451056e-08,0.00109189523936573
6.369,-7.97703140826541e-09,1.8983015204291e-08,0.0010975382145676
6.402,-8.19263380299452e-09,1.88320484912322e-08,0.00110318050921629
6.435,-8.41445396087111e-09,1.86976445811154e-08,0.00110882211988789
6.468,-8.64199407271856e-09,1.85823233618145e-08,0.00111446304316774
6.501,-8.87472022812332e-09,1.84882635699512e-08,0.00112010327565027
6.534,-9.11206557508947e-09,1.84172627349107e-08,0.00112574281393821
6.567,-9.35343366530578e-09,1.83707063584157e-08,0.00113138165464143
6.6,-9.59820196905181e-09,1.83495462789377e-08,0.00113701979437527
6.633,-9.84572557509913e-09,1.83542851756638e-08,0.00114265722975879
6.666,-1.00953413124875e-08,1.83849445395436e-08,0.00114829395741282
6.699,-1.03463717378568e-08,1.84410816055093e-08,0.00115392997395805
6.732,-1.05981295008149e-08,1.85218217696401e-08,0.00115956527601338
6.765,-1.0849922136838e-08,1.86258775882485e-08,0.00116519986019453
6.798,-1.11010569520863e-08,1.87515721389357e-08,0.00117083372311297
6.831,-1.13508459586549e-08,1.88968663131938e-08,0.00117646686137535
6.864,-1.15986108223121e-08,1.90593894311011e-08,0.00118209927158328
6.897,-1.18436877836928e-08,1.92364727073606e-08,0.00118773095033358
6.93,-1.20854325126552e-08,1.94251852290317e-08,0.00119336189421895
6.963,-1.23232248552141e-08,1.96223722243079e-08,0.00119899209982898
6.996,-1.25564734322918e-08,1.98246955009491e-08,0.0012046215637515
7.029,-1.27846200468243e-08,2.00286763231504e-08,0.00121025028257419
7.062,-1.30071437836123e-08,2.02307473040187e-08,0.00121587825288634
7.095,-1.32235646589125e-08,2.04273220015302e-08,0.00122150547128083
7.128,-1.34334469118728e-08,2.06148708433851e-08,0.00122713193435608
7.161,-1.36364019954586e-08,2.07899957903667e-08,0.00123275763871766
7.194,-1.38320912689184e-08,2.094950132687e-08,0.0012383825809796
7.227,-1.4020228393412e-08,2.10904598184201e-08,0.00124400675776512
7.26,-1.42005814320364e-08,2.12102696405157e-08,0.00124963016570688
7.293,-1.43729746541873e-08,2.13067048977617e-08,0.00125525280144666
7.326,-1.45372900427204e-08,2.13779559790484e-08,0.00126087466163455
7.359,-1.46934685008383e-08,2.14226605969129e-08,0.00126649574292762
7.392,-1.48415107541329e-08,2.1439925312136e-08,0.00127211604198841
7.425,-1.49814778787105e-08,2.14293429967918e-08,0.00127773555548312
7.458,-1.511349125561e-08,2.13910221817994e-08,0.00128335428007975
7.491,-1.52377328007089e-08,2.13255599940311e-08,0.00128897221244627
7.524,-1.53544447823468e-08,2.12340152478303e-08,0.00129458934924907
7.557,-1.54639291582956e-08,2.11178874336648e-08,0.00130020568715162
7.59,-1.5566546576926e-08,2.09790904423331e-08,0.00130582122281349
7.623,-1.56627150426452e-08,2.08199217521999e-08,0.00131143595288977
7.656,-1.5752908247901e-08,2.06430277154463e-08,0.00131704987403096
7.689,-1.58376535770177e-08,2.04513654587043e-08,0.00132266298288319
7.722,-1.59175297894931e-08,2.02481617974082e-08,0.00132827527608888
7.755,-1.59931643929319e-08,2.00368694581421e-08,0.00133388675028778
7.788,-1.60652307180497e-08,1.98211208150645e-08,0.00133949740211824
7.821,-1.61344447209225e-08,1.96046784624787e-08,0.00134510722821876
7.854,-1.62015616422111e-08,1.93913742163137e-08,0.00135071622522971
7.887,-1.62673725967162e-08,1.91850328699516e-08,0.00135632438979519
7.92,-1.63327009563183e-08,1.89893928899789e-08,0.00136193171856473
7.953,-1.63983984698813e-08,1.88080291931446e-08,0.00136753820819479
7.986,-1.64653409276543e-08,1.86442801969297e-08,0.00137314385534991
8.019,-1.65344231081322e-08,1.85011810234196e-08,0.00137874865670329
8.052,-1.66065532948138e-08,1.83814043887743e-08,0.00138435260893698
8.085,-1.66826475452848e-08,1.8287210315432e-08,0.0013899557087415
8.118,-1.67636237563122e-08,1.82204054011711e-08,0.00139555795281507
8.151,-1.6850395569138e-08,1.8182311998918e-08,0.00140115933786236
8.184,-1.6943866165125e-08,1.81737472253799e-08,0.00140675986059309
8.217,-1.70449221955644e-08,1.8194997865759e-08,0.00141235951772037
8.25,-1.7154427699619e-08,1.8245805301044e-08,0.00141795830595897
8.283,-1.7273217499789e-08,1.83253999155202e-08,0.00142355622202374
8.316,-1.74020910005608e-08,1.84325216946552e-08,0.00142915326262817
8.349,-1.7541806197914e-08,1.8565444047513e-08,0.00143474942448323
8.382,-1.76930739034337e-08,1.87220034472801e-08,0.00144034470429657
8.415,-1.78565522303091e-08,1.88996341266774e-08,0.00144593909877202
8.448,-1.80328413840913e-08,1.90954071633589e-08,0.00145153260460957
8.481,-1.82224787958032e-08,1.93060733954834e-08,0.00145712521850561
8.514,-1.84259346300403e-08,1.95281097100737e-08,0.0014627169371537
8.547,-1.86436076957062e-08,1.9757768338788e-08,0.00146830775724548
8.58,-1.88758217820584e-08,1.99911288809214e-08,0.00147389767547191
8.613,-1.91228224121301e-08,2.02241545738246e-08,0.00147948668852476
8.646,-1.9384773883977e-08,2.04527621833977e-08,0.00148507479309815
8.679,-1.96617566264896e-08,2.06729038055047e-08,0.0014906619858902
8.712,-1.99537650369295e-08,2.08806494604778e-08,0.00149624826360453
8.745,-2.02607058571585e-08,2.10722668736307e-08,0.00150183362295151
8.778,-2.05823971221602e-08,2.1244296333606e-08,0.00150741806064906
8.811,-2.09185677085963e-08,2.13936188045003e-08,0.00151300157342312
8.844,-2.12688575044128e-08,2.15175158142297e-08,0.00151858415800759
8.877,-2.16328182128105e-08,2.161372002347e-08,0.00152416581114384
8.91,-2.20099147968028e-08,2.16804557661e-08,0.00152974652957978
8.943,-2.2399527562578e-08,2.17164692175066e-08,0.00153532631006871
8.976,-2.28009548662535e-08,2.17210486428877e-08,0.00154090514936779
9.009,-2.32134161716075e-08,2.16940515020854e-08,0.00154648304423654
9.042,-2.36360559159752e-08,2.1635908033978e-08,0.00155205999143518
9.075,-2.40679483923569e-08,2.15475874718168e-08,0.00155763598772323
9.108,-2.45081028603615e-08,2.14305764939802e-08,0.00156321102985825
9.141,-2.49554691431376e-08,2.12868520894647e-08,0.00156878511459484
9.174,-2.54089437005163e-08,2.1118848129927e-08,0.00157435823868405
9.207,-2.58673761452351e-08,2.0929416431548e-08,0.00157993039887314
9.24,-2.63295761698702e-08,2.0721783005617e-08,0.00158550159190569
9.273,-2.6794320982686e-08,2.0499500105719e-08,0.00159107181452215
9.306,-2.72603636102814e-08,2.02663945918364e-08,0.00159664106346069
9.339,-2.77264418169208e-08,2.00265130471167e-08,0.00160220933545837
9.372,-2.81912872930312e-08,1.97840639529765e-08,0.0016077766272525
9.405,-2.86536350753223e-08,1.9543353948631e-08,0.00161334293558222
9.438,-2.9112233280517e-08,1.93087093422475e-08,0.0016189082571902
9.471,-2.95658529832218e-08,1.90843895085822e-08,0.00162447258882427
9.504,-3.00132980271723e-08,1.88745010894077e-08,0.00163003592723891
9.537,-3.04534146569994e-08,1.86829157496975e-08,0.00163559826919645
9.57,-3.08851008697151e-08,1.85131935537067e-08,0.00164115961146786
9.603,-3.13073153910234e-08,1.83685137371054e-08,0.00164671995083312
9.636,-3.17190861894611e-08,1.82516143055051e-08,0.0016522792840811
9.669,-3.21195184502724e-08,1.81647415145094e-08,0.00165783760800907
9.702,-3.25078019410751e-08,1.81096099096504e-08,0.00166339491942174
9.735,-3.28832177115406e-08,1.80873732495674e-08,0.00166895121513005
9.768,-3.32451441363852e-08,1.80986029742093e-08,0.00167450649194971
9.801,-3.35930625319793e-08,1.8143258419973e-08,0.00168006074669964
9.834,-3.39265613411068e-08,1.82207053682433e-08,0.00168561397620044
9.867,-3.42453395312068e-08,1.83297429795463e-08,0.0016911661772729
9.9,-3.45492093873776e-08,1.84686271673477e-08,0.00169671734673679
9.933,-3.48380984916934e-08,1.86351014903065e-08,0.0017022674814099
9.966,-3.51120508876716e-08,1.88264347679098e-08,0.0017078165781074
9.999,-3.53712274343735e-08,1.90394646099198e-08,0.00171336463364159
