0,-0,-104.464015590224,-104.464015590224
0.033,0.000397873195050881,-103.867280282177,-105.057361441712
0.066,0.00163472190381397,-102.476828445301,-106.414100266785
0.099,0.00377433497165711,-100.802022893885,-108.001913282702
0.132,0.00685465922793839,-99.0448041283709,-109.615636816357
0.165,0.0108963743801628,-97.2601236341552,-111.202200240854
0.198,0.0159105021845882,-95.4622764058537,-112.749344285177
0.231,0.0219005548049149,-93.6556986768459,-114.254412309489
0.264,0.0288629080510198,-91.8424780468521,-115.716980169788
0.297,0.0367867667346636,-90.0241278197152,-117.137168155554
0.33,0.0456540845940814,-88.2020063474954,-118.515252598347
0.363,0.0554395298590631,-86.3774164861267,-119.85157468348
0.396,0.0661105192060324,-84.5516288856312,-121.146517856086
0.429,0.0776273251834791,-82.7258869850682,-122.400501236724
0.462,0.0899432569874221,-80.901407609186,-123.613976813029
0.495,0.103004912387442,-79.0793805441505,-124.78742752862
0.528,0.11675249736665,-77.2609679226107,-125.921365585769
0.561,0.131120209094207,-75.447303623811,-127.016330799848
0.594,0.146036677071046,-73.6394927392715,-128.072888968981
0.627,0.161425456654602,-71.8386111153899,-129.091630252712
0.66,0.177205568675056,-70.0457049742207,-130.073167560877
0.693,0.193292078504332,-68.2617906109645,-131.018134955533
0.726,0.20959670772758,-66.4878541658927,-131.927186069075
0.759,0.226028471489338,-64.7248514681283,-132.800992541577
0.792,0.242494334633703,-62.9737079485546,-133.640242480239
0.825,0.258899879917602,-61.2353186190176,-134.445638943585
0.858,0.275149981834428,-59.5105481149129,-135.217898452902
0.891,0.291149479926167,-57.8002307981881,-135.957749533175
0.924,0.30680384586919,-56.1051709177477,-136.665931285597
0.957,0.322019839075599,-54.4261428242185,-137.343191993525
0.99,0.336706146042037,-52.7638912360158,-137.990287763575
1.023,0.350773999185979,-51.1191315536502,-138.607981203361
1.056,0.364137771421574,-49.4925502192163,-139.197040137177
1.089,0.37671554323052,-47.8848051180311,-139.758236360784
1.122,0.38842963946745,-46.2965260194129,-140.292344436245
1.155,0.399207133594738,-44.7283150536324,-140.800140527617
1.188,0.408980317461323,-43.1807472221143,-141.28240127811
1.221,0.417687135118697,-41.6543709380238,-141.739902729203
1.254,0.425271579500809,-40.1497085944322,-142.173419281999
1.287,0.431684051081197,-38.6672571573264,-142.583722701009
1.32,0.436881677859563,-37.2074887808003,-142.971581160367
1.353,0.440828596221688,-35.7708514418456,-143.337758332351
1.386,0.443496192363026,-34.3577695922441,-143.683012517983
1.419,0.444863308487056,-32.9686448251478,-144.008095819295
1.452,0.444916716810872,-31.6038565540521,-144.313753351838
1.485,0.443652158091787,-30.263762702047,-144.600722495933
1.518,0.44107470026086,-28.9487003991122,-144.869732189924
1.551,0.437198722467223,-27.6589866852734,-145.121502263759
1.584,0.432047806682549,-26.3949192177057,-145.356742811101
1.617,0.425654542609377,-25.1567769799652,-145.576153598932
1.65,0.418060249389214,-23.9448209916049,-145.780423513505
1.683,0.409314618790542,-22.7592950165275,-145.97023004148
1.716,0.39947528561033,-21.6004262685178,-146.146238784936
1.749,0.388607331922009,-20.4684261124878,-146.309103008966
1.782,0.376782732530951,-19.3634907600657,-146.459463220464
1.815,0.364079749544233,-18.2858019582413,-146.597946776717
1.848,0.350582284320823,-17.2355276698731,-146.725167522386
1.881,0.336379195243134,-16.2128227449426,-146.841725453453
1.914,0.321563589749284,-15.2178295815234,-146.948206406729
1.947,0.306232098900157,-14.250678775508,-147.045181773522
1.98,0.290484142443858,-13.3114897582108,-147.133208236105
2.013,0.274421191902599,-12.4003714210334,-147.212827525658
2.046,0.258146038665936,-11.517422726446,-147.284566200374
2.079,0.241762073453139,-10.6627333046014,-147.34893544252
2.112,0.225372582829746,-9.83638403495492,-147.406430873232
2.145,0.209080067752012,-9.03844761232169,-147.457532383916
2.178,0.192985588389203,-8.26898909685271,-147.502703983174
2.211,0.177188138756798,-7.52806644746095,-147.542393658213
2.244,0.161784054000547,-6.8157310382734,-147.577033249767
2.277,0.146866452516106,-6.1320281577278,-147.607038339596
2.31,0.132524714482999,-5.47699748997231,-147.632808149693
2.343,0.118843997843708,-4.85067357826288,-147.654725452355
2.376,0.105904792274675,-4.25308627008759,-147.67315649035
2.409,0.0937825112796489,-3.68426114377864,-147.688450906407
2.442,0.0825471221885343,-3.14421991640262,-147.700941681355
2.475,0.0722628135663254,-2.63298083274653,-147.710945080212
2.508,0.0629876993248544,-2.15055903524315,-147.718760605601
2.541,0.0547735586816732,-1.69696691470248,-147.72467095789
2.574,0.0476656110211468,-1.27221444173882,-147.728942001467
2.607,0.0417023246777131,-0.876309478803406,-147.731822736615
2.64,0.0369152586746362,-0.509258072752774,-147.733545276447
2.673,0.0333289365074764,-0.171064727901784,-147.734324828423
2.706,0.030960751153672,0.13826734047089,-147.734359679946
2.739,0.0298209006117271,0.418735972178576,-147.733831187608
2.772,0.0299123459336424,0.670339847738511,-147.732903769638
2.805,0.031230461827831,0.893078293552692,-147.731724901217
2.838,0.0337622427957385,1.08695110678245,-147.730425112336
2.871,0.0374862011454773,1.25195839977328,-147.729117987684
2.904,0.0423725572090869,1.38810046375673,-147.72790016831
2.937,0.0483835002298344,1.49537765168483,-147.726851354738
2.97,0.0554735146412166,1.57379028002353,-147.726034311197
3.003,0.0635897672175042,1.62333854926731,-147.725494870605
3.036,0.0726725498788706,1.64402248285404,-147.725261940013
3.069,0.0826557726889037,1.63585776846825,-147.725347330286
3.102,0.0934675179256844,1.59921958196874,-147.725742059469
3.135,0.105030696060635,1.53536364354804,-147.726411766834
3.168,0.117263760972885,1.4464137092175,-147.727300263226
3.201,0.130081431710571,1.33519591070007,-147.72833660869
3.234,0.14339540537346,1.20503817362626,-147.72944333215
3.267,0.157115052423518,1.05956308141769,-147.730544395551
3.3,0.171148089410144,0.902497760470401,-147.731571820627
3.333,0.185401226914012,0.737516202891617,-147.732470373661
3.366,0.199780792264517,0.568120765991293,-147.733200171456
3.399,0.214193327377561,0.39756250232356,-147.733737418859
3.432,0.228546162168125,0.228795389814671,-147.734073678994
3.465,0.242747963721735,0.0644573773136201,-147.734214131804
3.498,0.256709261011316,-0.0931291626810744,-147.734175239799
3.531,0.270342944583369,-0.241944199912902,-147.73398215768
3.564,0.283564740390269,-0.38024937936816,-147.733666129006
3.597,0.29629365683363,-0.506563911704719,-147.733262028365
3.63,0.308452404092107,-0.619639800716662,-147.732806140346
3.663,0.319967784904142,-0.718438216968053,-147.73233421839
3.696,0.330771056127928,-0.802108107004512,-147.73187983493
3.729,0.340798260576085,-0.869967628138005,-147.731473015538
3.762,0.349990528797039,-0.921488674864759,-147.731139140403
3.795,0.358294350631195,-0.956284569791071,-147.730898093287
3.828,0.365661816496211,-0.974100891295317,-147.730763638988
3.861,0.372050828438546,-0.974810023605976,-147.73074300926
3.894,0.377425278669001,-0.958471532726448,-147.730836283252
3.927,0.381755179577026,-0.925538111325782,-147.731035157331
3.96,0.385016745642962,-0.876906834889647,-147.731323364335
3.993,0.387192448014694,-0.81387056995914,-147.731678400987
4.026,0.38827104801387,-0.738049996418543,-147.732073816979
4.059,0.388247616027183,-0.651314874234265,-147.732481733681
4.092,0.387123774156652,-0.555702093466164,-147.732875274381
4.125,0.384908322951282,-0.453337114161361,-147.733230647383
4.158,0.381617353172897,-0.346363740877782,-147.733528715806
4.191,0.377274114413374,-0.23688524502635,-147.733755980454
4.224,0.371908829241871,-0.126918035202977,-147.733904984957
4.257,0.365558455571541,-0.0183576269138573,-147.733974212035
4.29,0.358266398887959,0.0870443245108163,-147.733967573277
4.323,0.350082176791527,0.18769370882938,-147.733893606072
4.356,0.3410610390832,0.282160331700354,-147.733764486606
4.389,0.331263547316184,0.369178876999354,-147.733594953511
4.422,0.320755118312078,0.447646156188094,-147.73340121835
4.455,0.309605536580614,0.516616063432792,-147.73319992041
4.488,0.297888440882235,0.575293367363035,-147.733007166602
4.521,0.285680790336148,0.623027205027847,-147.732837683627
4.554,0.273062315512959,0.659304916982749,-147.732704099219
4.587,0.260114959874345,0.683746679063189,-147.732616361979
4.62,0.246922316748225,0.696101243669607,-147.732581304522
4.653,0.233569066778609,0.696243430002774,-147.732602349808
4.686,0.220140421823221,0.684207545427054,-147.732679203684
4.719,0.206721587838542,0.660292429848354,-147.732807414472
4.752,0.193397249564299,0.625084348764845,-147.73297862539
4.785,0.180251069973883,0.579431126347121,-147.733181362857
4.818,0.167365204399795,0.52440563234741,-147.7334020934
4.851,0.154819830700847,0.4612623402623,-147.733626417084
4.884,0.142692696943579,0.391390418698483,-147.733840262831
4.917,0.131058688179943,0.316266629774323,-147.734030966153
4.95,0.119989413973126,0.237410776614644,-147.734188139147
4.983,0.109552818321982,0.156345711382016,-147.734304278552
5.016,0.0998128135512085,0.0745631310306239,-147.73437509331
5.049,0.0908289395761653,-0.00650433381033322,-147.734399563089
5.082,0.0826560497372252,-0.0855048175705175,-147.734379761018
5.115,0.0753440241533812,-0.161183207022199,-147.734320486883
5.148,0.068937511293262,-0.232392175553375,-147.734228762211
5.181,0.0634756982247776,-0.298099142050651,-147.73411323796
5.214,0.0589921097978774,-0.357390046531508,-147.733983560841
5.247,0.0555144368479796,-0.40947077875935,-147.73384973762
5.28,0.0530643933848035,-0.453666999316479,-147.733721529287
5.313,0.0516576026526215,-0.489422977647396,-147.733607899862
5.346,0.0513035118939475,-0.516299953915721,-147.733516538314
5.379,0.0520052639742212,-0.533974420395423,-147.733453466844
5.412,0.0537591388064634,-0.542236617841764,-147.733422744734
5.445,0.056554179971899,-0.540990180521198,-147.733426270829
5.478,0.06037224771041,-0.530280231052201,-147.733463590811
5.511,0.0651881481381007,-0.510355213932868,-147.733531720223
5.544,0.0709698156866502,-0.481672652169224,-147.733625357298
5.577,0.0776785519634482,-0.444881440176115,-147.733737355473
5.61,0.0852693193632913,-0.400797560215943,-147.733859344864
5.643,0.0936910863904373,-0.350375121489551,-147.73398243371
5.676,0.102887220855325,-0.294674708292103,-147.734097917526
5.709,0.112795926395186,-0.234830971028378,-147.734197929806
5.742,0.123350717168755,-0.172021157093319,-147.734275981545
5.775,0.134480925119912,-0.107435920157425,-147.734327354454
5.808,0.146112233908568,-0.0422533339558782,-147.734349331291
5.841,0.158167233472086,0.0223833701008565,-147.734341263567
5.874,0.17056598919882,0.085384179770546,-147.734304490373
5.907,0.183226619850605,0.145726915018977,-147.734242131407
5.94,0.196065878641665,0.202468400168177,-147.734158782549
5.973,0.208999732243624,0.2547526412923,-147.734060144141
6.006,0.221943932916004,0.301816512246622,-147.733952611283
6.039,0.234814579436085,0.342993459181154,-147.733842852846
6.072,0.247528663000905,0.377715704289122,-147.733737402385
6.105,0.260004594779744,0.405515378119176,-147.733642280145
6.138,0.272162712292833,0.42602494640187,-147.733562661544
6.171,0.283925762269058,0.438977229321375,-147.733502603921
6.204,0.295219358082467,0.444205243059517,-147.733464840238
6.237,0.305972410306899,0.441643493235743,-147.733450641275
6.27,0.316117530592233,0.431354863476027,-147.733459680459
6.303,0.325591411332209,0.413567222199874,-147.733489970469
6.336,0.334335177808554,0.388671009322853,-147.733538038269
6.369,0.342294709334745,0.357205606223478,-147.733599241865
6.402,0.34942092848312,0.31984115911207,-147.733668177287
6.435,0.35567005792778,0.277357050831489,-147.733739133434
6.468,0.361003844702804,0.230618324791267,-147.733806550436
6.501,0.365389751910301,0.180551343874412,-147.733865440564
6.534,0.36880111810473,0.128119835477811,-147.733911738342
6.567,0.371217284721611,0.0743022645131118,-147.733942556781
6.6,0.372623692007383,0.0200712264192972,-147.733956337733
6.633,0.373011943953006,-0.0336247035756879,-147.733952894851
6.666,0.372379905740481,-0.0858764635833017,-147.733933356247
6.699,0.370732198368692,-0.135827335669691,-147.733900019735
6.732,0.368080531053752,-0.182683258624809,-147.733856140083
6.765,0.364443619660557,-0.225720869325694,-147.733805668866
6.798,0.35984702280296,-0.264293578041776,-147.733752966253
6.831,0.354322921834214,-0.297836006123938,-147.733702503693
6.864,0.347909847716608,-0.325867110092641,-147.73365857459
6.897,0.340652358346353,-0.347992292191498,-147.73362502763
6.93,0.332600670419909,-0.363904760772456,-147.733605034834
6.963,0.323810250353134,-0.373386359669934,-147.733600903848
6.996,0.3143413690992,-0.376308037714331,-147.733613941559
7.029,0.304258625883494,-0.372632811446825,-147.733644366967
7.062,0.293630444648101,-0.362441139345605,-147.733691228682
7.095,0.282528546708142,-0.345950821181113,-147.733752413315
7.128,0.271027407609051,-0.323511605238835,-147.733824802767
7.161,0.259203705070091,-0.295593959140501,-147.733904517953
7.194,0.247135763469237,-0.262774463096525,-147.733987220156
7.227,0.23490299992304,-0.225718685449009,-147.734068440982
7.26,0.222585376587779,-0.18516247337731,-147.73414391087
7.293,0.210262863337929,-0.1418925790505,-147.734209858426
7.326,0.198014914486577,-0.0967274563339504,-147.734263257925
7.359,0.185919962719154,-0.0504989255889621,-147.734302009029
7.392,0.174054932932478,-0.00403523711187745,-147.734325040142
7.425,0.162494778217347,0.0418541108800001,-147.734332333922
7.458,0.151312039803279,0.0863916083128691,-147.734324879582
7.491,0.140576432403374,0.128842973965293,-147.734304561344
7.524,0.130354456058549,0.168526464090463,-147.73427399563
7.557,0.120709035284179,0.204820393569442,-147.73423633134
7.59,0.111699186068062,0.237169065813184,-147.734195028081
7.623,0.10337971105513,0.265087333307537,-147.734153626743
7.656,0.0958009230794086,0.28816401532794,-147.734115525672
7.689,0.0890083970649863,0.306064387959934,-147.734083774073
7.722,0.0830427502123631,0.31853193870531,-147.734060892452
7.755,0.077939450311544,0.325389547400742,-147.734048727955
7.788,0.0737286519754122,0.326540233254939,-147.734048350511
7.821,0.070435060709826,0.321972193004802,-147.734059983737
7.854,0.0680778260900268,0.311781226425818,-147.734082947523
7.887,0.0666704643782481,0.296179568979106,-147.734115691607
7.92,0.0662208081267422,0.275489773255897,-147.734155924277
7.953,0.066730939755786,0.250135023970417,-147.734200799682
7.986,0.0681967901102049,0.220626835860723,-147.734247144886
8.019,0.0706078157100264,0.187550794340839,-147.73429170543
8.052,0.0739470635031884,0.151551047286391,-147.734331387735
8.085,0.0781913147602132,0.113314245589344,-147.734363478742
8.118,0.0833112771872148,0.0735535688158659,-147.734385826634
8.151,0.0892718229507817,0.0329933739406531,-147.734396971213
8.184,0.096032269830295,-0.00764511482934754,-147.734396217755
8.217,0.103546702281353,-0.0476567838958807,-147.734383653165
8.25,0.111764328816812,-0.0863641057401236,-147.734360107746
8.283,0.120629871797161,-0.123127048688368,-147.734327069348
8.316,0.13008398547561,-0.157351444484428,-147.734286559176
8.349,0.140063697969423,-0.188495902069993,-147.734240979959
8.382,0.150502872729327,-0.21607739932915,-147.734192947713
8.415,0.161332685052673,-0.239675708496947,-147.734145118143
8.448,0.17248210923026,-0.258936818511679,-147.734100017955
8.481,0.183878412026429,-0.273575512150295,-147.734059890189
8.514,0.195447648360352,-0.28337724052213,-147.734026561336
8.547,0.207115155275384,-0.288199415192448,-147.734001336452
8.58,0.218806040542572,-0.287972323801356,-147.733984926714
8.613,0.230445662282658,-0.282706250185813,-147.733977400062
8.646,0.241960095187673,-0.272509321641894,-147.733978151443
8.679,0.253276580945222,-0.257589859156229,-147.733985950786
8.712,0.264323962144093,-0.238250379855733,-147.733999052583
8.745,0.275033098094983,-0.214879002404336,-147.734015346089
8.778,0.285337261062784,-0.187938761663402,-147.734032531907
8.811,0.295172511637392,-0.157955360633104,-147.734048308985
8.844,0.304478052173637,-0.125503920631485,-147.734060555956
8.877,0.313196557409998,-0.0911952801039018,-147.734067492256
8.91,0.321274481533227,-0.0556623450274916,-147.73406780726
8.943,0.328662341094573,-0.0195469193082587,-147.734060749215
8.976,0.335314973304974,0.0165126471531134,-147.734046169698
9.009,0.341191769342473,0.0518927513336672,-147.734024523087
9.042,0.346256882395789,0.0859946223721589,-147.733996823905
9.075,0.35047941024345,0.118253133514093,-147.733964567558
9.108,0.353833552227941,0.148144343469513,-147.733929621939
9.141,0.35629874052908,0.175191822265529,-147.733894098484
9.174,0.35785974567036,0.198971852776214,-147.733860211779
9.207,0.35850675620728,0.219117620223998,-147.733830136646
9.24,0.358235444688451,0.235322510078887,-147.733805871072
9.273,0.357047259913684,0.247342632239791,-147.733789111853
9.306,0.354949844648946,0.254998678502272,-147.733781149576
9.339,0.351957051434256,0.25817720346929,-147.733782789295
9.372,0.348088838513641,0.256831825060499,-147.733794299217
9.405,0.343371117403065,0.250992237656722,-147.73381537631
9.438,0.337835555089281,0.240776723028085,-147.733845141107
9.471,0.331519332394445,0.226390950820022,-147.733882195449
9.504,0.324464860301674,0.20812227243262,-147.733924723278
9.537,0.316719457261597,0.186331927367841,-147.733970621748
9.57,0.308334990970872,0.161445542951609,-147.734017651112
9.603,0.299367488461151,0.133942363683025,-147.734063590694
9.636,0.28987671861308,0.104343668543986,-147.734106388322
9.669,0.279925751409069,0.0732008236874152,-147.734144291976
9.702,0.269580498357796,0.0410833792163056,-147.734175954584
9.735,0.258909238562648,0.00856755961186358,-147.734200505747
9.768,0.247982134868433,-0.0237745740345179,-147.734217587191
9.801,0.236870744411192,-0.0553850875828828,-147.734227351727
9.834,0.225647527722641,-0.0857291341527314,-147.734230428083
9.867,0.214385360313061,-0.114302847993969,-147.734227856125
9.9,0.203157050384956,-0.140640163814299,-147.734220998475
9.933,0.192034866025586,-0.164318596128082,-147.734211435532
9.966,0.181090074900526,-0.184964043218613,-147.734200851247
9.999,0.170392499133377,-0.202254698454351,-147.734190917006
