0,0,0,0
0.033,-2.53683818706888e-13,6.62257415727659e-08,6.69845379048418e-08
0.066,-4.16919237203635e-12,2.61356719289149e-07,2.71398345917023e-07
0.099,-2.16586294666482e-11,5.78441772745791e-07,6.1975766052199e-07
0.132,-6.99284360812281e-11,1.01041414543198e-06,1.11825364165341e-06
0.165,-1.73688040152223e-10,1.55032363544685e-06,1.77256048126288e-06
0.198,-3.65202874396777e-10,2.19119785451386e-06,2.5879984326784e-06
0.231,-6.8422492089176e-10,2.92602020679788e-06,3.56957339790382e-06
0.264,-1.17778935964561e-09,3.74774720386004e-06,4.72197904065203e-06
0.297,-1.89987077871318e-09,4.64932939531418e-06,6.04959671489763e-06
0.33,-2.91089746289218e-09,5.6237299503436e-06,7.5564982649894e-06
0.363,-4.27712560239749e-09,6.66394126357192e-06,9.24645096687263e-06
0.396,-6.06987805243261e-09,7.76300035452774e-06,1.11229237289927e-05
0.429,-8.36465490150729e-09,8.91400346123629e-06,1.31890940984245e-05
0.462,-1.12401255981924e-08,1.01101199836008e-05,1.54478558675976e-05
0.495,-1.47770146933803e-08,1.13446058255399e-05,1.79018271810228e-05
0.528,-1.90568953244973e-08,1.2610816146101e-05,2.05533590793721e-05
0.561,-2.41609063560684e-08,1.3902217517989e-05,2.34045444313445e-05
0.594,-3.01684105658771e-08,1.52123994898146e-05,2.64572272083705e-05
0.627,-3.71556124073677e-08,1.6535085549425e-05,2.97130120591499e-05
0.66,-4.51941546774587e-08,1.78641434877068e-05,3.31732741422048e-05
0.693,-5.43497138752751e-08,1.91935951645001e-05,3.68391691756745e-05
0.726,-6.46806141614111e-08,2.05176256804839e-05,4.07116436646483e-05
0.759,-7.62364796371762e-08,2.18305919610115e-05,4.47914452674914e-05
0.792,-8.90569441834851e-08,2.3127030759862e-05,4.90791332638597e-05
0.825,-1.03170437359311e-07,2.44016660927163e-05,5.35750890884251e-05
0.858,-1.18593063893146e-07,2.56494161118706e-05,5.82795268957304e-05
0.891,-1.35327593142815e-07,2.68653994352509e-05,6.31925041230508e-05
0.924,-1.53362573584902e-07,2.80449409442073e-05,6.83139320196523e-05
0.957,-1.72671585959585e-07,2.91835770658285e-05,7.36435861123887e-05
0.99,-1.932126471727e-07,3.02770605566486e-05,7.91811165791635e-05
1.023,-2.14927775474047e-07,3.13213648056025e-05,8.49260585033901e-05
1.056,-2.37742725815518e-07,3.23126876749421e-05,9.08778419841989e-05
1.089,-2.6156690266669e-07,3.32474548985479e-05,9.70358020787674e-05
1.122,-2.86293455946718e-07,3.412232305767e-05,0.00010339918855476
1.155,-3.11799564133025e-07,3.4934182154608e-05,0.000109967175432474
1.188,-3.37946907038218e-07,3.56801578052022e-05,0.000116738870297859
1.221,-3.6458232921174e-07,3.63576130712606e-05,0.000123713323369148
1.254,-3.91538693422823e-07,3.69641499541921e-05,0.00013088953630134
1.287,-4.18635922214096e-07,3.74976105711701e-05,0.000138266470714259
1.32,-4.45682224075358e-07,3.79560780351032e-05,0.000145843056431333
1.353,-4.72475499367063e-07,3.8337877059567e-05,0.000153618199417637
1.386,-4.98804919713771e-07,3.86415743096398e-05,0.000161590789407026
1.419,-5.24452678385612e-07,3.88659785193041e-05,0.000169759707209463
1.452,-5.4919627847593e-07,3.90101403957598e-05,0.00017812383168965
1.485,-5.7281185381016e-07,3.90733523307084e-05,0.000186682046408857
1.518,-5.95077085752668e-07,3.90551479379698e-05,0.000195433245928986
1.551,-6.15773891511569e-07,3.89553014361658e-05,0.000204376341773902
1.584,-6.34691149178456e-07,3.87738268948383e-05,0.000213510268043557
1.617,-6.51627427847211e-07,3.85109773617634e-05,0.000222833986678153
1.65,-6.66393687174554e-07,3.81672438885764e-05,0.0002323464923703
1.683,-6.78815911415657e-07,3.77433544711514e-05,0.000242046817123774
1.716,-6.88737644273841e-07,3.72402729204833e-05,0.000251934034458013
1.749,-6.96022392782657e-07,3.6659197679105e-05,0.00026200726325798
1.782,-7.00555870814792e-07,3.60015605973469e-05,0.000272265671269408
1.815,-7.02248055596611e-07,3.52690256829928e-05,0.000282708478239829
1.848,-7.01035033704195e-07,3.44634878371368e-05,0.000293334958706013
1.881,-6.96880616327478e-07,3.35870715882745e-05,0.000304144444428768
1.914,-6.89777707016033e-07,3.26421298358933e-05,0.00031513632647616
1.947,-6.79749408570246e-07,3.1631242614047e-05,0.000326310056956458
1.98,-6.66849859130478e-07,3.05572158846206e-05,0.00033766515040217
2.013,-6.51164790770039e-07,2.94230803692108e-05,0.000349201184806692
2.046,-6.3281180695389e-07,2.8232090427764e-05,0.000360917802315138
2.079,-6.11940378035622e-07,2.69877229913338e-05,0.000372814709571002
2.112,-5.88731556496148e-07,2.5693676555542e-05,0.000384891677720342
2.145,-5.63397415858028e-07,2.43538702405499e-05,0.000397148542075227
2.178,-5.36180219131609e-07,2.29724429225739e-05,0.000409585201438171
2.211,-5.07351324267001e-07,2.15537524412126e-05,0.000422201617089338
2.244,-4.77209835413489e-07,2.01023748860855e-05,0.000434997811438266
2.277,-4.4608100984777e-07,1.86231039655286e-05,0.000447973866341851
2.31,-4.14314431253955e-07,1.71209504593333e-05,0.000461129921090349
2.343,-3.82281960656067e-07,1.56011417567723e-05,0.000474466170063051
2.376,-3.50375476755843e-07,1.40691214804098e-05,0.000487982860055328
2.409,-3.19004417755078e-07,1.25305491954609e-05,0.000501680287278616
2.442,-2.88593136983301e-07,1.09913002037331e-05,0.00051555879403491
2.475,-2.59578084848444e-07,9.45746542046276e-06,0.000529618765067209
2.508,-2.32404829819457e-07,7.93535133164248e-06,0.000543860623587314
2.541,-2.07524931372053e-07,6.43148002872803e-06,0.000558284826982257
2.574,-1.85392678116051e-07,4.95258931691388e-06,0.000572891862200545
2.607,-1.66461704705577e-07,3.50563289247532e-06,0.000587682240819303
2.64,-1.51181501638591e-07,2.09778058399339e-06,0.000602656493793251
2.673,-1.39993832702468e-07,7.36418651608999e-07,0.000617815165886348
2.706,-1.33329075635981e-07,-5.70849862190938e-07,0.000633158809786782
2.739,-1.31602502567348e-07,-1.81620473590681e-06,0.000648687979905869
2.772,-1.35210484298744e-07,-2.9916081324993e-06,0.000664403225861262
2.805,-1.44525114391439e-07,-4.08880413927511e-06,0.000680305085645062
2.838,-1.59886371498761e-07,-5.09931829178991e-06,0.000696394078477302
2.871,-1.81596949612246e-07,-6.01445708879483e-06,0.000712670697344182
2.904,-2.09918302347251e-07,-6.82530750739986e-06,0.000729135401221346
2.937,-2.45067010816422e-07,-7.52273652876865e-06,0.00074578860698204
2.97,-2.87211509354523e-07,-8.09739068506442e-06,0.000762630680989598
3.003,-3.36469205007371e-07,-8.53969563854842e-06,0.00077966193037344
3.036,-3.92904021051599e-07,-8.83985580373791e-06,0.000796882593987664
3.069,-4.56524390708388e-07,-8.98794158151014e-06,0.000814292832084642
3.102,-5.27281816022306e-07,-8.97583489156014e-06,0.000831892695752774
3.135,-6.05070291435781e-07,-8.80044276602589e-06,0.000849682088288232
3.168,-6.8972644304454e-07,-8.46416433950401e-06,0.000867660770510751
3.201,-7.81030136096095e-07,-7.97444706114995e-06,0.000885828389331074
3.234,-8.78705481118198e-07,-7.34302226273252e-06,0.000904184518154465
3.267,-9.82422195860678e-07,-6.58496216634755e-06,0.000922728701588417
3.3,-1.09179729455316e-06,-5.71769740127396e-06,0.000941460497558517
3.333,-1.20639708853332e-06,-4.76010497052633e-06,0.000960379511920175
3.366,-1.32573949083289e-06,-3.7317356306113e-06,0.000979485423081249
3.399,-1.44929662131292e-06,-2.652209940521e-06,0.000998777996283998
3.432,-1.57649770914788e-06,-1.54078166878746e-06,0.00101825708865634
3.465,-1.70673228715584e-06,-4.16048244959059e-07,0.00103792264688512
3.498,-1.83935366895111e-06,7.04220784499092e-07,0.00105777469953837
3.531,-1.97368269615584e-06,1.80316771142597e-06,0.00107781334588215
3.564,-2.10901173956511e-06,2.86487052212111e-06,0.00109803874269057
3.597,-2.24460893550707e-06,3.87432932348181e-06,0.0011184510901659
3.63,-2.37972263674425e-06,4.81743285613735e-06,0.00113905061774486
3.663,-2.51358605602582e-06,5.68091800023576e-06,0.00115983757029607
3.696,-2.64542207968233e-06,6.45233145915418e-06,0.0011808121950188
3.729,-2.77444822828605e-06,7.12000003259959e-06,0.00120197472922366
3.762,-2.89988174122254e-06,7.67301396998317e-06,0.00122332538910039
3.795,-3.02094476189277e-06,8.10122667800552e-06,0.00124486435954173
3.828,-3.13686960007455e-06,8.39527338925912e-06,0.00126659178508612
3.861,-3.24690404756401e-06,8.54661682881898e-06,0.00128850776201876
3.894,-3.35031670160845e-06,8.54817449076529e-06,0.00131061232814143
3.927,-3.44640212299421e-06,8.39631639073711e-06,0.00133290544630085
3.96,-3.53448578569513e-06,8.09163518725178e-06,0.0013553870018336
3.993,-3.61392896358567e-06,7.63883958527221e-06,0.00137805681247006
4.026,-3.68413358619897e-06,7.0464272669513e-06,0.00140091464502371
4.059,-3.74454710418742e-06,6.32619807384452e-06,0.00142396023632243
4.092,-3.79466968439045e-06,5.4926676391995e-06,0.00144719331557726
4.125,-3.83406557920284e-06,4.56244156699525e-06,0.00147061362558089
4.158,-3.86237001303553e-06,3.55360177657998e-06,0.00149422094072985
4.191,-3.87929381503737e-06,2.48514327586051e-06,0.00151801508058962
4.224,-3.88462749413091e-06,1.37648491157097e-06,0.00154199591847275
4.257,-3.87824471897812e-06,2.47064260588431e-07,0.00156616338512429
4.29,-3.86010515582897e-06,-8.83983688127842e-07,0.00159051746804053
4.323,-3.83025662640312e-06,-1.99807157224586e-06,0.00161505820718809
4.356,-3.78883655808702e-06,-3.07733999614325e-06,0.00163978568797598
4.389,-3.73607270920716e-06,-4.10478637628317e-06,0.00166470003230834
4.422,-3.67228316247717e-06,-5.06435542068951e-06,0.00168980138845704
4.455,-3.5978755895568e-06,-5.94100328812607e-06,0.00171508992037743
4.488,-3.51334579873358e-06,-6.7207459074645e-06,0.00174056579697265
4.521,-3.41927558587124e-06,-7.39070025580369e-06,0.00176622918170712
4.554,-3.3163299158592e-06,-7.93912581531831e-06,0.00179208022288542
4.587,-3.20525346780026e-06,-8.35547206243741e-06,0.00181811904485042
4.62,-3.08686658208729e-06,-8.63043672020854e-06,0.00184434574031291
4.653,-2.9620606514446e-06,-8.75604411643118e-06,0.00187076036397528
4.686,-2.83179301824694e-06,-8.72618474739135e-06,0.00189736292561632
4.719,-2.69708153463872e-06,-8.53812645951068e-06,0.00192415338107575
4.752,-2.55899883206037e-06,-8.1930587661106e-06,0.00195113163180389
4.785,-2.41866621975721e-06,-7.69601450367759e-06,0.00197829753176623
4.818,-2.27724721645629e-06,-7.05562368450327e-06,0.00200565089879079
4.851,-2.1359407398493e-06,-6.28373612644493e-06,0.002033191528913
4.884,-1.99597398256934e-06,-5.39495108024446e-06,0.00206091921204904
4.917,-1.85859500769569e-06,-4.40609440212223e-06,0.00208883374734382
4.95,-1.72506510085211e-06,-3.33568105813313e-06,0.00211693495677842
4.983,-1.59665091915369e-06,-2.20339433118074e-06,0.00214522269600114
5.016,-1.4746164793137e-06,-1.02960475440631e-06,0.00217369686177967
5.049,-1.36021502809227e-06,1.65056898748883e-07,0.00220235739588068
5.082,-1.25468083808917e-06,1.3600660949977e-06,0.0022312042855204
5.115,-1.15922097091468e-06,2.53531035089557e-06,0.00226023756077053
5.148,-1.07500704831583e-06,3.67133879561771e-06,0.00228945728944943
5.181,-1.00316707020763e-06,4.74956278581396e-06,0.00231886357009182
5.214,-9.44777317016765e-07,5.75241633176995e-06,0.00234845652359274
5.247,-9.00854372484894e-07,6.66348548914909e-06,0.00237823628408434
5.28,-8.72347302245903e-07,7.46761553763848e-06,0.00240820298954544
5.313,-8.60130023164246e-07,8.15100399471319e-06,0.00243835677257832
5.346,-8.64993898360364e-07,8.70128651559599e-06,0.00246869775172344
5.379,-8.87639381069289e-07,9.10762165371087e-06,0.00249922602362728
5.412,-9.28660013864482e-07,9.36077938006258e-06,0.00252994165633395
5.445,-9.88528817339341e-07,9.45324981483456e-06,0.00256084468388227
5.478,-1.06759155756362e-06,9.3798528127063e-06,0.00259193510068582
5.511,-1.16606129702295e-06,9.13898446526656e-06,0.00262321285588821
5.544,-1.28401393072102e-06,8.7329376365257e-06,0.00265467785447985
5.577,-1.42138484888912e-06,8.16780710064401e-06,0.00268632996337451
5.61,-1.57796678557602e-06,7.45325474878835e-06,0.00271816902079747
5.643,-1.75340888595262e-06,6.60215976888168e-06,0.00275019484793886
5.676,-1.94721700683474e-06,5.63018342604382e-06,0.00278240726164874
5.709,-2.15875524640279e-06,4.55528038846209e-06,0.00281480608694303
5.742,-2.38724868121405e-06,3.39718729669707e-06,0.00284739116823166
5.775,-2.6317872721179e-06,2.17691527079304e-06,0.00288016237842797
5.808,-2.89133088618168e-06,9.1626733911297e-07,0.00291311962539772
5.841,-3.16471536959905e-06,-3.62604596664122e-07,0.00294626285550727
5.874,-3.4506595969657e-06,-1.63759480702246e-06,0.00297959205429707
5.907,-3.7477734152749e-06,-2.88698769282528e-06,0.00301310724451656
5.94,-4.05456639638499e-06,-4.0897517941461e-06,0.00304680848190208
5.973,-4.3694573093021e-06,-5.22578801514639e-06,0.00308069584916481
6.006,-4.69078422313611e-06,-6.27613813828032e-06,0.00311476944869013
6.039,-5.0168151527185e-06,-7.22316066747351e-06,0.00314902939444641
6.072,-5.34575916130461e-06,-8.05068127582826e-06,0.00318347580357341
6.105,-5.67577783821694e-06,-8.74412484488066e-06,0.00321810878807718
6.138,-6.00499707344025e-06,-9.29063544341178e-06,0.00325292844701075
6.171,-6.33151905578893e-06,-9.67918973585057e-06,0.00328793485947026
6.204,-6.65343442609761e-06,-9.90070832124084e-06,0.00332312807869017
6.237,-6.96883452240235e-06,-9.94820175204037e-06,0.00335850812737916
6.27,-7.27582368859742e-06,-9.81750834918085e-06,0.00339407499290795
6.303,-7.57253167011601e-06,-9.50829860392778e-06,0.00342982862394681
6.336,-7.8571259883246e-06,-9.02422004667219e-06,0.00346576893254928
6.369,-8.12782417414833e-06,-8.3727758139004e-06,0.00350189579981383
6.402,-8.38290579495426e-06,-7.56507729894376e-06,0.00353820908414177
6.435,-8.62072421667105e-06,-6.61549157817973e-06,0.00357470863123189
6.468,-8.83971804759333e-06,-5.54120917441564e-06,0.00361139428482255
6.501,-9.03842221457697e-06,-4.36175968879298e-06,0.00364826589718805
6.534,-9.21547862603644e-06,-3.09850204986284e-06,0.00368532333850522
6.567,-9.36964637903149e-06,-1.77411314850438e-06,0.00372256650439498
6.6,-9.49981146959008e-06,-4.12094193001513e-07,0.00375999532117711
6.633,-9.6049959663949e-06,9.63691000615801e-07,0.00379760974861739
6.666,-9.68436824362999e-06,2.32943670079553e-06,0.0038354097801633
6.699,-9.7372638942911e-06,3.66177050343667e-06,0.00387339544082679
6.732,-9.7632032334687e-06,4.93808255135222e-06,0.00391156678306851
6.765,-9.76189837901028e-06,6.13681108159712e-06,0.00394992388110707
6.798,-9.73325811571055e-06,7.23768866825139e-06,0.00398846682408238
6.831,-9.67739110454583e-06,8.22195471825731e-06,0.00402719570853183
6.864,-9.59460741138682e-06,9.07254027886406e-06,0.00406611063062498
6.897,-9.48541835029012e-06,9.77423117805924e-06,0.00410521167857077
6.93,-9.35053465651839e-06,1.03138150818473e-05,0.00414449892557072
6.963,-9.19086302346985e-06,1.06802173274178e-05,0.00418397242364491
6.996,-9.00750105535303e-06,1.08646294629715e-05,0.00422363219861038
7.029,-8.80173070143058e-06,1.08607121734298e-05,0.00426347824624214
7.062,-8.57501021156296e-06,1.06654575572597e-05,0.00430351052839198
7.095,-8.32896465141236e-06,1.02799336122781e-05,0.00434372897162771
7.128,-8.06537515552097e-06,9.70931302420952e-06,0.00438413347030078
7.161,-7.78616708014691e-06,8.96272085308523e-06,0.00442472389244446
7.194,-7.49339718916278e-06,8.05296402080311e-06,0.00446550008780138
7.227,-7.18924000586347e-06,6.99616197662694e-06,0.00450646189721284
7.26,-6.87597346152012e-06,5.81130196196137e-06,0.00454760916250772
7.293,-6.55596396732359e-06,4.51974390414121e-06,0.00458894173603553
7.326,-6.23165103052637e-06,3.14469931259281e-06,0.00463045948908358
7.359,-5.90553152863818e-06,1.71070606269783e-06,0.00467216231857889
7.392,-5.58014374792514e-06,2.43117212496269e-07,0.00471405015167289
7.425,-5.25805128459918e-06,-1.23238238544372e-06,0.0047561229480133
7.458,-4.94182689927728e-06,-2.69022239345018e-06,0.00479838069970009
7.491,-4.63403640778625e-06,-4.10535108794622e-06,0.00484082342908601
7.524,-4.33722268435836e-06,-5.45359565943221e-06,0.00488345118470728
7.557,-4.0538898468267e-06,-6.71197991167298e-06,0.00492626403571599
7.59,-3.78648768768799e-06,-7.8590025633914e-06,0.00496926206523479
7.623,-3.53739640990365e-06,-8.87488062301332e-06,0.00501244536307213
7.656,-3.30891172209437e-06,-9.74176293069407e-06,0.00505581401822987
7.689,-3.10323034436535e-06,-1.0443919054806e-05,0.00509936811161069
7.722,-2.92243597338169e-06,-1.09679084037526e-05,0.0051431077092963
7.755,-2.76848575347936e-06,-1.13027337659933e-05,0.00518703285672367
7.788,-2.64319729952073e-06,-1.14399830754299e-05,0.00523114357403678
7.821,-2.54823632208691e-06,-1.13741272473471e-05,0.00527543985248323
7.854,-2.48510495510677e-06,-1.11034547452695e-05,0.00531992165110716
7.887,-2.45513085613535e-06,-1.06305548417681e-05,0.00536458889661479
7.92,-2.45945704914482e-06,-9.96227153890713e-06,0.00540944148675507
7.953,-2.49903097742032e-06,-9.10951681045856e-06,0.00545447929607992
7.986,-2.57458085564407e-06,-8.086970704137e-06,0.00549970218351155
8.019,-2.68659412720111e-06,-6.9126871845512e-06,0.00554511000101071
8.052,-2.83530987237041e-06,-5.60762797176389e-06,0.00559070260257256
8.085,-3.02071423463096e-06,-4.1951479077838e-06,0.00563647985280221
8.118,-3.24253784972874e-06,-2.70045471807185e-06,0.0056824416344059
8.151,-3.50025529731818e-06,-1.15006379201864e-06,0.00572858785407638
8.184,-3.79308657221018e-06,4.28734730045109e-07,0.00577491844642485
8.217,-4.12000054983594e-06,2.00838319590292e-06,0.00582143337579312
8.25,-4.4797203989319e-06,3.56152868022885e-06,0.00586813263595108
8.283,-4.87073087411458e-06,5.06145469192663e-06,0.005915016247831
8.316,-5.29128740238478e-06,6.4824701086079e-06,0.00596208425556534
8.349,-5.73942686103209e-06,7.80025574084049e-06,0.00600933672117534
8.382,-6.21297993019012e-06,8.99217087967616e-06,0.00605677371830576
8.415,-6.70958489162497e-06,1.00375234591343e-05,0.00610439532542052
8.448,-7.22670273633043e-06,1.09178081377004e-05,0.00615220161887052
8.481,-7.76163343716756e-06,1.16169167580335e-05,0.00620019266622279
8.514,-8.3115332390546e-06,1.21213253751119e-05,0.00624836852020621
8.547,-8.87343281794e-06,1.24202614361831e-05,0.00629672921358457
8.58,-9.44425616071193e-06,1.25058586637735e-05,0.00634527475520899
8.613,-1.00208400101446e-05,1.23735836354231e-05,0.00639400512691008
8.646,-1.0599953674182e-05,1.20231457038196e-05,0.00644292028112584
8.679,-1.11783190756418e-05,1.14587630055614e-05,0.00649202014188775
8.712,-1.17526309857475e-05,1.06890653888356e-05,0.00654130460862593
8.745,-1.23195773447142e-05,9.72687130824858e-06,0.00659077356199745
8.778,-1.2875859570639e-05,8.58885517703343e-06,0.00664042687119596
8.811,-1.34182127636889e-05,7.29512392529678e-06,0.00669026440208518
8.844,-1.39434257177349e-05,5.86872437308806e-06,0.00674028602545193
8.877,-1.44483606561695e-05,4.33510401208922e-06,0.00679049162470045
8.91,-1.49299726127373e-05,2.7215470605237e-06,0.00684088110239881
8.943,-1.53853283818636e-05,1.05660553931837e-06,0.00689145438522195
8.976,-1.58116249662224e-05,-6.30457966114349e-07,0.00694221142699626
9.009,-1.6206207452148e-05,-2.31020280313859e-06,0.00699315220971655
9.042,-1.65665862459379e-05,-3.953508683777e-06,0.00704427674256359
9.075,-1.68904536060825e-05,-5.53203425425875e-06,0.00709558505908519
9.108,-1.71756994079153e-05,-7.01863309234386e-06,0.00714707721281105
9.141,-1.74204260780693e-05,-8.38772693542747e-06,0.00719875327164752
9.174,-1.76229626364144e-05,-9.6156378247984e-06,0.00725061331144424
9.207,-1.77818777828176e-05,-1.06808821095006e-05,0.00730265740914352
9.24,-1.78959925694996e-05,-1.15644299364217e-05,0.00735488563591825
9.273,-1.79644046616436e-05,-1.22499340322314e-05,0.00740729805065428
9.306,-1.79865196599579e-05,-1.27239313380275e-05,0.00745989469413924
9.339,-1.79620629886341e-05,-1.2976020479625e-05,0.00751267558432717
9.372,-1.7891085794034e-05,-1.29990390834766e-05,0.00756564071285887
9.405,-1.77739682407383e-05,-1.27896478211252e-05,0.00761879004234368
9.438,-1.76114202354171e-05,-1.23491168767658e-05,0.00767212350507642
9.471,-1.74044795397171e-05,-1.16834240501902e-05,0.0077256410050097
9.504,-1.71545072499563e-05,-1.08031145899392e-05,0.0077793424221036
9.537,-1.68631806900714e-05,-9.72303948421579e-06,0.00783322761849114
9.57,-1.6532483796786e-05,-8.46198704808038e-06,0.00788729644592469
9.603,-1.61646951035488e-05,-7.04222666696239e-06,0.00794154875387196
9.636,-1.57623734548129e-05,-5.48898597825166e-06,0.00799598439760025
9.669,-1.5328341604153e-05,-3.82988348938732e-06,0.00805060324562193
9.702,-1.48656678681e-05,-2.094337806857e-06,0.00810540518596304
9.735,-1.43776460221366e-05,-3.1297258740178e-07,0.00816039013084475
9.768,-1.3867773635899e-05,1.48296660210349e-06,0.00821555801951675
9.801,-1.33397290512996e-05,3.26217072267355e-06,0.0082709088191366
9.834,-1.27973472101794e-05,4.99379170856547e-06,0.00832644252373424
9.867,-1.22445945375121e-05,6.64792694725584e-06,0.00838215915142672
9.9,-1.16855430825153e-05,8.1960607394303e-06,0.00843805874014842
9.933,-1.11243441137141e-05,9.61146207640726e-06,0.0084941413422336
9.966,-1.05652013555566e-05,1.08695398782947e-05,0.00855040701823186
9.999,-1.00123440441197e-05,1.19481580547362e-05,0.0086068558303553
