0,0,0,0
0.0333333333333333,0.000706160500633495,0.000367358590944659,-0.00237064416515549
0.0666666666666667,0.00141233043463099,0.000734654788711217,-0.00474129593355679
0.1,0.00211851923221718,0.00110182619794986,-0.00711196290608597
0.133333333333333,0.00282473631733789,0.00146881041896839,-0.00948265267889718
0.166666666666667,0.00353099110452001,0.00183554504556365,-0.0118533728410517
0.2,0.00423729299573068,0.00220196766285605,-0.0142241309721514
0.233333333333333,0.00494365137723541,0.00256801584512832,-0.0165949346399711
0.266666666666667,0.00565007561645505,0.00293362715366943,-0.018965791398088
0.3,0.00635657505882109,0.00329873913462481,-0.021336708783509
0.333333333333333,0.00706315902462935,0.00366328931685388,-0.0237076943142952
0.366666666666667,0.00776983680589151,0.00402721520979591,-0.0260787554871823
0.4,0.00847661766318452,0.00439045430134534,-0.0284498997751979
0.433333333333333,0.00918351082249736,0.00475294405573754,-0.0308211346252741
0.466666666666667,0.00989052547207517,0.00511462191144609,-0.0331924674558553
0.5,0.0105976707592603,0.00547542527909262,-0.0355639056545016
0.533333333333333,0.0113049557873301,0.00583529153937033,-0.0379354565754858
0.566666666666667,0.0120123896123313,0.00619415804098213,-0.0403071275373848
0.6,0.0127199812399108,0.00655196209859459,-0.0426789258206651
0.633333333333333,0.013427739622142,0.00690864099080871,-0.0450508586652612
0.666666666666667,0.0141356736543475,0.00726413195814854,-0.0474229332681464
0.7,0.0148437921719172,0.00761837220106879,-0.0497951567808971
0.733333333333333,0.0155521039471217,0.00797129887798251,-0.0521675363072486
0.766666666666667,0.0162606176859206,0.00832284910330981,-0.0545400789006423
0.8,0.0169693420247662,0.00867295994554884,-0.0569127915617648
0.833333333333333,0.0176782855274017,0.00902156842537002,-0.0592856812360779
0.866666666666667,0.0183874566816535,0.00936861151373469,-0.0616587548113385
0.9,0.019096863896218,0.00971402613003915,-0.0640320191151095
0.933333333333333,0.019806515497443,0.0100577491402854,-0.0664054809122605
0.966666666666667,0.0205164197261017,0.0103997173552793,-0.0687791469024568
1,0.0212265847341617,0.010739867528858,-0.0711530237176397
1.03333333333333,0.0219370185815464,0.0110781363561465,-0.0735271179194932
1.06666666666667,0.0226477292328901,0.0114144604718461,-0.0759014359969012
1.1,0.0233587245542863,0.0117487764485541,-0.0782759843633914
1.13333333333333,0.0240700123100282,0.0120810207951177,-0.0806507693545678
1.16666666666667,0.024781600159343,0.0124111299550212,-0.0830257972255308
1.2,0.0254934956531174,0.01273904030481,-0.0854010741482836
1.23333333333333,0.0262057062306166,0.0130646881525499,-0.0877766062091265
1.26666666666667,0.0269182392161949,0.0133880097363253,-0.0901523994060376
1.3,0.027631101815998,0.0137089412227761,-0.0925284596460392
1.33333333333333,0.0283443011146582,0.0140274187056743,-0.094904792742551
1.36666666666667,0.0290578440719803,0.0143433782045425,-0.097281404412729
1.4,0.0297717375196196,0.0146567556633144,-0.0996583002747897
1.43333333333333,0.0304859881577513,0.0149674869490394,-0.10203548584532
1.46666666666667,0.031200602551731,0.0152755078506315,-0.10441296653657
1.5,0.0319155871287463,0.015580754077665,-0.106790747653738
1.53333333333333,0.0326309481744605,0.0158831612592166,-0.109168834392227
1.56666666666667,0.0333466918296456,0.0161826649427565,-0.1115472318349
1.6,0.0340628240868074,0.0164792005930889,-0.113925944949309
1.63333333333333,0.0347793507868011,0.0167727035913437,-0.116304978584915
1.66666666666667,0.0354962776154371,0.0170631092340194,-0.118684337470288
1.7,0.0362136101000784,0.0173503527320809,-0.121064026210289
1.73333333333333,0.0369313536062272,0.01763436921011,-0.123444049283245
1.76666666666667,0.0376495133341033,0.0179150937055133,-0.125824411038092
1.8,0.0383680943152118,0.0181924611677862,-0.128205115691521
1.83333333333333,0.0390871014089019,0.0184664064578355,-0.130586167325088
1.86666666666667,0.0398065392989159,0.0187368643473616,-0.13296756988232
1.9,0.0405264124899279,0.0190037695183017,-0.135349327165799
1.93333333333333,0.0412467253040739,0.0192670565623349,-0.137731442834233
1.96666666666667,0.041967481877471,0.0195266599804507,-0.140113920399504
2,0.0426886861567276,0.0197825141825824,-0.142496763223703
2.03333333333333,0.0434103418954438,0.0200345534873065,-0.144879974516148
2.06666666666667,0.0441324526507014,0.0202827121216092,-0.147263557330388
2.1,0.0448550217795456,0.0205269242207217,-0.149647514561179
2.13333333333333,0.0455780524354556,0.0207671238280257,-0.152031848941459
2.16666666666667,0.0463015475648065,0.0210032448950294,-0.154416563039293
2.2,0.0470255099033214,0.021235221281417,-0.156801659254806
2.23333333333333,0.0477499419725139,0.0214629867551716,-0.159187139817104
2.26666666666667,0.0484748460761218,0.0216864749927737,-0.161573006781168
2.3,0.0492002242965309,0.0219056195794757,-0.163959262024745
2.33333333333333,0.0499260784911897,0.0221203540096556,-0.166345907245209
2.36666666666667,0.0506524102890155,0.0223306116872488,-0.168732943956415
2.4,0.0513792210867911,0.0225363259262611,-0.171120373485535
2.43333333333333,0.052106512045553,0.0227374299513645,-0.173508196969879
2.46666666666667,0.0528342840869713,0.0229338568985749,-0.175896415353696
2.5,0.0535625378897198,0.0231255398160165,-0.178285029384967
2.53333333333333,0.05429127388584,0.023312411664771,-0.180674039612178
2.56666666666667,0.0550204922570949,0.023494405319815,-0.18306344638108
2.6,0.0557501929313167,0.0236714535710467,-0.185453249831433
2.63333333333333,0.0564803755787452,0.0238434891244026,-0.187843449893743
2.66666666666667,0.0572110396083607,0.0240104446030662,-0.190234046285974
2.7,0.0579421841642078,0.0241722525487699,-0.192625038510258
2.73333333333333,0.0586738081217142,0.024328845423192,-0.195016425849583
2.76666666666667,0.0594059100840011,0.0244801556094489,-0.197408207364478
2.8,0.0601384883781893,0.024626115413686,-0.199800381889677
2.83333333333333,0.0608715410516972,0.024766657066766,-0.202192948030778
2.86666666666667,0.0616050658685351,0.0249017127260592,-0.20458590416089
2.9,0.0623390603055931,0.0250312144773344,-0.206979248417267
2.93333333333333,0.063073521548924,0.0251550943367533,-0.209372978697934
2.96666666666667,0.0638084464900227,0.0252732842529699,-0.211767092658307
3,0.0645438317221,0.0253857161093354,-0.2141615877078
3.03333333333333,0.0652796735363542,0.0254923217262109,-0.216556461006422
3.06666666666667,0.0660159679182378,0.0255930328633891,-0.218951709461378
3.1,0.066752710543723,0.025687781222626,-0.221347329723652
3.13333333333333,0.0674898967755633,0.0257764984502844,-0.223743318184587
3.16666666666667,0.0682275216595545,0.0258591161400913,-0.226139670972466
3.2,0.0689655799207932,0.0259355658360086,-0.22853638394908
3.23333333333333,0.0697040659599351,0.0260057790352209,-0.230933452706302
3.26666666666667,0.0704429738494529,0.0260696871912407,-0.23333087256265
3.3,0.0711822973298942,0.0261272217171313,-0.235728638559854
3.33333333333333,0.0719220298061404,0.0261783139888517,-0.238126745459419
3.36666666666667,0.0726621643436667,0.0262228953487216,-0.240525187739193
3.4,0.0734026936648046,0.0262608971090103,-0.242923959589931
3.43333333333333,0.0741436101450066,0.0262922505556498,-0.245323054911865
3.46666666666667,0.0748849058091146,0.0263168869520738,-0.247722467311273
3.5,0.0756265723276317,0.0263347375431836,-0.250122190097059
3.53333333333333,0.0763686010129998,0.0263457335594432,-0.252522216277336
3.56666666666667,0.0771109828158812,0.0263498062211034,-0.25492253855601
3.6,0.0778537083214474,0.0263468867425579,-0.257323149329381
3.63333333333333,0.0785967677456744,0.0263369063368317,-0.259724040682746
3.66666666666667,0.0793401509316458,0.0263197962202036,-0.26212520438702
3.7,0.0800838473458644,0.0262954876169634,-0.264526631895358
3.73333333333333,0.0808278460745732,0.0262639117643063,-0.2669283143398
3.76666666666667,0.0815721358200861,0.0262249999173646,-0.269330242527927
3.8,0.0823167048971305,0.0261786833543788,-0.271732406939529
3.83333333333333,0.0830615412292012,0.0261248933820088,-0.274134797723295
3.86666666666667,0.0838066323449273,0.0260635613407866,-0.276537404693524
3.9,0.0845519653744531,0.0259946186107122,-0.278940217326844
3.93333333333333,0.0852975270458334,0.0259179966169929,-0.281343224758971
3.96666666666667,0.0860433036814449,0.0258336268359282,-0.283746415781473
4,0.0867892811944141,0.0257414408009406,-0.286149778838573
4.03333333333333,0.0875354450850633,0.0256413701087544,-0.288553302023971
4.06666666666667,0.0882817804373748,0.0255333464257224,-0.290956973077694
4.1,0.0890282719154759,0.0254173014943027,-0.293360779382984
4.13333333333333,0.0897749037601441,0.0252931671396859,-0.295764707963208
4.16666666666667,0.0905216597853349,0.0251608752765747,-0.298168745478805
4.2,0.0912685233747327,0.0250203579161151,-0.300572878224273
4.23333333333333,0.0920154774783262,0.0248715471729824,-0.302977092125187
4.26666666666667,0.0927625046090093,0.0247143752726215,-0.305381372735259
4.3,0.0935095868392095,0.0245487745586425,-0.30778570523344
4.33333333333333,0.0942567057975433,0.0243746775003733,-0.310190074421063
4.36666666666667,0.0950038426655016,0.0241920167005696,-0.312594464719035
4.4,0.0957509781741664,0.0240007249032821,-0.314998860165069
4.43333333333333,0.0964980926009577,0.023800735001884,-0.317403244410978
4.46666666666667,0.0972451657664158,0.0235919800472575,-0.319807600720003
4.5,0.0979921770310165,0.0233743932561404,-0.322211911964216
4.53333333333333,0.0987391052920234,0.0231479080196348,-0.324616160621957
4.56666666666667,0.0994859289803774,0.0229124579118762,-0.327020328775348
4.6,0.100232626057625,0.0226679766988664,-0.329424398107854
4.63333333333333,0.100979174012885,0.0224143983474677,-0.331828349901917
4.66666666666667,0.101725549859864,0.0221516570345617,-0.334232165036648
4.7,0.102471730133903,0.0218796871563713,-0.336635823985588
4.73333333333333,0.103217690889082,0.0215984233379469,-0.339039306814546
4.76666666666667,0.103963407695362,0.0213078004428172,-0.341442593179499
4.8,0.104708855635776,0.0210077535828051,-0.343845662324574
4.83333333333333,0.105454009303676,0.0206982181280084,-0.346248493080105
4.86666666666667,0.106198842800023,0.0203791297169459,-0.348651063860776
4.9,0.106943329730733,0.0200504242668689,-0.351053352663834
4.93333333333333,0.107687443204078,0.0197120379842385,-0.353455337067403
4.96666666666667,0.108431155828144,0.0193639073753679,-0.355856994228874
5,0.109174439708341,0.0190059692572307,-0.358258300883395
