0,0,0,0
0.0333333333333333,1.7372265568394e-10,-3.35428685700785e-10,-3.96825395027478e-06
0.0666666666666667,2.77955695279139e-09,-5.36686023982039e-09,-1.58730147223484e-05
0.1,1.40714591744752e-08,-2.71697391531766e-08,-3.57142726074737e-05
0.133333333333333,4.44725401506055e-08,-8.58698234842992e-08,-6.34919898494826e-05
0.166666666666667,1.08574815296224e-07,-2.09643177731392e-07,-9.92060682826389e-05
0.2,2.25138803669225e-07,-4.34716096875802e-07,-0.0001428563040252
0.233333333333333,4.1709292505308e-07,-8.05364895620619e-07,-0.00019444232922948
0.266666666666667,7.11532629503883e-07,-1.37391547799941e-06,-0.00025396354088975
0.3,1.13971917923762e-06,-2.20074258368376e-06,-0.000321419016710096
0.333333333333333,1.73707798817477e-06,-3.35426858847549e-06,-0.000396807418035415
0.366666666666667,2.54319640990735e-06,-4.91096171763272e-06,-0.000480126879850184
0.4,3.60182085031034e-06,-6.95533351185044e-06,-0.000571374887851399
0.433333333333333,4.96085306648918e-06,-9.57993536689994e-06,-0.00067054814260441
0.466666666666667,6.67234549924047e-06,-1.28853539491321e-05,-0.000777642410793086
0.5,8.79249547171016e-06,-1.69802052702714e-05,-0.000892652363579114
0.533333333333333,1.1381638072467e-05,-2.19811271861796e-05,-0.00101557140208916
0.566666666666667,1.4504237526776e-05,-2.80127700655548e-05,-0.00114639147005321
0.6,1.82288768454665e-05,-3.52077853558653e-05,-0.00128510285362265
0.633333333333333,2.26282455264447e-05,-4.37068117552087e-05,-0.00143169396840298
0.666666666666667,2.7779125069625e-05,-5.36584586802436e-05,-0.00158615113374248
0.7,3.37623720518401e-05,-6.5219286701883e-05,-0.00174845833432642
0.733333333333333,4.06628984941704e-05,-7.85537846020785e-05,-0.00191859696913475
0.766666666666667,4.85696492401064e-05,-9.38343426867768e-05,-0.00209654558783096
0.8,5.75755760490513e-05,-0.000111241221972022,-0.00228227961466056
0.833333333333333,6.77776080958938e-05,-0.00013096251884222,-0.00247577105994917
0.866666666666667,7.92766185537613e-05,-0.000153194124761814,-0.00267698821930341
0.9,9.21773869236149e-05,-0.000178139680604041,-0.00288589536063139
0.933333333333333,0.000106588556761098,-0.000206010525143114,-0.00310245239911539
0.966666666666667,0.000122622588438026,-0.000237025637239116,-0.00332661456028525
1,0.000140395706563116,-0.000271411571228082,-0.00355833203135942
1.03333333333333,0.00016002784167409,-0.000309402385013375,-0.00379754960103934
1.06666666666667,0.000181642565801053,-0.000351239560338325,-0.00404420628796375
1.1,0.00020536702148926,-0.000397171914704513,-0.00429823495805124
1.13333333333333,0.000231331843857879,-0.000447455504384853,-0.00455956193098335
1.16666666666667,0.000259671075260375,-0.000502353517965961,-0.00482810657610498
1.2,0.000290522072101508,-0.000562136159840156,-0.00510378089804594
1.23333333333333,0.000324025403355916,-0.00062708052305395,-0.00538648911239545
1.26666666666667,0.000360324740323721,-0.00069747045090698,-0.00567612721179119
1.3,0.000399566737149664,-0.000773596386683275,-0.0059725825228162
1.33333333333333,0.000441900901624046,-0.000855755210885346,-0.00627573325412963
1.36666666666667,0.000487479455776167,-0.000944250065331179,-0.00658544803629276
1.4,0.000536457185764171,-0.00103939016346457,-0.00690158545378777
1.43333333333333,0.000588991280559245,-0.00114149058622076,-0.00722399356976546
1.46666666666667,0.00064524115891701,-0.00125087206278182,-0.00755250944409791
1.5,0.000705368284124849,-0.00136786073554987,-0.00788695864535399
1.53333333333333,0.000769535966010747,-0.00149278790866116,-0.00822715475735947
1.56666666666667,0.000837909149697247,-0.00162598977936028,-0.00857289888104834
1.6,0.00091065419058321,-0.00176780715155143,-0.00892397913235964
1.63333333333333,0.000987938615036481,-0.00191858513084271,-0.00928017013698265
1.66666666666667,0.00106993086628222,-0.00207867280040032,-0.00964123252280397
1.7,0.00115680003497475,-0.00224842287693195,-0.0100069124109624
1.73333333333333,0.00124871557394535,-0.00242819134612281,-0.0103769409064715
1.76666666666667,0.00134584699662458,-0.00261833707685405,-0.0107510335894257
1.8,0.00144836355864534,-0.00281922141354153,-0.011128890007862
1.83333333333333,0.00155643392214273,-0.00303120774594305,-0.01151019317341
1.86666666666667,0.00167022580227776,-0.00325466105579493,-0.0118946090609217
1.9,0.00178990559552553,-0.0034899474396536,-0.012281786113334
1.93333333333333,0.00191563798928366,-0.00373743360733543,-0.0126713547530823
1.96666666666667,0.00204758555237437,-0.00399748635536772,-0.0130629269014457
2,0.00218590830603298,-0.00427047201488704,-0.0134560955072689
2.03333333333333,0.00233076327499801,-0.00455675587344599,-0.0138504340865772
2.06666666666667,0.00248230401834194,-0.00485670157021864,-0.0142454962746627
2.1,0.00264068013970927,-0.00517067046412606,-0.0146408153922914
2.13333333333333,0.0028060367766573,-0.0054990209744385,-0.0150359040277509
2.16666666666667,0.00297851406882821,-0.00584210789344881,-0.0154302536365243
2.2,0.00315824660471529,-0.0062002816708534,-0.0158233341604488
2.23333333333333,0.00334536284682478,-0.00657388766952234,-0.0162145936682878
2.26666666666667,0.00353998453507571,-0.00696326539238915,-0.0166034580197118
2.3,0.00374222606832408,-0.00736874768024362,-0.0169893305547589
2.33333333333333,0.00395219386394548,-0.00779065988026784,-0.0173715918109095
2.36666666666667,0.00416998569546073,-0.00822931898521636,-0.0177495992699828
2.4,0.00439569000824332,-0.00868503274320678,-0.0181226871371283
2.43333333333333,0.00462938521340506,-0.00915809873815575,-0.0184901661542537
2.46666666666667,0.0048711389600175,-0.00964880344096997,-0.0188513234502942
2.5,0.00512100738589153,-0.0101574212316792,-0.0192054224307943
2.53333333333333,0.00537903434720612,-0.0106842133927821,-0.0195517027093318
2.56666666666667,0.00564525062734954,-0.0112294270741614,-0.0198893800833758
2.6,0.00591967312541257,-0.0117932942300205,-0.020217646557224
2.63333333333333,0.00620230402485323,-0.0123760305283866,-0.0205356704147215
2.66666666666667,0.00649312994293682,-0.0129778342338307,-0.0208425963445098
2.7,0.00679212106164286,-0.01359888506416,-0.0211375456206033
2.73333333333333,0.00709923024082263,-0.0142393430219513,-0.0214196163411319
2.76666666666667,0.00741439211448724,-0.0148993472019097,-0.0216878837281243
2.8,0.00773752217120586,-0.015579014575159,-0.0219414004912417
2.83333333333333,0.00806851581969836,-0.016278438751699,-0.0221791972583945
2.86666666666667,0.00840724744081421,-0.0169976887223927,-0.0224002830761988
2.9,0.00875356942720199,-0.0177368075819887,-0.0226036459832413
2.93333333333333,0.00910731121208955,-0.0184958112348203,-0.0227882536591282
2.96666666666667,0.00946827828871479,-0.0192746870849731,-0.0229530541522959
3,0.00983625122207063,-0.0200733927128626,-0.0230969766895496
3.03333333333333,0.0102109846547551,-0.0208918545403193,-0.0232189325702809
3.06666666666667,0.010592206308848,-0.0217299664864393,-0.0233178161482876
3.1,0.0109796159858695,-0.0225875886166221,-0.0233925059040863
3.13333333333333,0.0113728845670153,-0.0234645457873879,-0.0234418656105577
3.16666666666667,0.0117716530159998,-0.0243606262897364,-0.0234647455947101
3.2,0.012175531386986,-0.0252755804939879,-0.0234599840982791
3.23333333333333,0.0125840978402238,-0.0262091194992257,-0.0234264087397971
3.26666666666667,0.0129968976681687,-0.0271609137906402,-0.0233628380806775
3.3,0.0134134423350012,-0.0281305919082637,-0.0232680832977483
3.33333333333333,0.0138332085326201,-0.0291177391307681,-0.0231409499645509
3.36666666666667,0.0142556372563375,-0.0301218961781907,-0.0229802399435862
3.4,0.0146801329036553,-0.0311425579376418,-0.0227847533915377
3.43333333333333,0.0151060623996598,-0.0321791722162415,-0.0225532908793378
3.46666666666667,0.0155327543527251,-0.0332311385257224,-0.0222846556287611
3.5,0.0159594982443716,-0.0342978069033318,-0.0219776558670291
3.53333333333333,0.0163855436572806,-0.0353784767738522,-0.0216311073006961
3.56666666666667,0.016810099545615,-0.0364723958577545,-0.021243835709852
3.6,0.0172323335519528,-0.0375787591306834,-0.0208146796634241
3.63333333333333,0.017651371375283,-0.0386967078396577,-0.020342493356091
3.66666666666667,0.0180662961946607,-0.0398253285815552,-0.0198261495670299
3.7,0.0184761481532602,-0.040963652449622,-0.0192645427404085
3.73333333333333,0.0188799239076994,-0.0421106542539237,-0.0186565921872036
3.76666666666667,0.0192765762476414,-0.0432652518218164,-0.0180012454075754
3.8,0.0196650137908042,-0.0444263053846774,-0.017297481532657
3.83333333333333,0.0200441007586251,-0.0455926170572834,-0.0165443148842262
3.86666666666667,0.0204126568379411,-0.0467629304163639,-0.0157407986503093
3.9,0.0207694571341431,-0.0479359301849915,-0.0148860286743365
3.93333333333333,0.0211132322213564,-0.0491102420295837,-0.0139791473550082
3.96666666666667,0.0214426682952788,-0.0502844324764032,-0.0130193476535553
4,0.02175640743438,-0.0514570089545298,-0.0120058772045754
4.03333333333333,0.0220530479752176,-0.0526264199723586,-0.0109380425261101
4.06666666666667,0.022331145007673,-0.0537910554347359,-0.00981521332408298
4.1,0.0225892109959322,-0.0549492471078896,-0.00863682688565956
4.13333333333333,0.0228257165310546,-0.0560992692393298,-0.00740239255550687
4.16666666666667,0.0230390912209604,-0.0572393393399035,-0.00611149628833
4.2,0.0232277247236487,-0.0583676191351608,-0.00476380527044308
4.23333333333333,0.0233899679294102,-0.0594822156931529,-0.00335907260249357
4.26666666666667,0.0235241342977371,-0.0605811827357088,-0.00189714203480504
4.3,0.0236285013545436,-0.061662522140145,-0.000377952746132037
4.33333333333333,0.0237013123552012,-0.06272418563824,0.00119845584406466
4.36666666666667,0.0237407781187587,-0.0637640767191491,0.00283193924041266
4.4,0.0237450790385559,-0.0647800527427557,0.00452224302479348
4.43333333333333,0.0237123672742519,-0.0657699272697348,0.00626899800990091
4.46666666666667,0.0236407691300752,-0.066731472614356,0.00807171540594346
4.5,0.0235283876238551,-0.0676624226257662,0.00992978201397714
4.53333333333333,0.0233733052511194,-0.0685604757031681,0.0118424554600948
4.56666666666667,0.0231735869482369,-0.0694232980499515,0.0138088594854404
4.6,0.022927283258241,-0.0702485271714288,0.0158279793077559
4.63333333333333,0.0226324337025977,-0.0710337756203875,0.0178986570709081
4.66666666666667,0.0222870703617717,-0.0717766349941845,0.020019587399571
4.7,0.0218892216670005,-0.0724746801865809,0.0221893130769642
4.73333333333333,0.0214369164052033,-0.0731254738969415,0.0244062208642553
4.76666666666667,0.0209281879384345,-0.073726571398806,0.0266685374809255
4.8,0.0203610786387328,-0.0742755255691742,0.0289743257660762
4.83333333333333,0.0197336445386242,-0.0747698921791353,0.0313214810412975
4.86666666666667,0.019043960196899,-0.075207235445713,0.0337077276963469
4.9,0.0182901237786133,-0.0755851338439917,0.0361306160194741
4.93333333333333,0.0174702623475476,-0.0759011861777315,0.0385875192947819
4.96666666666667,0.0165825373686066,-0.0761530179057799,0.0410756311895298
5,0.0156251504168494,-0.0763382877206332,0.0435919634547492
